Date,Open,High,Low,Close,Adj_Close,Volume,sentiment,VWAP,SMA_14,SMA_21,SMA_5,SMA_12,SMA_26,SMA_13,SMA_30,SMA_20,SMA_50,SMA_100,SMA_200,EMA_14,EMA_21,EMA_5,EMA_12,EMA_26,EMA_13,EMA_30,EMA_20,EMA_50,EMA_100,EMA_200,RSI_14,RSI_21,RSI_5,RSI_12,RSI_26,RSI_13,RSI_30,RSI_20,RSI_50,RSI_100,RSI_200,MACD_12_26_9,MACDH_12_26_9,MACDS_12_26_9,BBL_20,BBM_20,BBU_20,MOM,STOCHF_14,STOCHF_3,STOCH_5,STOCH_3,CMO,DPO,UO,lag_1,pct_change,trend
2018-02-01,0.44367,0.455812,0.370398,0.391917,0.391917,41127300.0,30,0.4060423333333333,0.0,0.0,0.0,0.0,0.0,0.0,0.0,0.0,0.0,0.0,0.0,0.0,0.0,0.0,0.0,0.0,0.0,0.0,0.0,0.0,0.0,0.0,0.0,0.0,0.0,0.0,0.0,0.0,0.0,0.0,0.0,0.0,0.0,0.0,0.0,0.0,0.0,0.0,0.0,0.0,0.0,0.0,0.0,0.0,0.0,0.07549600000000001,0.0,0.0,,0
2018-02-02,0.391533,0.391533,0.240074,0.316421,0.316421,63091900.0,15,0.3515384316271218,0.0,0.0,0.0,0.0,0.0,0.0,0.0,0.0,0.0,0.0,0.0,0.0,0.0,0.0,0.0,0.0,0.0,0.0,0.0,0.0,0.0,0.0,0.0,0.0,0.0,0.0,0.0,0.0,0.0,0.0,0.0,0.0,0.0,0.0,0.0,0.0,0.0,0.0,0.0,0.0,0.0,0.0,0.0,0.0,0.0,-0.01847399999999999,0.0,0.391917,-19.26326237443132,-1
2018-02-03,0.318595,0.354304,0.282331,0.334895,0.334895,22302200.0,40,0.3466565569310804,0.0,0.0,0.0,0.0,0.0,0.0,0.0,0.0,0.0,0.0,0.0,0.0,0.0,0.0,0.0,0.0,0.0,0.0,0.0,0.0,0.0,0.0,1.7178436663697267,1.1518246263771201,4.665693489647785,1.998429295584502,0.932385167838414,1.8475441084404567,0.8090729689745868,1.208719741113874,0.4870199199952334,0.24410437847198624,0.12220133864508514,0.0,0.0,0.0,0.0,0.0,0.0,0.0,0.0,0.0,0.0,0.0,0.0,0.06641599999999992,0.0,0.316421,5.838424124821051,1
2018-02-04,0.333039,0.340822,0.259487,0.268479,0.268479,24899100.0,24,0.33727370247555644,0.0,0.0,0.0,0.0,0.0,0.0,0.0,0.0,0.0,0.0,0.0,0.0,0.0,0.0,0.0,0.0,0.0,0.0,0.0,0.0,0.0,0.0,1.611229240400565,1.1039346220206088,3.883922151685301,1.8541180878717212,0.9010210912063904,1.7242104673694294,0.7854645714973436,1.1559754683408887,0.4784748081692601,0.2419597510785557,0.12166416280230265,0.0,0.0,0.0,0.0,0.0,0.0,0.0,0.0,0.0,0.0,0.0,0.0,0.06798899999999998,0.0,0.334895,-19.83188760656325,-1
2018-02-05,0.267844,0.292925,0.195244,0.20049,0.20049,77308096.0,11,0.300865126749556,0.0,0.0,0.30244040000000005,0.0,0.0,0.0,0.0,0.0,0.0,0.0,0.0,0.0,0.0,0.30244040000000005,0.0,0.0,0.0,0.0,0.0,0.0,0.0,0.0,1.5085414644904684,1.0568124021101917,3.2209507345525106,1.7166443779263585,0.8699132793126282,1.6060185151701392,0.7619460815623555,1.1041853491480136,0.469866620464577,0.23978164251937964,0.12111642143673583,0.0,0.0,0.0,0.0,0.0,0.0,0.0,2.0132940345706305,0.0,0.0,0.0,0.0,-0.02731600000000001,0.0,0.268479,-25.323768339423204,-1
2018-02-06,0.201382,0.2313510000000001,0.163092,0.227806,0.227806,90730896.0,8,0.2743243822448575,0.0,0.0,0.26961820000000003,0.0,0.0,0.0,0.0,0.0,0.0,0.0,0.0,0.0,0.0,0.2775622666666667,0.0,0.0,0.0,0.0,0.0,0.0,0.0,0.0,4.138490603757114,2.803103430053153,10.579952096352269,4.789263600723048,2.277572790606997,4.440252848006497,1.9804153495510644,2.938662529636991,1.1983097442001345,0.6028681159914343,0.3023515146315528,0.0,0.0,0.0,0.0,0.0,0.0,0.0,28.328539973122147,0.0,0.0,0.0,0.0,0.013770999999999922,0.0,0.20049,13.624619681779638,1
2018-02-07,0.226248,0.257103,0.200071,0.214035,0.214035,43528600.0,36,0.2682579933070899,0.0,0.0,0.249141,0.0,0.0,0.0,0.0,0.0,0.0,0.0,0.0,0.0,0.0,0.2563865111111111,0.0,0.0,0.0,0.0,0.0,0.0,0.0,0.0,4.079649176735355,2.7772158106885283,10.114667409994476,4.708863726362536,2.260765932880953,4.371882349889028,1.9678286336442317,2.910088058203696,1.193816838450846,0.60175294708245,0.30207380169320275,0.0,0.0,0.0,0.0,0.0,0.0,0.0,26.64215635001987,18.99466345257088,0.0,0.0,0.0,-0.02238200000000007,0.0,0.227806,-6.045055880881101,-1
2018-02-08,0.214133,0.245627,0.214133,0.236417,0.236417,28156600.0,30,0.2656522042070543,0.0,0.0,0.22944539999999997,0.0,0.0,0.0,0.0,0.0,0.0,0.0,0.0,0.0,0.0,0.24973000740740744,0.0,0.0,0.0,0.0,0.0,0.0,0.0,0.0,6.397186632923237,4.282372510758553,17.215341482923293,7.444659235617424,3.4631171808834664,6.881542486187914,3.003179371959572,4.494900111459022,1.8041750967266963,0.9026619022051868,0.4514283569178289,0.0,0.0,0.0,0.0,0.0,0.0,0.0,41.25640015754235,32.07569882689479,0.0,0.0,0.0,-0.025923000000000116,0.0,0.214035,10.457168220150903,1
2018-02-09,0.23672,0.26234,0.218353,0.26234,0.26234,22926300.0,44,0.2646569892608882,0.0,0.0,0.2282176,0.0,0.0,0.0,0.0,0.0,0.0,0.0,0.0,0.0,0.0,0.25393333827160497,0.0,0.0,0.0,0.0,0.0,0.0,0.0,0.0,9.121924435593018,6.047243416261673,25.405378727019144,10.66284936296042,4.8706347057438935,9.833075291271133,4.213911650810121,6.353856591305036,2.5155891070848786,1.2523580619598529,0.6247142340146902,0.0,0.0,0.0,0.0,0.0,0.0,0.0,76.44281500080875,48.113790502790316,34.93664110321275,0.0,0.0,0.01559699999999986,0.0,0.236417,10.964947529154001,1
2018-02-10,0.260845,0.283525,0.232362,0.246743,0.246743,29982000.0,54,0.26395161932157263,0.0,0.0,0.2374682,0.0,0.0,0.0,0.0,0.0,0.0,0.0,0.0,0.0,0.0,0.2515365588477366,0.0,0.0,0.0,0.0,0.0,0.0,0.0,0.0,8.9539020336176,5.977769879414826,23.711682775042966,10.426546694921713,4.826664963275497,9.63519039937606,4.181461629281407,6.276674353197977,2.504453896966718,1.2496782503048185,0.6240573714261449,0.0,0.0,0.0,0.0,0.0,0.0,0.0,69.45853711192113,62.38591742342408,48.425689718682854,0.0,0.0,0.010300999999999784,0.0,0.26234,-5.94533811084853,-1
2018-02-11,0.247007,0.25246,0.223785,0.236442,0.236442,19805800.0,31,0.2628248520177293,0.0,0.0,0.2391954,0.0,0.0,0.0,0.0,0.0,0.0,0.0,0.0,0.0,0.0,0.24650503923182446,0.0,0.0,0.0,0.0,0.0,0.0,0.0,0.0,8.83869724926702,5.930628274526173,22.52172646416017,10.263803033795373,4.7969644745106415,9.499223134577788,4.159601133593702,6.224242635258446,2.497007998133861,1.2478970440949109,0.6236221412200439,0.0,0.0,0.0,0.0,0.0,0.0,-0.155475,43.58209312914899,63.16114841395964,51.47640034988823,44.946243723927935,0.0,-0.009849000000000165,0.0,0.246743,-4.1747891530864,-1
2018-02-12,0.236452,0.25474,0.236231,0.246291,0.246291,15172900.0,42,0.26228414806242645,0.0,0.0,0.2456466,0.2651896666666666,0.0,0.0,0.0,0.0,0.0,0.0,0.0,0.0,0.0,0.2464336928212163,0.2651896666666666,0.0,0.0,0.0,0.0,0.0,0.0,0.0,10.024623879627852,6.667874341902622,26.739952360079602,11.691515907204687,5.375093894584436,10.795383755543657,4.652089819280191,7.0041270036284,2.778896627155974,1.3836343129919255,0.6901748200130547,0.0,0.0,0.0,0.0,0.0,0.0,-0.07013000000000003,46.34251786949501,53.127716036855055,55.41647265378325,51.77285424078477,0.0,0.007516999999999774,0.0,0.236442,4.1655035907326,1
2018-02-13,0.246237,0.247041,0.230715,0.238774,0.238774,14481500.0,35,0.2615963079722281,0.0,0.0,0.246118,0.25242774999999995,0.0,0.26315769230769226,0.0,0.0,0.0,0.0,0.0,0.0,0.0,0.24388046188081086,0.2611257179487179,0.0,0.26315769230769226,0.0,0.0,0.0,0.0,0.0,9.919103737627136,6.626350794996612,25.46993016205146,11.539712084605393,5.349347411872242,10.669781014283812,4.633312564639881,6.957755570850378,2.7726562874111567,1.3821698178154922,0.6898204663492182,0.0,0.0,0.0,0.0,0.0,0.0,-0.096121,31.334008469895,40.419539822846346,53.43199431625378,53.44162243997508,0.0,-0.03634500000000018,0.0,0.246291,-3.0520806688023594,-1
2018-02-14,0.238037,0.276495,0.238037,0.275119,0.275119,25371400.0,55,0.2616755533889304,0.26401207142857136,0.0,0.24867379999999997,0.2489859166666666,0.0,0.2541732307692307,0.0,0.0,0.0,0.0,0.0,0.26401207142857136,0.0,0.25429330792054056,0.2632785305719921,0.0,0.2648664505494505,0.0,0.0,0.0,0.0,0.0,14.577159008032654,9.481621639067573,41.571167744973685,17.172806836260282,7.572271697126472,15.772478924127867,6.518481714614557,9.983336918146787,3.837635840708788,1.8892826146693864,0.9369676235637504,0.0,0.0,0.0,0.0,0.0,0.0,0.006639999999999979,85.92902577837292,54.535184039254325,55.329236471766606,54.725901147267884,0.0,0.003435999999999773,0.0,0.238774,15.221506529186613,1
2018-02-15,0.275097,0.277118,0.259095,0.271683,0.271683,19625000.0,71,0.2619533638500588,0.2554239285714285,0.0,0.2536618,0.24371824999999994,0.0,0.2507318461538461,0.0,0.0,0.0,0.0,0.0,0.26503486190476183,0.0,0.26008987194702704,0.26457152586860866,0.0,0.2658402433281005,0.0,0.0,0.0,0.0,0.0,14.5012055149614,9.452992771315355,40.57669222052027,17.06153445464772,7.554852587567741,15.68128283534308,6.505918200094036,9.951214920724565,3.8335866634582088,1.888355437506516,0.936746131431336,0.0,0.0,0.0,0.0,0.0,0.0,0.07119299999999999,89.80931130819575,69.0241151854879,59.39939131102152,56.05354069968063,-29.99760486212988,-0.003413000000000221,0.0,0.275119,-1.2489141062594689,-1
2018-02-16,0.271496,0.278793,0.252434,0.275096,0.275096,18504800.0,67,0.262179966031092,0.2524721428571428,0.0,0.2613926,0.2442696666666666,0.0,0.24613192307692305,0.0,0.0,0.0,0.0,0.0,0.2663763469841269,0.0,0.2650919146313513,0.26619067573497657,0.0,0.26716249428122896,0.0,0.0,0.0,0.0,0.0,14.972703226397226,9.736601603261676,42.22414374510011,17.635822405431657,7.773693304510112,16.199593563910774,6.690510711753894,10.25239214665869,3.936280819057872,1.9366365301268869,0.960117978141246,0.0,0.0,0.0,0.0,0.0,0.0,0.047290000000000026,92.31041224676576,89.34958311111147,69.14505513454489,61.29122763911101,-12.571145229048849,-0.006795000000000218,0.0,0.271683,1.2562434896552288,1
2018-02-17,0.275118,0.287607,0.270073,0.281891,0.281891,20419900.0,74,0.2628050817731645,0.2486861428571428,0.0,0.2685126,0.2510530833333333,0.0,0.2471636153846153,0.0,0.0,0.0,0.0,0.0,0.2684449673862433,0.0,0.27069160975423423,0.2686061102372879,0.0,0.2692665665267677,0.0,0.0,0.0,0.0,0.0,15.961291294979567,10.322450936261726,45.813226967954165,18.847785410266265,8.222874997293093,17.28968700950209,7.067986341024734,10.875529386251523,4.144151992527565,2.03357771616901,1.006848951106711,0.0,0.0,0.0,0.0,0.0,0.0,0.067856,89.95289320115307,90.69087225203819,77.8671302008765,68.80385888214765,-16.717867844188607,0.024427999999999783,0.0,0.275096,2.4700468200191894,1
2018-02-18,0.282589,0.283844,0.252373,0.257463,0.257463,17434100.0,63,0.2628565140231713,0.2478992857142857,0.0,0.27225040000000006,0.25352449999999993,0.0,0.2515461538461538,0.0,0.0,0.0,0.0,0.0,0.2669807050680776,0.0,0.2662820731694895,0.26689178558539745,0.0,0.2675803427372294,0.0,0.0,0.0,0.0,0.0,15.277127075979392,10.076147421939325,36.130620965463436,17.826209686319082,8.076031705344217,16.460697616047476,6.963341056846337,10.597773540024825,4.111528027104733,2.026304506987519,1.0051354522761229,0.0,0.0,0.0,0.0,0.0,0.0,0.02104599999999998,39.18902562033488,73.81744368941789,79.43813363096447,75.48343965546195,-4.004915255469677,-0.010064000000000295,0.0,0.281891,-8.665760879205086,-1
2018-02-19,0.256535,0.27569,0.255371,0.267527,0.267527,12585100.0,67,0.2629257008259808,0.2526876428571428,0.0,0.27073200000000003,0.25798216666666657,0.0,0.2546016153846153,0.0,0.0,0.0,0.0,0.0,0.2670535443923339,0.0,0.2666970487796597,0.2669895108799517,0.0,0.2675727223461967,0.0,0.0,0.0,0.0,0.0,16.8503799826691,10.992788006266249,42.172849305151246,19.767128607155424,8.773022182485558,18.2008137196215,7.54607787163089,11.574698860255033,4.427694652102355,2.171895006334729,1.0748422320957494,0.0,0.0,0.0,0.0,0.0,0.0,0.005186999999999997,43.009593006754855,57.38383727608093,70.85424707664086,76.05317030282728,30.873135393783674,0.02077899999999977,0.0,0.257463,3.908911183354502,1
2018-02-20,0.26805500000000004,0.270194,0.244952,0.246748,0.246748,20455000.0,74,0.2626337825670878,0.2540406428571428,0.0,0.265745,0.2588430833333333,0.0,0.257118,0.0,0.26482885,0.0,0.0,0.0,0.2643461384733561,0.0,0.26004736585310645,0.2638754322830361,0.0,0.2645977620110257,0.0,0.26482885,0.0,0.0,0.0,16.185502986416218,10.755640877471292,34.16492181653571,18.775212252771002,8.63268002292889,17.39514920001612,7.44656736742682,11.306845075676605,4.397161179689572,2.1651854464415208,1.0732740623696044,0.0,0.0,0.0,0.1780955895570583,0.26482885,0.3515621104429417,5.0000000000050004e-06,4.210526315789455,28.80304831429305,53.7344900781596,68.00895692858832,8.994301994302015,0.02848199999999973,0.0,0.267527,-7.7670665016989044,-1
2018-02-21,0.247516,0.247516,0.216793,0.218266,0.218266,19621600.0,54,0.26156990847609285,0.2543428571428571,0.26261157142857144,0.254379,0.25517024999999993,0.0,0.2557217692307692,0.0,0.2561463,0.0,0.0,0.0,0.25820212001024195,0.26261157142857144,0.24612024390207096,0.25685859654718435,0.0,0.25797893886659345,0.0,0.2603942928571429,0.0,0.0,0.0,15.298954632795025,10.432459772137152,26.03378045991036,17.47320897029321,8.440484806061884,16.32822646147445,7.310029519592001,10.942396975464668,4.3551708062166545,2.1559647425747928,1.0711212861167845,0.0,0.0,0.0,0.1908669886030256,0.2561463,0.3214256113969744,-0.018176000000000025,2.080097155929621,16.433405492824637,35.688427059992364,53.42572140493096,1.8778488400477615,-0.006375000000000297,0.0,0.246748,-11.542950702741262,-1
2018-02-22,0.218098,0.252661,0.209641,0.224641,0.224641,23681500.0,44,0.26042011570541523,0.2535017142857142,0.25464604761904763,0.242929,0.2533284166666666,0.0,0.2528218461538461,0.0,0.2515573,0.0,0.0,0.0,0.25372730400887633,0.2591597012987013,0.238960495934714,0.2519020432322329,0.0,0.25321637617136583,0.0,0.2569892173469388,0.0,0.0,0.0,16.3971266215504,11.05910861170413,30.47789213955103,18.83795555220709,8.91185153942463,17.54722858207576,7.701448572181476,11.611952802656024,4.563237673595629,2.2500705680210618,1.1157373453842312,0.0,0.0,0.0,0.1914171804436454,0.2515573,0.3116974195563545,-0.021650000000000003,20.21481611255608,8.835146528091713,21.74081164227297,37.05457626014165,-5.626266100982308,-0.002465000000000328,0.0,0.218266,2.9207480780332418,1
2018-02-23,0.224579,0.235394,0.216613,0.227106,0.227106,12785300.0,39,0.25978366813654463,0.250985,0.2503929523809524,0.2368576,0.2525504166666666,0.0,0.25131130769230764,0.0,0.24616785,0.0,0.0,0.0,0.2501777968076928,0.2562457284533648,0.2350089972898093,0.2480872673503509,0.0,0.2494863224325993,0.0,0.25414319664723034,0.0,0.0,0.0,16.843785795807428,11.31046278577166,32.36349691024476,19.39631107472369,9.099760557216204,18.04442205846414,7.8569194743417405,11.880927694815938,4.645050534408042,2.2867728965155485,1.1330642901818662,0.0,0.0,0.0,0.19971078026312533,0.24616785,0.2926249197368746,-0.011667999999999984,26.442489666762572,16.245800978416085,19.191504451558508,25.540247717941288,-18.958707747274612,0.011556999999999706,0.0,0.224641,1.0973063688284768,1
2018-02-24,0.226998,0.2331300000000001,0.213508,0.215549,0.215549,11762500.0,31,0.2591234103818695,0.2487568571428571,0.2447098095238095,0.226462,0.2499885833333333,0.0,0.2497041538461538,0.0,0.24352135,0.0,0.0,0.0,0.24556062390000044,0.2525460258666953,0.22852233152653956,0.2430813800656816,0.0,0.2446381335136565,0.0,0.2504675588713036,0.0,0.0,0.0,16.403551024704257,11.155613340939746,28.078837576861783,18.74144687372375,9.009271919699838,17.51127048739345,7.793321184522524,11.705568635275354,4.626085749487941,2.282714277516693,1.132129562306056,0.0,0.0,0.0,0.196390224679141,0.24352135,0.29065247532085897,-0.05957000000000001,9.756742027645199,18.804682602321282,12.54093425573658,17.824416783189356,-17.15784957592157,0.0002479999999996929,0.0,0.227106,-5.088813153329285,-1
2018-02-25,0.215973,0.218646,0.208655,0.215301,0.215301,6867630.0,33,0.2586843256715453,0.2472467857142857,0.2421775238095238,0.22017260000000002,0.2480325,0.0,0.2473203076923077,0.0,0.2442619,0.0,0.0,0.0,0.2415260073800004,0.24916011442426844,0.22411522101769304,0.2388074754401921,0.0,0.24044711444027705,0.0,0.24711836278832236,0.0,0.0,0.0,16.393699773355827,11.152180931893415,27.983437279442057,18.72674870712217,9.007275947279712,17.499321800383466,7.7919226127047345,11.701677092298393,4.625672379361375,2.2826264727610024,1.1321094208123117,0.0,0.0,0.0,0.1995756206697745,0.2442619,0.28894817933022543,-0.05638199999999999,15.102486024633029,17.100572573013597,14.719326197505293,15.48392163493346,-12.308955302090773,-0.005944000000000228,0.0,0.215549,-0.1150550454884991,0
2018-02-26,0.214863,0.223617,0.209016,0.221245,0.221245,6292130.0,37,0.2583228642195333,0.2454577857142857,0.2431658571428571,0.22076839999999995,0.24354300000000004,0.2545648076923077,0.2459719230769231,0.0,0.24393384999999995,0.0,0.0,0.0,0.238821873062667,0.2466223767493349,0.223158480678462,0.236105556141701,0.2545648076923077,0.2377039552345232,0.0,0.2446542329989583,0.0,0.0,0.0,17.663502507947157,11.833327450986367,34.39435468401042,20.348715870120767,9.506276281349992,18.927194641579963,8.199934435804604,12.434298768588677,4.833563771334387,2.3735303823976563,1.174459860468773,-0.018459251550606653,0.0,0.0,0.19864662485450296,0.24393384999999995,0.2892210751454969,-0.05385100000000004,28.609735036131344,17.82298769613652,20.02525377354564,15.761838075595836,-14.921834040322189,0.0009549999999997061,0.0,0.215301,2.7607860623034775,1
2018-02-27,0.220645,0.2263550000000001,0.21708,0.22029,0.22029,10929600.0,44,0.25775985337086843,0.24413750000000006,0.24280795238095235,0.2198982,0.23926025000000006,0.24796376923076924,0.2417543076923077,0.0,0.24424659999999995,0.0,0.0,0.0,0.2363509566543114,0.2442285243175772,0.22220232045230803,0.2336723936583624,0.252025933048433,0.235216247343877,0.0,0.2423338298562004,0.0,0.0,0.0,17.617442087341505,11.818077496052954,33.81400438294743,20.278277037006387,9.497586228816099,18.8706841721664,8.193914938249657,12.416918558902037,4.831837766115789,2.373172132593953,1.1743786332789048,-0.018353539390070617,8.456972842883076e-05,-0.018438109118499448,0.199749255840814,0.24424659999999995,0.2887439441591859,-0.06160099999999999,43.51322038969301,29.07514715015245,24.68493462897302,19.80983820000798,-11.46038713837528,-0.0008350000000001968,0.0,0.221245,-0.4316481728400601,0
2018-02-28,0.220248,0.234316,0.213312,0.221125,0.221125,15923400.0,41,0.25700580733330425,0.2402807857142857,0.24314557142857135,0.218702,0.2347626666666667,0.2442985384615385,0.23786523076923075,0.0,0.2434819999999999,0.0,0.0,0.0,0.2343208291004032,0.2421282039250702,0.221843213634872,0.2317420254032297,0.24973697504484535,0.23320321200903746,0.0,0.240313941298467,0.0,0.0,0.0,17.81820017527507,11.922049249784838,34.9653669161746,20.53881761863383,9.572642214231278,19.098125320357216,8.254764425870372,12.529164176245162,4.862135582258345,2.3861830206049586,1.1803842218560283,-0.01799494964161566,0.0003545275815070304,-0.01834947722312269,0.1979057405659482,0.2434819999999999,0.2890582594340516,-0.03633800000000001,48.59514438252596,40.239366602783434,29.115465572125697,24.60855132488145,-42.928698638850044,-0.018323000000000256,42.18508572926475,0.22029,0.3790458032593369,0
2018-03-01,0.220915,0.24584,0.220598,0.239448,0.239448,20483300.0,38,0.25641777566899354,0.2379782857142857,0.2432899047619047,0.22348179999999998,0.23122575,0.24062750000000002,0.2351230769230769,0.0,0.24233739999999995,0.0,0.0,0.0,0.2350044518870161,0.2418845490227911,0.2277114757565813,0.232927559956579,0.2489748287452272,0.2340953245791749,0.0,0.240231470698613,0.0,0.0,0.0,22.27159173916553,14.246399974468636,55.39694606364992,26.267195602628608,11.249880008512292,24.124855196890604,9.613206064409727,15.038005958422413,5.535266632100911,2.673657729184391,1.3126427575707451,-0.016047268788648206,0.0018417667475795867,-0.01788903553622779,0.19761339238181386,0.24233739999999995,0.28706140761818605,-0.028079000000000017,82.81027295952666,58.30621257724852,43.72617175850199,32.5088573198669,-22.91647412610282,0.00952099999999978,48.2762017929205,0.221125,8.286263425664231,1
2018-03-02,0.238805,0.240513,0.227286,0.229927,0.229927,10685700.0,47,0.2560855817511137,0.23475192857142854,0.2417464285714285,0.226407,0.2289310833333333,0.2391447307692308,0.2311258461538461,0.2509825,0.2414965999999999,0.0,0.0,0.0,0.23432745830208065,0.24079749911162826,0.2284499838377209,0.2324659353478745,0.2475638784678029,0.2334998496392928,0.2509825,0.23925009253684035,0.0,0.0,0.0,21.619352207418395,14.044640263197069,46.32256401815639,25.2428123435487,11.138400758514466,23.31423251224718,9.537380959847312,14.806302824724007,5.5145868783078695,2.66953171431121,1.3117259552445664,-0.01509794311992843,0.002232873933039489,-0.01733081705296792,0.19648994576263085,0.2414965999999999,0.28650325423736894,-0.016821000000000003,56.786334998913745,62.73058411365545,52.06294155335814,41.63485962799527,-30.775153129705476,0.01325799999999977,44.25151890288127,0.239448,-3.9762286592496032,-1
2018-03-03,0.229867,0.234551,0.207741,0.216669,0.216669,17722500.0,56,0.25526272648894066,0.2300932142857143,0.2403143333333333,0.22549180000000005,0.2246929166666667,0.23976699999999995,0.2279878461538461,0.2451409,0.24050794999999994,0.0,0.0,0.0,0.23197299719513656,0.2386039991923893,0.22452298922514727,0.2300356376020477,0.2452753689516694,0.2310954425479653,0.2487687258064516,0.2370995122952365,0.0,0.0,0.0,20.714277709839717,13.760352793034453,36.367908108478886,23.840265400564466,10.981047484644773,22.195811792493945,9.430350232443534,14.480092472717194,5.485478570257031,2.6637502837801126,1.3104450721517835,-0.015239731349621729,0.0016728685626769544,-0.01691259991229868,0.1941843580545743,0.24050794999999994,0.2868315419454256,-0.0015969999999999873,23.433685923515092,54.343431293985155,51.02773173083489,48.938948347565,-42.563660806348466,-0.011058000000000234,44.96710009630387,0.229927,-5.766177960831042,-1
2018-03-04,0.216346,0.227727,0.209579,0.227727,0.227727,8802090.0,44,0.2548901600332473,0.2279692142857143,0.2398993333333333,0.2269792,0.2231078333333333,0.2397639615384615,0.22492630769230765,0.2421844333333333,0.2395797499999999,0.0,0.0,0.0,0.23140686423578505,0.2376151810839903,0.22559099281676484,0.22968046258634806,0.24397548977006425,0.2306142364696845,0.2474111951092612,0.23620689207664256,0.0,0.0,0.0,23.57349679989572,15.259146598223095,47.63164317333909,27.48102498521402,12.057122633072096,25.40983425222025,10.297952568090327,16.098941765743575,5.908006471031826,2.841007194348219,1.3911587002584884,-0.014295027183716225,0.0020940581828659648,-0.01638908536658219,0.19300081875251549,0.2395797499999999,0.28615868124748434,0.003086000000000005,52.45806976561062,44.22603022934646,52.81670160601841,51.969124963403814,-21.26065320597152,0.013494999999999755,50.60348532495596,0.216669,5.103637345443968,1
2018-03-05,0.227786,0.230372,0.214232,0.214232,0.214232,9874860.0,55,0.2544565122249346,0.22416242857142854,0.23837271428571424,0.22560059999999998,0.22277166666666667,0.2397715384615384,0.22242507692307686,0.2381623333333333,0.2383526499999999,0.0,0.0,0.0,0.22911688233768035,0.2354894373490821,0.22180466187784326,0.22730377603460214,0.24177226830561505,0.2282739169740153,0.2452706018764056,0.2341140452122004,0.0,0.0,0.0,22.511982808128614,14.927465529174295,37.826033917864414,25.84743719820708,11.875199570530405,24.10135060696195,10.17503591748688,15.71768858165501,5.875311255360639,2.834644444698758,1.3897646471986256,-0.014468492271012878,0.0015364744764554475,-0.016004966747468326,0.1904111754150548,0.2383526499999999,0.28629412458494496,-0.012873999999999995,17.037192577233053,30.976316088786234,46.50511124495982,50.11651486060438,-37.192504972260046,0.025210999999999817,44.462178203246154,0.227727,-5.92595520074476,-1
2018-03-06,0.213351,0.215692,0.18859,0.189021,0.189021,18815600.0,59,0.25315914970441666,0.2200390714285714,0.2360035238095237,0.2155152,0.21980333333333327,0.2379486153846153,0.2201754615384615,0.2355137333333333,0.2340477499999999,0.0,0.0,0.0,0.2237707646926563,0.23126503395371095,0.21087677458522885,0.2214141181831249,0.2378647669496436,0.22266635740629884,0.2416415953037343,0.22981946947770515,0.0,0.0,0.0,20.6506821802872,14.318344200232582,25.881543590750667,23.071756529537417,11.537475154963362,21.838805652596,9.945864737156633,15.019952484903278,5.814000640052278,2.822716152533969,1.3871548256649666,-0.016450648766518666,-0.0003565456152402717,-0.016094103151278398,0.1845693493966746,0.2340477499999999,0.2835261506033252,-0.026528,0.8300753038152399,23.44177921555295,30.10907171381755,43.143628188265254,-39.07681060334268,0.012422999999999795,39.17410308528151,0.214232,-11.768083199522017,-1
2018-03-07,0.19025,0.199253,0.165035,0.176598,0.176598,18907400.0,37,0.2515211459691717,0.2170627857142857,0.2313120476190476,0.2048494,0.2155943333333333,0.2346508461538461,0.21647984615384608,0.2347173333333333,0.2292934999999999,0.0,0.0,0.0,0.21748106273363546,0.2262953035942827,0.19945051639015252,0.21451933077033644,0.23332648791633664,0.21608516349111329,0.2374452343163966,0.2247507580988761,0.0,0.0,0.0,19.78694586966483,14.022953363766996,21.809280622946968,21.820857258576066,11.371980310178552,20.802489552954874,9.833095367267076,14.682715948241006,5.783665601219286,2.8168169123041804,1.3858660027003575,-0.018807157146000203,-0.002170443195777448,-0.016636713950222756,0.1768569991110803,0.2292934999999999,0.28173000088891953,-0.03870300000000002,16.633580758386582,11.500282879811607,22.078520865712107,32.89756794149649,-31.646261810007,0.011645999999999823,39.71730568506437,0.189021,-6.572285619058194,-1
2018-03-08,0.17658,0.185804,0.162967,0.164952,0.164952,12021900.0,39,0.2503898175330839,0.2127992857142857,0.22622961904761896,0.19450599999999998,0.21137791666666664,0.2315050384615384,0.2116987692307692,0.2326222,0.2237862999999999,0.0,0.0,0.0,0.21047718770248405,0.22071863963116609,0.1879510109267684,0.20689358757490006,0.22826171103364504,0.20878042584952566,0.23276825145727426,0.21905563827993552,0.0,0.0,0.0,18.98919576442679,13.744478391203101,18.52952507498365,20.682056354352227,11.215367274388754,19.851466716493775,9.726267257553426,14.365234479612715,5.754953710847539,2.811254020190701,1.3846539376289198,-0.021368123458744972,-0.003785127606817776,-0.0175829958519272,0.1685434656464794,0.2237862999999999,0.27902913435352045,-0.05629299999999998,2.944885394258567,6.802847152153444,17.980760759860804,23.38945111313015,-43.58802094363186,-0.0032750000000001944,33.11015394060768,0.176598,-6.594638670879638,-1
2018-03-09,0.164652,0.168923,0.150714,0.168227,0.168227,11478600.0,37,0.2492245374567949,0.2085936428571428,0.22114061904761892,0.182606,0.2074550833333333,0.2288813846153845,0.2080586153846153,0.23109526666666666,0.2181030999999999,0.0,0.0,0.0,0.20484382934215284,0.2159466723919692,0.1813763406178456,0.2009448817941462,0.2238146954015232,0.20298707929959345,0.2286042997503533,0.21421481558660832,0.0,0.0,0.0,19.96146153439531,14.246171462622433,22.46428030876588,21.92340418423616,11.571007943364235,20.94597442552182,10.010361712037751,14.908512228999493,5.888962678851083,2.8657381920414493,1.4090232034282535,-0.022869813607376967,-0.004229454204359818,-0.018640359403017157,0.16467215004971875,0.2181030999999999,0.2715340499502811,-0.052063000000000026,21.985236887694867,13.854567680113318,11.88619418427765,17.31515860328352,-42.743685979571595,0.007303999999999811,38.25922701344889,0.164952,1.9854260633396459,1
2018-03-10,0.168647,0.177056,0.160923,0.160923,0.160923,8245420.0,39,0.2484411567471945,0.20469178571428565,0.215380238095238,0.1719442,0.20242824999999995,0.2255979999999999,0.2038756923076922,0.2285788,0.21327609999999994,0.0,0.0,0.0,0.19898771876319912,0.2109445203563356,0.17455856041189705,0.19478766921043145,0.21915605129770666,0.1969779251139372,0.22423776428258865,0.20913940457835992,0.0,0.0,0.0,19.40495860272161,14.055168501436356,19.893005040254547,21.124632303866004,11.464648941462936,20.28078972546355,9.938283725505377,14.690269230490127,5.869975464704533,2.862123979805084,1.4082432096660082,-0.02436838208727524,-0.004582418147406467,-0.01978596393986877,0.15742860278839718,0.21327609999999994,0.2691235972116027,-0.06020199999999998,15.711471574994615,13.547197952315994,11.621049983829966,13.829334975989473,-40.919578114700094,-0.008746000000000198,36.304471986920646,0.168227,-4.341752512973529,-1
2018-03-11,0.16112,0.179255,0.153101,0.169669,0.169669,8714740.0,40,0.2476394080028312,0.20143235714285707,0.21119957142857126,0.1680738,0.19820983333333328,0.22294011538461528,0.19990830769230755,0.22548976666666665,0.20838319999999996,0.0,0.0,0.0,0.19507855626143925,0.20719220032394145,0.1729287069412647,0.19092325856267275,0.21549034379417284,0.19307665009766048,0.22071719884500227,0.20538031842803992,0.0,0.0,0.0,22.188086394573453,15.476745019715366,31.20731960356543,24.68431292396676,12.465162813344918,23.417015790167717,10.733582165923346,16.23204750578201,6.239201760170285,3.0100599939437847,1.4738787614597653,-0.024567085231500085,-0.003824897033305054,-0.02074218819819503,0.15547893970154866,0.20838319999999996,0.26128746029845124,-0.06977899999999998,39.05107233358745,25.582593598758958,19.265249389784405,14.257497852630673,-32.136569150809216,0.005891999999999786,35.27042898891597,0.160923,5.434897435419406,1
2018-03-12,0.16989300000000002,0.176811,0.157579,0.163777,0.163777,6631400.0,41,0.24703026430714345,0.1973274999999999,0.2062590952380951,0.16550959999999998,0.1934308333333333,0.21865773076923065,0.19556115384615366,0.2227242333333333,0.2042346499999999,0.0,0.0,0.0,0.19090501542658067,0.20324536393085588,0.16987813796084314,0.18674691109149236,0.2116597257353452,0.1888909857979947,0.21704363762919568,0.20141809762536944,0.0,0.0,0.0,21.64849014045013,15.298159471324835,28.00921108454865,23.897208801547553,12.367387760419682,22.7671975516745,10.668002871444985,16.027156733800613,6.222430028343153,3.0069440811036654,1.473214737244991,-0.02491281464385289,-0.0033365011565262906,-0.0215763134873266,0.15098600888751434,0.2042346499999999,0.2574832911124855,-0.06614999999999999,37.22713023653462,30.663224715038876,23.383959285414015,18.090086219676124,-40.48695946231558,-0.000460000000000238,36.240123065343774,0.169669,-3.472643794682573,-1
2018-03-13,0.163392,0.170901,0.159276,0.164237,0.164237,5362620.0,41,0.2465367717359207,0.1933237142857142,0.20232999999999984,0.16536659999999995,0.18716325,0.21452519230769215,0.19118515384615373,0.22031739999999994,0.2015331999999999,0.0,0.0,0.0,0.18734928003636991,0.1996991490280508,0.1679977586405621,0.18328384784664736,0.2081469312364308,0.1853689878268526,0.2136367577821508,0.1978770407086676,0.0,0.0,0.0,21.807554247676034,15.378022969879675,28.693816389638386,24.10190003701453,12.423081358281856,22.946972772306644,10.712012795631145,16.113957426857294,6.242500157294799,3.0148605554918517,1.4766974870172365,-0.024863083389783408,-0.0026294159219654445,-0.022233667467817964,0.1458551573899711,0.2015331999999999,0.2572112426100287,-0.052432000000000006,47.38096072317014,41.21972109776405,32.27117435119632,24.973461008798235,-39.62827065968174,0.019208999999999758,40.01434177992105,0.163777,0.2808697191913234,0
2018-03-14,0.163615,0.167048,0.136855,0.145028,0.145028,7881060.0,40,0.24568962182238424,0.1878882142857142,0.19884247619047604,0.16072679999999998,0.1800883333333333,0.2095225769230768,0.18392207692307685,0.2169419666666666,0.19755254999999988,0.0,0.0,0.0,0.18170644269818725,0.19472904457095527,0.1603411724270414,0.177398332793317,0.20347145484854698,0.17960598956587365,0.20921038631233466,0.19284379873641355,0.0,0.0,0.0,19.99168577798461,14.768834036919891,19.433258860845907,21.487384386595174,12.089885909626512,20.772525207226764,10.489032557688494,15.415287289011392,6.18610837655467,3.0045178476930943,1.4745100845711583,-0.02607312205523002,-0.0030715636699296463,-0.023001558385300373,0.13761017986097232,0.19755254999999988,0.2574949201390275,-0.082699,19.27594339622639,34.62801145197702,31.729315652902628,29.128149763170985,-47.61389304284168,-0.004498000000000224,38.41009771201981,0.164237,-11.69590287206902,-1
2018-03-15,0.144808,0.154313,0.134489,0.149526,0.149526,11560000.0,32,0.24442872434100066,0.18146521428571424,0.1952655714285713,0.15844739999999996,0.17449308333333327,0.20443161538461527,0.1777373846153845,0.21396703333333325,0.1936735499999999,0.0,0.0,0.0,0.17741571700509562,0.1906196768826866,0.15673611495136094,0.17311028159434513,0.1994754952301361,0.17530884819932027,0.2053597807437969,0.1887182940948504,0.0,0.0,0.0,21.628921336654027,15.589125103729913,26.13211178749332,23.590033361823306,12.659512759726725,22.62155086723769,10.937617543872195,16.307483937180294,6.388085990940957,3.083150401751177,1.5088433532078525,-0.02636521363579097,-0.0026909242003924807,-0.02367428943539849,0.13177486022056678,0.1936735499999999,0.255572239779433,-0.06470600000000001,33.59022472412097,33.41570961450581,35.3050662827279,33.10185209560895,-61.59209841365518,0.001262999999999792,44.02640756394464,0.145028,3.1014700609537593,1
2018-03-16,0.149341,0.157907,0.145459,0.148263,0.148263,7742360.0,33,0.2436392209924897,0.17563207142857135,0.1915111428571427,0.15416619999999998,0.1678710833333333,0.20023161538461529,0.1724753846153845,0.2097384999999999,0.19030924999999987,0.0,0.0,0.0,0.17352868807108288,0.18676906989335146,0.1539117433009073,0.1692876228875228,0.19568197706494084,0.17144515559941734,0.20167611747000355,0.18486540894295986,0.0,0.0,0.0,21.496580900741282,15.545115163202114,25.419940722203393,23.399409077744274,12.635638872977855,22.463023619098763,10.921736300249496,16.25692704560258,6.384149373633491,3.0824417203692587,1.5086949928204372,-0.026394354177418037,-0.0021760517936156333,-0.0242183023838024,0.12614402006197215,0.19030924999999987,0.25447447993802763,-0.04075799999999999,32.54572090165873,28.470629674002012,34.003995996342155,33.679459310657556,-59.28937548098565,0.011095999999999828,38.7053563211693,0.149526,-0.8446691545282992,0
2018-03-17,0.148256,0.154514,0.135231,0.137167,0.137167,4655430.0,31,0.24312940806561956,0.16995335714285706,0.18777866666666648,0.14884419999999995,0.16144899999999995,0.1952177692307691,0.16550923076923066,0.20525463333333324,0.18640254999999986,0.0,0.0,0.0,0.1686804629949385,0.1822597908121377,0.14833016220060485,0.16434598859713467,0.19134753431938967,0.16654827622807206,0.1975142389235517,0.18032270332934466,0.0,0.0,0.0,20.325912050318767,15.151429912673052,19.74652264004983,21.72831491809184,12.421917336827327,21.066278545060815,10.779644263220945,15.80492718529037,6.349088149907566,3.0761676298301843,1.507386330685522,-0.027001545722254997,-0.0022265946707620762,-0.024774951051492917,0.1192015873644294,0.18640254999999986,0.25360351263557035,-0.039431,7.354718224761107,24.49688795018025,28.02951359398745,32.446191957685826,-58.640172301882345,0.0047499999999998654,38.32987884698822,0.148263,-7.483998030526829,-1
2018-03-18,0.136521,0.136521,0.113737,0.132417,0.132417,10667800.0,29,0.24181225392914285,0.16314549999999992,0.18383180952380931,0.14248019999999995,0.15673199999999998,0.19082042307692296,0.15921576923076913,0.20049866666666652,0.18196114999999985,0.0,0.0,0.0,0.16384533459561335,0.17772862801103426,0.14302577480040324,0.1594338365052678,0.18698230955499046,0.16167237962406175,0.19331441705751606,0.17576025539321655,0.0,0.0,0.0,19.830586626576626,14.981278861636982,17.71542736307588,21.031751378328586,12.329212160236834,20.47922949136384,10.717962343556154,15.609846205277275,6.333899382782693,3.0734628469412053,1.506824012869558,-0.027548473049722636,-0.0022188175985837708,-0.025329655451138862,0.11274481916376188,0.18196114999999985,0.2511774808362378,-0.03253499999999998,35.03967286301141,24.98003732981039,25.56125602195571,29.198255204095112,-73.73054429557199,-0.016464000000000145,39.940110534124244,0.137167,-3.4629320463376745,-1
2018-03-19,0.132717,0.149148,0.130287,0.148881,0.148881,9026640.0,29,0.2408662730491418,0.15847757142857133,0.1803859047619046,0.14325079999999998,0.15442224999999996,0.18815176923076912,0.1561280769230768,0.1960649999999999,0.17839069999999985,0.0,0.0,0.0,0.16185008998286493,0.1751061163736675,0.14497751653360216,0.15781032319676505,0.18415999032869484,0.15984503967776725,0.19044774498928926,0.17320032630814833,0.0,0.0,0.0,26.483759929223424,18.312340003938765,42.37054882044689,29.51627378589305,14.622666516706266,27.971561296535263,12.510998710769709,19.23779895831262,7.119456619481494,3.3708988072514785,1.6346464922884678,-0.026349667131929797,-0.0008160093446327454,-0.02553365778729705,0.11013882826750124,0.17839069999999985,0.2466425717324985,-0.019346,79.56531582522072,40.65323563766439,37.619130507754576,30.403300041232587,-49.4196026830615,-0.012935000000000195,47.07779545486812,0.132417,12.433448877410003,1
2018-03-20,0.14964,0.167699,0.146384,0.16181600000000002,0.16181600000000002,11605300.0,37,0.239868693005921,0.15653435714285704,0.1776014285714284,0.14570879999999994,0.15416091666666665,0.18573542307692295,0.1549909999999999,0.19287676666666656,0.17542524999999987,0.0,0.0,0.0,0.16184554465181628,0.17389792397606135,0.1505903443557348,0.1584265811664935,0.1825048799339767,0.16012660543808618,0.1886005356351416,0.17211610475499134,0.0,0.0,0.0,31.284096520507852,20.864306171677587,55.06435880979989,35.42174282344581,16.406801169312516,33.28953459419787,13.914543595791766,22.003869651854586,7.7395288874729475,3.605621421844257,1.7353386378258482,-0.024078298767483214,0.001164287215851066,-0.02524258598333428,0.10989159792036443,0.17542524999999987,0.2409589020796353,0.0008930000000000049,89.09788369593419,67.90095746138874,48.72066230211721,37.300349610609175,-22.678203749551905,0.001722999999999808,51.2856413347231,0.148881,8.68814690927653,1
2018-03-21,0.161575,0.171167,0.15483,0.160093,0.160093,9552080.0,36,0.23909916854524516,0.15535542857142848,0.1746951428571427,0.14807479999999998,0.1534830833333333,0.18315799999999988,0.15461723076923067,0.1892956333333332,0.17145749999999987,0.0,0.0,0.0,0.1616118720315741,0.17264293088732852,0.15375789623715652,0.15868295329472526,0.18084474067960807,0.16012180466121673,0.1867613397877131,0.17097104715927788,0.0,0.0,0.0,30.99525100544405,20.773742207270093,53.19156332119602,34.998590195365274,16.359511678434462,32.940653139062924,13.883885642500086,21.898966895526453,7.732515023327602,3.6044434757085138,1.7351008645341583,-0.02216178738488281,0.002464638878761177,-0.024626426263643985,0.1130200616451776,0.17145749999999987,0.2298949383548221,-0.009576,80.71739508967438,83.1268648702764,58.35499713972035,48.231596649864066,-15.106030514090087,-0.0014830000000001786,53.83425882299488,0.16181600000000002,-1.064789637613095,-1
2018-03-22,0.159553,0.171216,0.152411,0.161576,0.161576,8015820.0,36,0.238462618735374,0.15511428571428562,0.17098695238095224,0.15295659999999994,0.1535375,0.18108211538461527,0.1541056153846153,0.18645656666666652,0.16803994999999988,0.21780548,0.0,0.0,0.16160708909403088,0.17163684626120773,0.156363930824771,0.15912803740322906,0.17941742655519266,0.16032954685247147,0.18513647915624773,0.17007628076315615,0.21780548,0.0,0.0,31.577834163793245,21.08261767017879,54.78006197261825,35.714662741547755,16.574436296189553,33.58581923737486,14.052309928213408,22.234026922549862,7.805865368448178,3.6318123065622223,1.74674608489286,-0.0202893891519636,0.003469629689344309,-0.02375901884130791,0.11640090702107828,0.16803994999999988,0.2196789929789215,-0.0022010000000000085,83.22865742271091,84.34797873610646,73.5297849793103,60.20181480704931,-3.4067286928091027,-0.005800000000000194,52.60995529640577,0.160093,0.9263365668704893,0
2018-03-23,0.161676,0.167376,0.15243199999999998,0.167376,0.167376,6303730.0,28,0.237973584678214,0.15505349999999993,0.16800833333333318,0.15994839999999996,0.15334641666666665,0.17923884615384605,0.15460199999999993,0.1847602333333332,0.16557529999999987,0.21331466000000007,0.0,0.0,0.16237627721482675,0.17124949660109795,0.16003462054984735,0.1603969547258092,0.1785254690325858,0.16133618301640412,0.1839906417913285,0.16981911116666512,0.21582785333333326,0.0,0.0,33.91574014134873,22.32339747719425,60.992707923977,38.581369842095945,17.43609855052133,36.17220663478693,14.726314132158,23.5803431039148,8.097318466767277,3.7397701849318894,1.792491428715152,-0.018128514306776592,0.004504403627625057,-0.022632917934401645,0.1192799724144584,0.16557529999999987,0.21187062758554132,0.0031390000000000033,90.61789928901268,84.85465060046596,84.64543026451057,72.17673746118041,-0.8374088542947595,0.004425999999999764,57.303613567728135,0.161576,3.5896420260434825,1
2018-03-24,0.168396,0.170835,0.15878599999999998,0.16295,0.16295,6356520.0,32,0.2374983472367861,0.15519828571428565,0.16545028571428558,0.16276219999999994,0.15327749999999998,0.17699673076923067,0.1540851538461538,0.18270386666666652,0.16233644999999988,0.21024524000000008,0.0,0.0,0.16245277358618318,0.17049499691008904,0.16100641369989824,0.16078973092183854,0.17737173058572758,0.16156672829977498,0.18263318103059764,0.1691649101031732,0.21375421202614375,0.0,0.0,32.99399311958926,22.046292445524728,54.17678691853158,37.209628426795994,17.294544959640362,35.05046049649225,14.635809874486373,23.257718649902767,8.07744274720175,3.73654395337816,1.7918516180502446,-0.01658199966388904,0.004840734616410082,-0.021422734280299126,0.12645733177182233,0.16233644999999988,0.19821556822817746,0.017922000000000018,66.71230670103097,80.18628780425148,82.07482843967261,80.08334789449782,2.0527621651729504,0.0004399999999998294,61.21790887179738,0.167376,-2.6443456648503894,-1
2018-03-25,0.162244,0.166219,0.155549,0.16251,0.16251,5347140.0,30,0.23708839329013745,0.15468692857142852,0.16234471428571415,0.16290099999999996,0.15313358333333335,0.17477442307692298,0.15398769230769224,0.18055066666666653,0.15975034999999987,0.20679754000000009,0.0,0.0,0.1624604037746921,0.16976908810008096,0.16150760913326548,0.16105438770309416,0.17627086165345146,0.1617014813998071,0.1813349112866881,0.16853110914096622,0.21174463508394206,0.0,0.0,32.898758589176566,22.017827966025592,53.46404717356105,37.06769211110757,17.280062292054232,34.93447604731865,14.626575673590295,23.224550210332808,8.075432780395918,3.7362203256392514,1.7917877199021126,-0.0152164739503573,0.004965008263953456,-0.02018148221431076,0.13344104970903886,0.15975034999999987,0.1860596502909609,0.012983999999999996,53.70380218027113,70.3446693901049,74.99601213654,80.57209028024106,-7.915832771260187,0.010741999999999807,59.56800129411135,0.16295,-0.27002147898129714,0
2018-03-26,0.162596,0.164443,0.142512,0.151768,0.151768,6004460.0,31,0.2365820405931497,0.1538291428571428,0.15937023809523798,0.16123599999999996,0.15369525000000006,0.17210684615384605,0.1530285384615384,0.1784246333333332,0.1578876999999999,0.2044633200000001,0.0,0.0,0.1610347499380665,0.16813262554552813,0.15826107275551032,0.1596257126718489,0.1744558348643069,0.1602824126284061,0.1794273686230308,0.1669346225561123,0.20939261017868946,0.0,0.0,30.589227713549594,21.313996889706086,38.59056672762242,33.670768353935145,16.92082303127522,32.13840909923225,14.39741505025779,22.40545667424936,8.025701385941996,3.7282580821019016,1.7902213602176482,-0.014830122192457997,0.004281088017482209,-0.019111210209940204,0.1352909641006443,0.1578876999999999,0.1804844358993555,0.0035050000000000077,32.246376811594246,50.88749523096542,65.30180848092398,74.12421635237885,-12.602713849447444,0.007052999999999866,53.98941645697586,0.16251,-6.610054765860562,-1
2018-03-27,0.151746,0.155246,0.139967,0.144715,0.144715,5892840.0,24,0.23605422186030095,0.15243471428571426,0.15726042857142847,0.15786379999999994,0.15329433333333334,0.1684632692307691,0.1530044615384615,0.17607176666666652,0.15629354999999992,0.20334782000000007,0.0,0.0,0.15885878327965766,0.16600375049593466,0.15374571517034022,0.15733175687617984,0.17225281005954346,0.1580584965386338,0.17718786096993205,0.16481846802695874,0.2068562333089369,0.0,0.0,29.149667527002386,20.85542737470654,31.652627069400808,31.61028323824299,16.684325669270283,30.417003622167286,14.245982611234153,21.873612106020808,7.992736677171401,3.7229966286711487,1.789189273891432,-0.01492105318336359,0.00335212562126129,-0.01827317880462488,0.13478209570503946,0.15629354999999992,0.17780500429496038,0.007547999999999998,15.381624983802011,33.7772679918891,51.732401993142204,64.01007420353538,-19.16138277615277,0.0016979999999998665,49.92612393839568,0.151768,-4.6472247114015985,-1
2018-03-28,0.14418699999999998,0.152469,0.141045,0.143017,0.143017,4479340.0,24,0.2356521067282199,0.1522910714285714,0.15566133333333326,0.15299199999999996,0.15285716666666668,0.1651205769230768,0.1525037692307692,0.17346416666666656,0.1551967999999999,0.2016520400000001,0.0,0.0,0.1567465455090366,0.16391404590539516,0.15016947678022682,0.15512948658753678,0.17008719449957727,0.15590971131882894,0.17498328929445253,0.16274213773867696,0.2043527339634884,0.0,0.0,28.800059237952247,20.74286939146929,30.089790469256183,31.113697786501174,16.626228792179788,30.000389313522874,14.208803744349346,21.74314339880219,7.984683117041969,3.7217195178678266,1.7889397369403772,-0.014957707912040484,0.0026523767140675183,-0.017610084626108004,0.13331064251368566,0.1551967999999999,0.1770829574863142,0.010599999999999998,9.880782687572891,19.169594827656354,35.58497867285424,50.873063048973464,-2.383520403930212,0.014972999999999848,49.87172919888758,0.144715,-1.1733407041426336,-1
2018-03-29,0.14291900000000002,0.143878,0.123973,0.12804400000000002,0.12804400000000002,8185460.0,18,0.2348173983743685,0.15075664285714285,0.15390380952380942,0.14601079999999994,0.15209691666666664,0.16171192307692298,0.15094846153846148,0.17038929999999988,0.15318764999999993,0.19993222000000008,0.0,0.0,0.15291953944116507,0.16065313264126832,0.14279431785348454,0.15096248865099265,0.1669728837959049,0.15192889541613913,0.17195494804964914,0.1594375531921363,0.2013602345923712,0.0,0.0,25.868772525850115,19.75779245104767,19.763879213371773,27.05370225388595,16.112460210512626,26.547397653069105,13.87876409929424,20.605193881775087,7.912969242291784,3.7103838454081024,1.7867313506790758,-0.01601039514491223,0.001279751584956617,-0.01729014672986885,0.12907378311565826,0.15318764999999993,0.17730151688434162,-0.02083699999999997,9.636415281920224,11.632940984431679,24.16980038903209,37.1623936850095,-22.64934736309382,0.0015469999999999096,45.18409039729933,0.143017,-10.46938475845528,-1
2018-03-30,0.127878,0.133034,0.121441,0.126497,0.126497,8922080.0,12,0.2338794794907141,0.14920192857142855,0.15191666666666656,0.13880820000000002,0.15160358333333335,0.15781846153846146,0.15012769230769224,0.1672350333333332,0.15146634999999992,0.1977338200000001,0.0,0.0,0.14939653418234305,0.1575480296738803,0.1373618785689897,0.1471985673200707,0.16397467018139342,0.1482957674995478,0.1690221772077363,0.15630035765002806,0.19842442147110176,0.0,0.0,25.580555519899388,19.656751380278894,18.957297475199766,26.6642564757947,16.059216288020476,26.21171397001697,13.844431581543242,20.48886452019652,7.905486586459897,3.7092049172564687,1.7865023533224518,-0.016776102861322726,0.0004112350948369016,-0.017187337956159624,0.12488847665214348,0.15146634999999992,0.17804422334785636,-0.03531900000000002,11.757592670108346,10.424930213200462,15.780558486999535,25.178445849628616,-22.880269105434646,-0.0015440000000001564,40.90656436038567,0.12804400000000002,-1.2081784386617223,-1
2018-03-31,0.12644,0.13278099999999998,0.12644,0.12804100000000002,0.12804100000000002,4803920.0,16,0.23339097566858516,0.14855007142857146,0.15035085714285704,0.13406279999999998,0.14986691666666668,0.15450342307692294,0.14979107692307686,0.1635214666666665,0.14938494999999993,0.19504784000000008,0.0,0.0,0.14654912962469732,0.15486557243080026,0.13425491904599315,0.14425124927082905,0.16131291683462354,0.1454022292853267,0.16637823029110815,0.1536089902547873,0.19566428729576446,0.0,0.0,26.45676254362421,20.08407139977177,22.733917699879967,27.788207807854217,16.345728872854927,27.20112019550614,14.06367625540966,20.956518871225427,7.994057133460751,3.7400362677029206,1.7991267201495655,-0.017061667563794486,0.00010053631389211197,-0.017162203877686598,0.12229412048947405,0.14938494999999993,0.17647577951052584,-0.032052,19.523739091850352,13.639249014626277,13.236030943050757,17.728796606360785,-10.66395568954634,-0.00012100000000014875,41.42821947557953,0.126497,1.2205823062997778,1
2018-04-01,0.128021,0.1304,0.120344,0.128162,0.128162,4290330.0,16,0.232946984228478,0.14824614285714288,0.14837433333333325,0.1307522,0.14706241666666667,0.15216269230769214,0.1481973076923076,0.16012929999999986,0.14760419999999996,0.19267622000000006,0.0,0.0,0.14409751234140433,0.15243797493709116,0.1322239460306621,0.14177598015223994,0.15885729336539214,0.1429393393874229,0.16391266704652052,0.15118546737337898,0.1930171387743619,0.0,0.0,26.529395749885484,20.118952410723647,23.071048578784733,27.8820450834231,16.36895980691587,27.283409516995288,14.081381889980573,20.994755563708548,8.001129688075926,3.742475773813957,1.800120873812389,-0.0170813132131522,6.471253162751435e-05,-0.01714602574477972,0.1198232976267212,0.14760419999999996,0.17538510237327867,-0.033414,24.336186770428,18.53917284412887,15.026943300375953,14.681177576808741,-5.256396002421257,-0.01957800000000021,41.36992471433122,0.12804100000000002,0.09450098015477693,0
2018-04-02,0.128486,0.15063800000000002,0.128486,0.14774,0.14774,15182400.0,11,0.2316360983724413,0.1481646428571429,0.1476106666666666,0.13169679999999995,0.146033,0.1510527692307691,0.14711453846153838,0.15783166666666648,0.14677934999999995,0.1909021800000001,0.0,0.0,0.1445831773625504,0.15201088630644652,0.1373959640204414,0.14269352166727994,0.1580337901531409,0.14362514804636248,0.16286926917255146,0.15085732762353338,0.1912415647047791,0.0,0.0,37.26968794728004,25.621802746331266,58.35321838995735,41.261418649571574,20.097282321539254,39.249131614598774,16.942507558862427,26.994619241345553,9.153656420519704,4.139484729262542,1.9615135342200631,-0.015340268485860925,0.001444605807135034,-0.01678487429299596,0.12012085118906556,0.14677934999999995,0.17343784881093435,-0.019635999999999987,90.43374925727863,44.764558373185636,31.137536614317106,19.800170285914593,-1.3573153468231536,-0.004283000000000203,47.68155287282665,0.128162,15.275978839281535,1
2018-04-03,0.148162,0.163223,0.148162,0.152023,0.152023,15691500.0,22,0.23049986874472225,0.1474651428571429,0.14702904761904753,0.13649259999999994,0.1452369166666667,0.1505554999999999,0.14649376923076912,0.1553081999999998,0.14712909999999996,0.18901682000000009,0.0,0.0,0.14557515371421034,0.152011987551315,0.14227164268029427,0.14412882602615998,0.15758854643809342,0.14482484118259642,0.16216950987109652,0.1509683440403397,0.18970358177517996,0.0,0.0,39.34790667125361,26.77783421471829,62.82864888295529,43.735252936487996,20.898409302422444,41.51640504566407,17.5630787403671,28.246314830638898,9.406902972893684,4.226763958422317,1.9969261768497224,-0.01345972041193344,0.0026601231048500144,-0.016119843516783455,0.1203839438549891,0.14712909999999996,0.1738742561450108,-0.01092700000000002,73.87998787285147,62.883307966852676,43.986251132503355,30.0502436823988,-12.986169126520007,0.014508999999999772,46.4926895632688,0.14774,2.899011777446847,1
2018-04-04,0.151866,0.15195899999999998,0.134961,0.137514,0.137514,7175230.0,22,0.2299044951183525,0.1458523571428572,0.14667123809523802,0.138696,0.14274841666666668,0.14937423076923068,0.14464284615384607,0.15275093333333314,0.14652849999999995,0.18699162000000008,0.0,0.0,0.1445003332189823,0.15069398868301365,0.14068576178686285,0.14311116048367384,0.15610154299823464,0.14378043529936835,0.16057883181489674,0.14968697794125976,0.1876569315094866,0.0,0.0,35.124381206536476,25.378007363721785,43.726912816504964,37.880432352797925,20.186411343372207,36.54122702901367,17.115436949337965,26.622729437676806,9.317158205283231,4.213637755323261,1.9944734709774057,-0.012990382514560805,0.002503568801778119,-0.015493951316338924,0.1194722947461806,0.14652849999999995,0.17358470525381928,-0.02499599999999999,40.04291144849458,68.11888285954153,49.6433148881806,41.589034211667006,-25.600644012834913,-0.006900000000000239,44.94234551730586,0.152023,-9.54395058642442,-1
2018-04-05,0.13761800000000002,0.148057,0.134668,0.144414,0.144414,8183290.0,17,0.2292419488130993,0.14462650000000002,0.14642780952380946,0.14197059999999995,0.14120375000000002,0.14873926923076913,0.1428765384615384,0.15126403333333316,0.14633604999999994,0.18437752000000007,0.0,0.0,0.144488822123118,0.1501230806209215,0.14192850785790856,0.1433115973323394,0.15523579907243948,0.14387094454231572,0.15953593943974212,0.14918478956590167,0.18596113027382044,0.0,0.0,38.488597773761114,27.27215823147776,52.046932755236156,41.88835071034109,21.507092437619168,40.21073943425139,18.14073438127779,28.670051468249216,9.734886781543425,4.356303747000246,2.051972012576589,-0.011924201740100088,0.00285579966099107,-0.01478000140109116,0.11927703639153453,0.14633604999999994,0.17339506360846535,-0.0073539999999999986,56.13470463397003,56.685867985105325,56.965507996604536,50.19835800576283,-18.33272801076758,0.00606199999999979,50.79720697485134,0.137514,5.0176709280509435,1
2018-04-06,0.143875,0.148857,0.137542,0.138352,0.138352,8316210.0,19,0.22857276213174854,0.14255335714285716,0.14595585714285705,0.14400860000000001,0.13919058333333334,0.14753476923076916,0.14098438461538454,0.14998916666666648,0.14639529999999995,0.18171090000000006,0.0,0.0,0.14367057917336895,0.1490529823826559,0.14073633857193904,0.14254858235813336,0.15398514728929585,0.14308252389341347,0.15816923366943614,0.1481530953215301,0.18409410555720004,0.0,0.0,36.69730462983812,26.649559841610504,45.0282336579225,39.464919952045534,21.18723774995232,38.12491796934514,17.939274592045024,27.95064783742324,9.694866704562997,4.350553989120521,2.050909618384096,-0.01143656493116249,0.0026747491759429344,-0.014111314107105425,0.11941574868618644,0.14639529999999995,0.17337485131381344,-0.0063630000000000075,28.401992112157092,41.526536064873866,57.77866906495035,54.795830649911814,-30.917380374110497,-0.0038540000000001906,46.17403609124708,0.144414,-4.197653967066895,-1
2018-04-07,0.138524,0.145262,0.138351,0.142206,0.142206,7011680.0,20,0.2280187128207877,0.14107164285714285,0.14619580952380945,0.14290179999999994,0.13839375,0.14670511538461528,0.1394225384615384,0.1492309666666665,0.14688474999999995,0.17905310000000008,0.0,0.0,0.1434753019502531,0.1484305294387781,0.14122622571462606,0.14249587737995895,0.1531126178604591,0.1429573061943544,0.15713934762624673,0.14758670529090814,0.1824514347510353,0.0,0.0,38.642491339517925,27.74815228516129,50.15624803182685,41.78462587831665,21.953558034749342,40.247061728229426,18.53363254741286,29.137631910652537,9.934970574526618,4.4315499008245025,2.083301252478454,-0.010616740480500124,0.0027956589012842394,-0.013412399381784365,0.12062742807078,0.14688474999999995,0.17314207192921993,-0.0008110000000000063,26.39817895289788,36.97829189967498,44.971555004074204,53.238577355209685,-22.23270170625052,-0.0015610000000002011,47.86807988023778,0.138352,2.785648201688451,1
2018-04-08,0.142585,0.145929,0.14103,0.143767,0.143767,6188610.0,17,0.227544736462104,0.13973285714285716,0.14673628571428562,0.14125059999999995,0.13831475,0.14591780769230758,0.13880707692307687,0.1484156333333332,0.14662904999999996,0.1762906200000001,0.0,0.0,0.1435141950235527,0.14800657221707098,0.14207315047641736,0.14269143470611914,0.15242034987079547,0.14307297673801805,0.1562766155213276,0.1472229238346312,0.18093439809413198,0.0,0.0,39.449927463065826,28.204426713579288,52.3181456239408,42.74729081166482,22.271447373081614,41.127796574703936,18.779843959897555,29.630668024480237,10.033793451983168,4.46464451556352,2.0964804209564494,-0.009728915164676331,0.002946787373686425,-0.012675702538362758,0.12035398382471225,0.14662904999999996,0.17290411617528767,0.015722999999999987,52.62275172054832,35.807640928534404,40.72010777361356,47.823443947546025,-19.84961609743178,0.0057099999999998255,45.93409976102078,0.142206,1.0977033317862928,1
2018-04-09,0.143921,0.147448,0.136769,0.138057,0.138057,9312640.0,21,0.226817842068722,0.1387535,0.14622085714285707,0.14135919999999996,0.1379014166666667,0.1456496923076922,0.138294923076923,0.14765343333333314,0.14544109999999993,0.1739025000000001,0.0,0.0,0.14278656902041234,0.14710206565188272,0.1407344336509449,0.1419784447513316,0.15135639802851433,0.1423564086325869,0.15510115645543548,0.14634997870752348,0.17925293150220525,0.0,0.0,37.51509681528806,27.53800934697687,43.95050997408374,40.11837826141928,21.932113695848575,38.8708177747232,18.567733364447307,28.859456134316968,9.992883825396994,4.458939865862879,2.095443593501508,-0.009377953277182743,0.0026381994089440114,-0.012016152686126757,0.1199195391510162,0.14544109999999993,0.17096266084898368,0.011559999999999987,23.884699415039677,34.301876696161926,37.488465366922576,41.06004271487009,-15.337889991386346,-0.004559000000000203,36.291178861050376,0.143767,-3.9717042158492477,-1
2018-04-10,0.138364,0.143599,0.136985,0.14261600000000002,0.14261600000000002,6488910.0,18,0.2263203000150108,0.13860357142857144,0.14530657142857134,0.14099959999999995,0.13911575000000004,0.14538392307692294,0.13826407692307688,0.1467516666666665,0.14456724999999995,0.1714042800000001,0.0,0.0,0.14276382648435734,0.14669424150171154,0.14136162243396327,0.14207653017420366,0.15070896113751328,0.1423934931136459,0.15429566249056867,0.14599436168775934,0.17781618909035407,0.0,0.0,40.031146440960704,28.9423635463412,51.39813918380905,43.14284133857135,22.906032648424482,41.62526906119543,19.319551179085785,30.378596250873557,10.290756871723804,4.5572820279926045,2.134280606141407,-0.008632430963309623,0.002706977378253705,-0.011339408341563328,0.11997823420774957,0.14456724999999995,0.16915626579225032,0.014575000000000003,48.370284579748706,41.62591190511221,35.935581356078316,38.048051498871466,-2.415447818732046,-0.013345000000000162,40.482148735280816,0.138057,3.3022592117748495,1
2018-04-11,0.142778,0.157114,0.141794,0.155961,0.155961,11438600.0,20,0.22556403094829924,0.13952814285714285,0.14510980952380945,0.14452139999999994,0.14157108333333338,0.1456799999999999,0.14041153846153842,0.14649113333333316,0.14428649999999993,0.1695885400000001,0.0,0.0,0.1445234496197764,0.14753667409246507,0.14622808162264214,0.1442126024550954,0.15109800105325305,0.14433170838312506,0.1544031036202094,0.14694356533654415,0.17695912285151666,0.0,0.0,46.75523226042297,32.928540080060486,66.86406305771646,50.99215106624832,25.722764657405968,48.88570290299696,21.511407367084175,34.66659110380334,11.16850615399367,4.846845148520539,2.2483533903941018,-0.006885398598157649,0.0035632077947245436,-0.010448606392882193,0.12039689814391905,0.14428649999999993,0.16817610185608084,0.02779899999999999,94.33275989186524,55.52924796221786,49.12173491201994,40.84859387834026,13.13498264769753,-0.02271000000000017,52.83827576818617,0.14261600000000002,9.357295114152663,1
2018-04-12,0.15526900000000002,0.178671,0.150396,0.178671,0.178671,25591300.0,18,0.22431661628710756,0.14314435714285714,0.14592385714285708,0.15181439999999996,0.14579025000000004,0.1472763076923076,0.14442492307692306,0.1469722666666665,0.14485124999999993,0.16879664000000008,0.0,0.0,0.14907645633713953,0.15036706735678645,0.1570423877484281,0.14951389438508073,0.15314044541967875,0.14923732147125005,0.15596877435438944,0.1499652257806828,0.17702625528871208,0.0,0.0,55.79298528087325,39.02655453238216,79.91559960157839,60.93470734731035,30.227783633544817,58.37395240834629,25.09008083880016,41.14384904220336,12.651997429364462,5.340456100701943,2.442833524195016,-0.003626551034598025,0.005457644286627334,-0.009084195321225359,0.11827988791796328,0.14485124999999993,0.1714226120820366,0.030930999999999983,100.0,80.90101482387132,63.84209912144036,49.63313846317951,47.63414657094736,-0.01004000000000016,63.33625893569848,0.155961,14.56133264085253,1
2018-04-13,0.179179,0.206899,0.179179,0.188711,0.188711,32895600.0,23,0.2234108134493454,0.14758821428571428,0.14693980952380944,0.16080319999999995,0.15083600000000005,0.14944146153846144,0.1490918461538461,0.14842836666666648,0.14613929999999994,0.16807804000000007,0.0,0.0,0.15436106215885426,0.15385287941526038,0.1675985918322854,0.15554421832583756,0.15577530131451736,0.1548764184039286,0.15808117600894495,0.15365529951585588,0.17748448057150767,0.0,0.0,59.08278458577932,41.490314629608534,83.38702359946589,64.39434112649231,32.11796188619514,61.75405842993425,26.618557440365823,43.73333138095032,13.304871582579274,5.559211686358349,2.5289942305402,-0.00023108298867982596,0.007082489866036427,-0.007313572854716252,0.11396671096032598,0.14613929999999994,0.17831188903967388,0.036688,74.065307286468,89.46602239277773,68.1306102346243,60.364814756028174,54.20471178643621,0.00222899999999987,61.33644003968118,0.178671,5.619266696889813,1
2018-04-14,0.185877,0.195576,0.178044,0.186482,0.186482,20346000.0,23,0.22279283849986664,0.1517625714285714,0.1480603809523809,0.17048819999999992,0.15406450000000005,0.15088765384615374,0.15357799999999994,0.14966023333333314,0.14733789999999994,0.1672655600000001,0.0,0.0,0.15864385387100702,0.15681916310478214,0.1738930612215236,0.16030387704493945,0.15804987158751607,0.15939150148908166,0.1599134872341743,0.1567816519429172,0.17783732447066425,0.0,0.0,58.055103882454155,41.104017312360675,79.71628512226211,63.051353769084216,31.918605147946224,60.57796754640252,26.49453719141271,43.28934690525976,13.282389877377243,5.556332427617245,2.5284959719941917,0.0022540054574233803,0.007654062649711706,-0.005400057192288326,0.111071606117693,0.14733789999999994,0.18360419388230687,0.048967999999999984,70.79697914580771,81.62076214409187,77.5130661807779,69.82859184561417,50.61535929881085,-0.041593000000000165,60.43552746310882,0.188711,-1.1811712088855342,-1
2018-04-15,0.186628,0.232528,0.186628,0.228075,0.228075,61641300.0,23,0.22245077043980466,0.15889921428571424,0.15118252380952374,0.1875799999999999,0.1604021666666667,0.1534360769230768,0.1597576153846153,0.15232063333333315,0.15115324999999993,0.16751608000000012,0.0,0.0,0.16790134002153942,0.16329696645889288,0.19195370748101573,0.1707302036534103,0.16323691813658894,0.16920342984778428,0.16431100418680822,0.16357149461502032,0.1798074293933833,0.0,0.0,68.87790118334786,50.172906270973904,89.78512520329583,74.00903937369657,39.228084746975945,71.48930603480319,32.55375386523236,52.69812194361643,15.984411286916249,6.469295557907947,2.8873015443044547,0.007493285516821352,0.010314674167287742,-0.0028213886504663897,0.0999464968274579,0.15115324999999993,0.202360003172542,0.08366099999999999,95.0922476690105,79.98484470042871,86.85745879863028,77.50037840467749,63.66602307991308,0.017450999999999883,67.10120669416408,0.186482,22.304029343314635,1
2018-04-16,0.228463,0.228807,0.201256,0.210624,0.210624,21535400.0,23,0.22230259372820066,0.16339092857142853,0.1539851904761904,0.19851259999999987,0.1664946666666667,0.15537957692307686,0.16426538461538456,0.1547691999999998,0.15444869999999994,0.1674225400000001,0.0,0.0,0.17359769468533415,0.16759942405353898,0.19817713832067715,0.17686771078365487,0.16674707234869346,0.17512065415524367,0.16729893940056256,0.168052685604066,0.18101592235834865,0.0,0.0,61.71905597493065,46.99237777539476,71.83229224652091,65.21782635360336,37.47504923433342,63.54257387297554,31.43047316478841,49.10876368189077,15.774069538016029,6.442902881905228,2.8828268208560752,0.010120638434961415,0.010353621668342243,-0.00023298323338082896,0.09689644605319213,0.15444869999999994,0.21200095394680774,0.07227199999999998,73.33073588856958,79.73998756779592,82.65705399797112,82.34252632579309,40.62116455434542,0.0005649999999998156,63.77475353501768,0.228075,-7.6514304505097,-1
2018-04-17,0.210706,0.218607,0.209785,0.210059,0.210059,16085900.0,26,0.2221859297045192,0.16753635714285714,0.15709680952380944,0.20479019999999987,0.1719650833333334,0.1572443076923076,0.1698457692307692,0.15735726666666647,0.15780079999999996,0.16719882000000008,0.0,0.0,0.17845920206062293,0.17145938550321727,0.20213775888045146,0.1819740629707849,0.16995536328582728,0.18011184641878028,0.170057652987623,0.17205328697510733,0.18215486657958987,0.0,0.0,61.49733299772974,46.891555571116456,71.2785637010133,64.94723436501576,37.418827746758474,63.297246996913174,31.394231707768675,48.995316511999505,15.767217619371257,6.4420434735178205,2.882681454166053,0.012018699684957612,0.009801346334670752,0.0022173533502868594,0.09544303021239307,0.15780079999999996,0.2201585697876068,0.06785300000000002,58.760370016885716,75.72778452482191,74.40912800134828,81.3078802659832,38.41205125489784,-0.017558000000000133,61.19637644767924,0.210624,-0.26825053175326685,0
2018-04-18,0.21013,0.229439,0.21013,0.227617,0.227617,21440100.0,24,0.22218930705775014,0.17397228571428572,0.16112538095238088,0.21257139999999985,0.17940383333333346,0.15956126923076916,0.17624599999999996,0.1599817999999998,0.16277944999999994,0.16734536000000008,0.0,0.0,0.18501357511920652,0.17656462318474295,0.2106308392536343,0.18899605328297184,0.17422659563502527,0.1868982969303831,0.17377115924648606,0.17734506916795426,0.18393769534117455,0.0,0.0,65.6107602576958,50.35892360171889,77.69148249571427,69.24335334596583,40.30876045889246,67.49692553822166,33.84381504383184,52.57050590826999,16.91124772361298,6.832104231559705,3.035386110121217,0.014769457647946571,0.010041683438127771,0.004727774209818803,0.09478033248103608,0.16277944999999994,0.2307785675189638,0.08385000000000001,90.98634461493285,74.35915017346268,77.79333546704126,78.2865058221202,58.456438103764846,-0.016151000000000137,63.36947166673022,0.210059,8.35860401125399,1
2018-04-19,0.227718,0.243768,0.225594,0.243768,0.243768,23557100.0,25,0.22245955953753307,0.181069,0.16663604761904752,0.22402859999999986,0.18786733333333347,0.16266965384615378,0.18435492307692308,0.16271353333333316,0.16864299999999993,0.16779822000000005,0.0,0.0,0.19284749843664567,0.18267402107703906,0.22167655950242285,0.19742250662405308,0.17937781077317155,0.19502254022604265,0.17828708445639016,0.18367106258053004,0.1862839817983834,0.0,0.0,68.88677354370914,53.29729159900031,82.10257166375544,72.59095926111712,42.83062786254062,70.80609258095299,36.01537598018737,55.57797401212236,17.956746965609078,7.191592399156657,3.176129649710881,0.01804469585088153,0.010653537312850184,0.007391158538031349,0.09392453247091644,0.16864299999999993,0.2433614675290834,0.10571099999999999,100.0,83.24890487727285,83.6339396378797,78.61213436875639,60.808627316571595,-0.033912000000000164,63.0913983967003,0.227617,7.095691446596697,1
2018-04-20,0.243942,0.27768000000000004,0.243653,0.27768000000000004,0.27768000000000004,46027200.0,26,0.22390323540519105,0.19102100000000005,0.173835238095238,0.2339495999999999,0.1990267500000001,0.16709926923076915,0.19477600000000006,0.16663309999999984,0.17612494999999995,0.1685628600000001,0.0,0.0,0.20415849864509286,0.1913109282518537,0.24034437300161526,0.2097698132972757,0.1866594544196033,0.20683074876517946,0.184699530620494,0.19262429471571765,0.1898681393749174,0.0,0.0,74.3778330073352,58.677608055571184,88.05410665975168,78.03019255489238,47.65286914184086,76.26925681789527,40.269335379852365,61.02634817010648,20.109676535468854,7.944846973848239,3.4717875637438764,0.023110358877672404,0.012575360271712844,0.010534998605959559,0.0895048015587196,0.17612494999999995,0.2627450984412803,0.13506400000000002,100.0,96.99544820497759,84.61549010407762,82.01425506966616,72.85581317520578,0.013051999999999842,72.0367862145753,0.243768,13.91158806734274,1
2018-04-21,0.278986,0.282869,0.244869,0.26462800000000003,0.26462800000000003,51438300.0,32,0.22532963156096766,0.19976542857142865,0.18033938095238086,0.2447503999999999,0.2095743333333335,0.1714400384615384,0.20407300000000006,0.1700681666666665,0.18294824999999995,0.16925688000000008,0.0,0.0,0.2122210988257472,0.19797611659259426,0.24843891533441015,0.21820953432846407,0.19243490224037346,0.2150874989415824,0.18985620606433312,0.19948179045707787,0.1927998986151167,0.0,0.0,69.33201259878645,56.0729758496064,76.33096483341308,72.06716195995863,46.09873465989767,70.77932686470885,39.2319928395794,58.14437944891761,19.904624178264967,7.919859808756198,3.4676917775125484,0.02577463208809064,0.012191706785704862,0.013582925302385777,0.09090628602389324,0.18294824999999995,0.2749902139761067,0.10866700000000004,75.0410486563407,91.68034955211357,84.95755265763185,84.4023274665297,61.07785028637572,0.002413999999999805,70.2159506013775,0.27768000000000004,-4.700374531835205,-1
2018-04-22,0.265416,0.27483,0.25624,0.262214,0.262214,37528700.0,31,0.22631580280352898,0.20822592857142866,0.18672280952380946,0.2551813999999999,0.21954083333333352,0.17595923076923073,0.21362353846153853,0.17322943333333318,0.18867194999999995,0.1701677800000001,0.0,0.0,0.21888681898231424,0.20381592417508568,0.2530306102229401,0.224979452124085,0.19760372429664208,0.22181985623564204,0.1945244508343761,0.2054562866040228,0.19552202023805326,0.0,0.0,68.41231306485693,55.59481732949082,74.14023016815,70.980324382755,45.811770778458396,69.77889785117672,39.03979174424943,57.61597761585504,19.86640868945137,7.915209567958563,3.4669315288487765,0.02737572782744291,0.011034242020045708,0.0163414858073972,0.0917412549529446,0.18867194999999995,0.2856026450470553,0.08354299999999999,71.6039538624397,82.21500083959347,87.52626942674264,85.699770729484,58.84424881637844,-0.006897000000000264,64.10911351410661,0.26462800000000003,-0.9122239521139219,0
2018-04-23,0.261427,0.273497,0.261167,0.269111,0.269111,20662800.0,28,0.2268857294771192,0.21758692857142867,0.19250238095238087,0.2634801999999999,0.2289700000000002,0.18080899999999994,0.22335392307692314,0.17676813333333316,0.19452634999999996,0.1709954600000001,0.0,0.0,0.22558337645133897,0.2097518401591688,0.25839074014862673,0.2317689210280719,0.20290055953392785,0.2285757339162646,0.1993364862644164,0.21151864026078251,0.19840786258165907,0.0,0.0,69.64493395799435,56.69999620275826,76.45686473652691,72.27449563295286,46.79444283148715,71.03843093912086,39.90892992023559,58.74081434010855,20.31227024127965,8.070969218172175,3.527662049210348,0.028868361494144068,0.010021500549397495,0.018846860944746573,0.0928864039131546,0.19452634999999996,0.29616629608684525,0.0804,75.97904845045832,74.20801698974624,84.52481019384773,85.66954409274074,64.7256958849444,-0.02905000000000024,67.90460758810822,0.262214,2.63029433973776,1
2018-04-24,0.26926,0.303503,0.26926,0.298161,0.298161,36385500.0,29,0.22837941771011236,0.2286972857142858,0.1994613333333333,0.27435879999999985,0.23892750000000015,0.18735196153846148,0.2342923846153847,0.18128983333333315,0.20255869999999992,0.17267404000000008,0.0,0.0,0.2352603929244938,0.21778903650833525,0.27164749343241784,0.2419830870237532,0.20995688845734065,0.2385164862139411,0.20571226134413145,0.21977029356927946,0.2023197503235548,0.0,0.0,74.1900768854349,60.98472094790411,83.79457383979438,76.96245113437237,50.70453454636459,75.64304174201148,43.419940468235204,63.07478135851756,22.17265893818419,8.727738985215462,3.7838924447804874,0.03202619856641256,0.01054347009733279,0.021482728469079768,0.09468930212489901,0.20255869999999992,0.31042809787510084,0.11167900000000004,91.07435254803673,79.5524516203116,82.7396807034551,84.93025344134847,68.53198923191478,0.052218999999999786,72.20868268254092,0.269111,10.794802144839878,1
2018-04-25,0.295727,0.295727,0.245942,0.245942,0.245942,52750000.0,64,0.22950718233294046,0.2351245000000001,0.20462457142857135,0.26801119999999984,0.24369675000000016,0.191946,0.23946707692307695,0.1844289666666665,0.20763509999999996,0.17381246000000009,0.0,0.0,0.236684607201228,0.22034839682575927,0.2630789956216119,0.2425921505585604,0.2126224522753154,0.23957727389766376,0.20830772835418748,0.22226283703887187,0.2040304267814546,0.0,0.0,57.58409541616541,51.4054964573168,50.10753249185446,57.89840284856601,44.587810031409425,57.840877252827255,39.168977832394106,52.63861252151587,21.262516254362907,8.615983431567622,3.7658233554936937,0.02996969828324497,0.00678957585133216,0.02318012243191281,0.10174937104577113,0.20763509999999996,0.3135208289542287,0.017866999999999994,1.829996247910752,56.29446574880194,63.105679953037246,76.79005695011334,33.847675866401346,-0.028429000000000263,56.8470992296544,0.298161,-17.513692266929613,-1
2018-04-26,0.246589,0.274379,0.235871,0.274371,0.274371,27042700.0,47,0.2300403565787764,0.2419602142857144,0.210813,0.2699597999999998,0.2510208333333335,0.1975740769230769,0.2460563076923077,0.1887508333333332,0.21443604999999996,0.17576792000000008,0.0,0.0,0.2417094595743976,0.2252595425688721,0.2668429970810746,0.24748120431878184,0.21719641877344015,0.2445478061979975,0.21256987491198184,0.227225519225646,0.20678888063316228,0.0,0.0,62.482442359233524,55.400994342843475,60.48560288143854,63.26513397589758,48.125726670328156,62.952723968396676,42.344480109437725,56.7310670256347,23.017278059827643,9.254901175208381,4.016603235504443,0.03028478554534167,0.0056837304907430865,0.024601055054598583,0.10982200740135274,0.21443604999999996,0.31905009259864714,0.063747,56.92571563756796,49.943354811171815,59.48261334928269,68.44265800192497,35.240830755634114,0.01265399999999961,60.01219060747663,0.245942,11.559229411812533,1
2018-04-27,0.275054,0.28047,0.26171700000000003,0.26171700000000003,0.26171700000000003,19520200.0,55,0.230490626423882,0.24717492857142864,0.21668752380952372,0.26986039999999983,0.2538243333333335,0.2027108076923077,0.2518436153846154,0.19270749999999987,0.2204116,0.1777032200000001,0.0,0.0,0.24437713163114455,0.22857385688079285,0.2651343313873831,0.2496713267312769,0.2204942396050372,0.2470005481697121,0.21574065717572494,0.23051042215653686,0.208942924529901,0.0,0.0,59.220883921500686,53.35534441018918,54.437398178744964,59.601621344795674,46.74615323692092,59.49479431057061,41.35162342446649,54.528941571626255,22.786717599990247,9.225902963939255,4.011926437368836,0.029177087126239763,0.0036608256573129397,0.02551626146892682,0.11958488129717328,0.2204116,0.32123831870282665,0.05165800000000001,38.21563756801518,32.32378315116464,52.80495009039779,58.46441446423922,26.62761603944943,-0.01901900000000023,52.7603583470979,0.274371,-4.612003455175639,-1
2018-04-28,0.260948,0.284304,0.25769699999999995,0.280736,0.280736,17853400.0,54,0.23096061961883926,0.2539073571428572,0.22328419047619044,0.2721853999999998,0.2596670000000001,0.2078260384615385,0.2558944615384616,0.1977972333333332,0.22726004999999996,0.1799534000000001,0.0,0.0,0.24922498074699195,0.23331586989162986,0.2703348875915887,0.2544505072341574,0.2249565922268863,0.25181989843118185,0.21993390509987173,0.2352938105225809,0.2117583392542186,0.0,0.0,62.382977079133596,55.918267900684825,61.39906706364611,63.08248985872983,49.02680834647536,62.80203177130417,43.41231032241621,57.15366718376314,23.95450656668611,9.655619228253425,4.1804535236345615,0.029493915007271113,0.0031821228306754337,0.02631179217659568,0.12980264510842693,0.22726004999999996,0.3247174548915729,0.05311899999999997,66.33694109297369,53.82609809951896,50.87652861890086,54.38803068619376,32.39369818946676,-0.061394000000000386,56.11869638947103,0.26171700000000003,7.267009785378842,1
2018-04-29,0.280632,0.353691,0.27824,0.34213000000000005,0.34213000000000005,63487900.0,61,0.23440900208488494,0.26205414285714296,0.2327300476190476,0.2809791999999998,0.2706729166666668,0.21513784615384615,0.26601030769230777,0.20498499999999986,0.23746369999999994,0.18357754000000007,0.0,0.0,0.26161231664739304,0.2432080635378453,0.2942665917277258,0.267939659967364,0.2336361039137836,0.2647213415124416,0.22781752412568645,0.24546868571090655,0.216870953401112,0.0,0.0,70.33796132949789,62.82572096930089,75.75116154700791,71.6306617440048,55.425919973958386,71.02606642363244,49.34873548616018,64.1647734631796,27.561775905649913,11.028803780024116,4.72313401903619,0.03430355605358035,0.0063934111015877355,0.02791014495199261,0.13665551923735705,0.23746369999999994,0.3382718807626428,0.09836200000000006,90.18757426582928,64.9133843089394,50.699172962459365,51.46021722391932,36.70136598394288,-0.01662200000000036,63.0251757433212,0.280736,21.868944488772392,1
2018-04-30,0.34349,0.405159,0.327887,0.358752,0.358752,101784000.0,59,0.2416234220355453,0.27263471428571434,0.2432393333333333,0.30354119999999984,0.2816008333333335,0.22364699999999998,0.2774482307692308,0.21267536666666656,0.2482704999999999,0.1873592000000001,0.0,0.0,0.2745642744277406,0.25371205776167755,0.3157617278184839,0.2819107892031541,0.24290394806831814,0.27815429272495,0.23626490966596475,0.2562575727860583,0.2224349160128331,0.0,0.0,72.05239270501524,64.40761405646506,78.36464687205479,73.43481389544449,56.94556961149272,72.78069339752223,50.792938517406384,65.75765346134186,28.4984277649644,11.397063822894006,4.869733430026757,0.039006841134835935,0.008877356946274659,0.030129484188561283,0.1439936405667433,0.2482704999999999,0.3525473594332565,0.08107199999999998,72.58695241245691,76.37048925708666,64.8505641953686,55.475421925576256,47.793092767539136,-0.006530000000000369,58.793524559882314,0.34213000000000005,4.85838716277438,1
2018-05-01,0.359588,0.381462,0.328014,0.365282,0.365282,49946600.0,56,0.2447263747972965,0.2837220714285715,0.2538424761904761,0.3217233999999999,0.2917270000000001,0.2321419230769231,0.2880378461538462,0.22057936666666653,0.25873654999999995,0.1913893000000001,0.0,0.0,0.2866599711707085,0.2638547797833432,0.3322684852123226,0.2947371293257457,0.2519689889521464,0.2906011080499571,0.24458859291332186,0.2666408515683385,0.2280367624437024,0.0,0.0,72.71616280496187,65.02022517207364,79.41076444424942,74.13486652062424,57.536179168987935,73.46065154907281,51.355976626633385,66.37419842269446,28.86699070367686,11.54233916188771,4.927489241570623,0.04276814037359933,0.010110924948030441,0.03265721542556889,0.15149380076361124,0.25873654999999995,0.3659792992363887,0.10065399999999997,72.95777895322186,78.5774352105027,68.05697685849938,61.20223800544243,49.13659659197028,-0.011544000000000445,59.069868313666994,0.358752,1.8201989117830664,1
2018-05-02,0.365793,0.37789,0.357059,0.376826,0.376826,24063400.0,52,0.2463192925658937,0.2943798571428572,0.2643598571428571,0.34474519999999986,0.2999891666666668,0.241314,0.2982730769230769,0.22821556666666656,0.26864429999999995,0.19564108000000008,0.0,0.0,0.2986821083479474,0.2741248907121302,0.3471209901415484,0.3073661863525541,0.2612176564371726,0.3029189497571061,0.2531200385318172,0.2771346752284967,0.2338716345047337,0.0,0.0,73.89072036111844,66.10082145168197,81.32622420217089,75.37753313461805,58.57929763730088,74.66553406070518,52.351930546473426,67.461696690398,29.52206797535443,11.800549824333133,5.0299300349794285,0.046148529915381487,0.010793051591850079,0.035355478323531406,0.15606577516539016,0.26864429999999995,0.3812228248346097,0.114612,80.78623645413734,75.44365593993872,76.5710966357238,69.82621256319725,48.149486748395404,0.018562999999999552,66.31655221213587,0.365282,3.160298071079337,1
2018-05-03,0.375516,0.381967,0.357572,0.358263,0.358263,33289900.0,55,0.2483775017450276,0.30255807142857144,0.2729118571428571,0.3602505999999998,0.3077920833333335,0.24962388461538465,0.30447176923076924,0.23509023333333326,0.27712190000000003,0.1999057800000001,0.0,0.0,0.3066262272348877,0.2817738097383002,0.3508349934276989,0.31519646537523804,0.26840620040478946,0.3108252426489481,0.25990345540073223,0.2848611823495923,0.2387497272692539,0.0,0.0,68.78871270557485,62.83105994089703,68.94874347874783,69.55611027710526,56.271052818410844,69.22322962844568,50.629484803372215,63.968651004802815,29.082780029410443,11.744869706623373,5.021186596887048,0.04679026497044858,0.00914782931753374,0.037642435652914835,0.16435205976936867,0.27712190000000003,0.3898917402306313,0.08915200000000001,63.050449499286955,72.26482163554873,75.91379831698646,73.51395727040321,36.66198098617032,0.007555999999999562,59.43972274235536,0.376826,-4.926146285022792,-1
2018-05-04,0.35846500000000003,0.3667760000000001,0.345148,0.350707,0.350707,26268100.0,56,0.2497952023874984,0.3077742857142857,0.28062595238095234,0.3619659999999998,0.3151665000000001,0.25758311538461537,0.3110932307692308,0.24219666666666656,0.28533315,0.20392940000000007,0.0,0.0,0.3125036636035694,0.28804046339845474,0.3507923289517993,0.32065962454827834,0.2745025559303606,0.3165226365562412,0.26576174860068497,0.29113221260201205,0.2431402085528126,0.0,0.0,66.77781302483214,61.533088592163416,64.17772603106957,67.26532510717534,55.34915475419363,67.07992600233504,49.938399445499115,62.58367842399844,28.904210408406282,11.722130797647953,5.017618572732634,0.04615706861791774,0.0068117063720023185,0.03934536224591542,0.17650532069290248,0.28533315,0.3941609793070975,0.05254599999999998,29.53204265451911,57.78957620264782,63.78269199472442,72.08919564914491,25.539006025676446,0.0006559999999995457,58.969475922681376,0.358263,-2.109065128132126,-1
2018-05-05,0.350313,0.369179,0.348387,0.350051,0.350051,22650200.0,63,0.2510064742242813,0.3138759285714285,0.2884149523809524,0.3602257999999998,0.3219115000000001,0.2657367307692308,0.31784992307692306,0.2490512333333332,0.29143195,0.20796516000000007,0.0,0.0,0.3175099751230935,0.2936777849076861,0.35054521930119953,0.325181374617774,0.2800987369725561,0.3213124027624925,0.27119976481999564,0.2967435256875347,0.24733278860956506,0.0,0.0,66.59672022726815,61.417690274898035,63.718377330287524,67.05760854164451,55.26752092790402,66.88629915174101,49.877321610168934,62.46040202277687,28.888502847393593,11.720141097995839,5.017307494161783,0.04508263764521786,0.004589820319441954,0.040492817325775914,0.1824436790820994,0.29143195,0.4004202209179006,0.104109,40.844809371119354,44.47576717497515,57.43426338645693,65.71025123272261,31.22790599056105,0.020429999999999504,54.808514080566674,0.350707,-0.187050728956073,0
2018-05-06,0.350109,0.351031,0.30817100000000003,0.329621,0.329621,48422600.0,67,0.2528795294097487,0.3186907142857143,0.29325047619047623,0.3530935999999998,0.3245331666666668,0.2729292307692308,0.3225045384615385,0.2554268666666665,0.29738180000000003,0.21181424000000007,0.0,0.0,0.3191247784400144,0.2969453499160783,0.343570479534133,0.3258643939073472,0.28376705275236674,0.3224993452249935,0.2749688767670927,0.2998747137172933,0.2505597772915429,0.0,0.0,61.070499716976,57.876410315898035,50.271393942011215,60.7303932193134,52.75130829501811,60.98255121836748,47.98849909378729,58.680614873574974,28.398267979236387,11.657898582669747,5.00759050212326,0.04209734115498048,0.0012836190633636613,0.04081372209161682,0.194126297131273,0.29738180000000003,0.4006373028687271,0.05525000000000002,29.066616076752094,33.14782270079686,48.65603081116298,56.62432873078145,23.119188648765462,0.019361999999999543,49.472548119200184,0.350051,-5.836292425960787,-1
2018-05-07,0.329936,0.330963,0.302137,0.310259,0.310259,39018700.0,56,0.25403958687142364,0.3216298571428572,0.29799499999999995,0.3397801999999997,0.3298929166666668,0.2788637692307692,0.32343515384615384,0.2610286333333332,0.3023918,0.21537108000000008,0.0,0.0,0.3179426746480125,0.2981556817418893,0.3324666530227553,0.32346356407544763,0.2857294192151544,0.3207507244785659,0.2772456589111512,0.3008636933632653,0.2529009232801098,0.0,0.0,56.324599994853145,54.74256770688846,40.54122965121695,55.366776367056815,50.48902692029749,55.942882254953744,46.272438180869315,55.347634317814816,27.939929323703442,11.598936111893822,4.998370363040533,0.03773414486029325,-0.002463661785058857,0.040197806645352115,0.20759937466948045,0.3023918,0.3971842253305196,0.04854199999999997,10.174120005010671,26.695181817627386,34.53360752133764,46.87463390631918,13.534279737392627,-0.00212300000000043,48.67628697532834,0.329621,-5.874018949035409,-1
2018-05-08,0.310782,0.325804,0.303653,0.312382,0.312382,19518600.0,62,0.25459891105479965,0.3226456428571429,0.30286752380952386,0.3306039999999998,0.3330605000000001,0.28400650000000005,0.3285459230769231,0.2666491333333332,0.30663005,0.2186411000000001,0.0,0.0,0.3172012513616108,0.29944898340171755,0.3257717686818369,0.3217587080638403,0.2877036844584763,0.31955519241019936,0.2795125196265608,0.3019606749477163,0.2552335145240271,0.0,0.0,56.71973003333154,55.022321378823264,42.01786901896728,55.830158600006506,50.72962350619108,56.36865657887889,46.48924693450545,55.63772979930659,28.069768586521697,11.648423081329064,5.017641948829813,0.03405502360536405,-0.004914226431990444,0.0389692500373545,0.21857397140298188,0.30663005,0.3946861285970181,0.031646000000000014,15.281465350079065,18.17406714394729,24.979810691496066,36.05648300799889,5.1320637601452255,0.004695999999999478,43.209316453456076,0.310259,0.6842670156224306,0
2018-05-09,0.312146,0.316126,0.28548,0.307686,0.307686,20039300.0,53,0.2550593861924753,0.3270559285714286,0.3066803333333333,0.3219997999999998,0.3368912500000001,0.2885824615384616,0.3311086153846154,0.27230343333333323,0.30982595,0.22155850000000007,0.0,0.0,0.3159325511800627,0.3001978030924705,0.3197431791212246,0.3195936760540187,0.2891838559800706,0.3178595934944566,0.28133016352162143,0.3025059440003147,0.25729047473877115,0.0,0.0,55.52913147110424,54.24530615115387,39.419342038642725,54.47491341765892,50.169611616558,55.10018934052596,46.06436981155265,54.81068485102936,27.956119353520346,11.63387327663748,5.015380251845722,0.0304098200739481,-0.006847543970725116,0.03725736404467322,0.2268851355801917,0.30982595,0.3927667644198083,-0.03444400000000003,26.53078292452719,17.328789426538986,24.379558745497686,27.964325652777124,26.894563067889823,0.041030999999999485,44.730105054522184,0.312382,-1.5032876414133867,-1
2018-05-10,0.307811,0.308814,0.266439,0.26665500000000003,0.26665500000000003,24788800.0,63,0.25535629530629617,0.3265047857142857,0.3077701904761905,0.3053205999999998,0.33571783333333344,0.2916660384615385,0.3314884615384616,0.2764380666666665,0.3092747,0.22368974000000008,0.0,0.0,0.309362211022721,0.2971484573567914,0.3020471194141497,0.3114492643534005,0.2875150518333987,0.3105446515666771,0.280383378778291,0.2990915683812371,0.2576577110235252,0.0,0.0,46.409358960860345,48.035977424386644,23.91336449844023,44.29679622481732,45.60195450015876,45.471822507800816,42.55308289468793,48.23294351645818,26.98248950657696,11.507032539930318,4.995607227012934,0.02393421252000177,-0.010658521219737156,0.03459273373973893,0.22529426355611576,0.3092747,0.39325513644388427,-0.09209699999999997,0.25534329487427826,14.022530523160189,16.26166553024867,21.873678322414133,-3.1860599554050384,0.024240999999999516,39.985492721548574,0.307686,-13.335348374641676,-1
2018-05-11,0.267749,0.277121,0.231164,0.242414,0.242414,62630300.0,41,0.25521031162744,0.325126,0.3060908571428572,0.2878791999999998,0.3274081666666668,0.2922175384615385,0.32854061538461543,0.2793198333333332,0.308164,0.2253065000000001,0.22155599,0.0,0.3004357828863582,0.2921725975970831,0.2821694129427665,0.3008284544528773,0.2841742331790729,0.3008117013428661,0.2779337414377561,0.2936937047258812,0.2570599184343673,0.22155599,0.0,42.03899958927228,44.85790841297588,18.698751662910592,39.56542261074589,43.189496594775264,40.922140981564425,40.660925277501306,44.89100382392984,26.42784171061655,11.432655081852523,4.983940565640934,0.016654221273804448,-0.014350809972747588,0.031005031246552038,0.22116400920266216,0.308164,0.3951639907973378,-0.122868,11.272658042665766,12.686261420689087,12.702873923431403,17.781366066392582,-7.606583992402487,-0.0012440000000005225,39.217235437393796,0.26665500000000003,-9.090772721306573,-1
2018-05-12,0.242123,0.251671,0.209314,0.243658,0.243658,46999900.0,44,0.2547847118116123,0.3224775714285714,0.3050922857142857,0.2745589999999997,0.3178170000000001,0.29348807692307693,0.32096584615384616,0.2814860666666666,0.3072362,0.2268321400000001,0.2200734,0.0,0.29286541183484377,0.2877621796337119,0.2693322752951777,0.2920329999216654,0.2811730307213637,0.29264688686531376,0.27572240328048153,0.2889283995138925,0.2565343530055686,0.2219936535643564,0.0,42.33756372660247,45.05334738359929,19.77605130378748,39.92217025788006,43.349210422975986,41.247021044159425,40.80051533786414,45.0959869344868,26.50691899554921,11.462316872565381,4.995383540055139,0.010859969200301687,-0.016116049637000276,0.02697601883730196,0.2178109619832191,0.3072362,0.39666143801678094,-0.133168,29.48235900077259,13.670120112770887,16.56452172258379,15.17635372542128,-15.711549544052332,-0.013393000000000543,45.40373890417402,0.242414,0.5131716815035547,0
2018-05-13,0.2469510000000001,0.259103,0.239062,0.25705100000000003,0.25705100000000003,27244400.0,40,0.2547481896281825,0.31640050000000003,0.3048464285714286,0.2634927999999997,0.30879775000000004,0.2952954615384616,0.3131426923076923,0.2837640666666666,0.30663320000000005,0.2287141600000001,0.21947970000000006,0.0,0.2880901569235313,0.28497025421246536,0.2652385168634518,0.2866511537798708,0.27938621363089233,0.28756176017026897,0.27451779661722464,0.2858924567030456,0.2565546136720169,0.22268785844427014,0.0,45.57162221486743,47.16541167357428,31.502182978466806,43.792012480439844,45.075554918259904,44.768516957317104,42.31028280406979,47.31142111225721,27.36424572479146,11.78357347675198,5.119019449070809,0.007264940148978437,-0.015768862950658817,0.02303380309963726,0.21597142378323392,0.30663320000000005,0.3972949762167661,-0.10121199999999997,44.69254390892412,28.482520317454167,22.446737434352805,17.23804436012266,-45.25695379034104,0.006237999999999522,45.6399328226459,0.243658,5.496638731336545,1
2018-05-14,0.256675,0.258802,0.235031,0.250813,0.250813,21932900.0,40,0.25468573417067464,0.3086905714285714,0.30397509523809524,0.2521181999999998,0.2982966666666667,0.2961876153846154,0.3043373846153846,0.2859084333333333,0.3042658,0.2304802200000001,0.21863888000000006,0.0,0.2831198693337271,0.2818650492840594,0.2604300112423012,0.28113759165989066,0.2772696792878633,0.282311937288802,0.2729884548999844,0.2825515560646603,0.25632945235154564,0.2232447919404232,0.0,44.33085109449573,46.297070699094974,29.122960770606547,42.413493726254615,44.420819282713715,43.46187108347665,41.797246906889384,46.39585285938154,27.213428535186218,11.76349415090329,5.115903030492957,0.0038679123720273827,-0.0153327125820879,0.019200624954115283,0.2102614061304634,0.3042658,0.39827019386953655,-0.09989399999999997,41.70753768844222,38.62748019937965,25.48208838713581,21.497782514690794,-60.77406858963891,-0.0007110000000004613,48.82992835374834,0.25705100000000003,-2.4267557799814155,-1
2018-05-15,0.250558,0.269621,0.246903,0.251524,0.251524,20002500.0,40,0.25469723221134394,0.300565,0.3017542857142857,0.2490919999999997,0.2894017500000001,0.2964859230769231,0.2946987692307693,0.28669006666666663,0.30454489999999995,0.2324753400000001,0.21846933000000004,0.0,0.2789070867558968,0.27910677207641765,0.2574613408282008,0.27658165448144595,0.2753625919332067,0.27791366053325883,0.2716036513580499,0.2795965507251689,0.25614100323972033,0.22380477625843465,0.0,44.51533462993623,46.414868878748315,29.84763389489368,42.6364604501635,44.516209900991925,43.663699554941005,41.880249228192575,46.51971312000406,27.260037004453693,11.780799518739721,5.122519440970708,0.0012190625482392248,-0.014385249924700846,0.015604312472940071,0.2112390670444078,0.30454489999999995,0.3978507329555921,-0.09852700000000003,62.250210155293644,49.55009725088666,37.88106175921969,28.60329586023609,-66.21999208326544,0.002122999999999431,46.40227614376939,0.250813,0.283478129124104,0
2018-05-16,0.25092600000000004,0.25092600000000004,0.237046,0.249401,0.249401,17329900.0,32,0.2546310332642733,0.29146321428571426,0.30191899999999994,0.2504893999999997,0.28095958333333343,0.29539826923076923,0.2863247692307693,0.2879826333333333,0.3032963999999999,0.2345690600000001,0.21895844000000006,0.0,0.27497294185511056,0.2764062473421979,0.2547745605521339,0.2724000153304543,0.2734395110492655,0.2738404233142219,0.2701712222381757,0.2767207839894385,0.2558766893871823,0.2243116321741092,0.0,44.048335416500414,46.09855973960384,28.792804565794267,42.10906375157594,44.28055450780859,43.16816982835812,41.696777128484996,46.185128902337354,27.206976128188487,11.773835622869045,5.121447753350687,-0.001039495718811234,-0.013315046553401044,0.01227555083458981,0.207651653675192,0.3032963999999999,0.3989411463248078,-0.08021999999999999,66.47155388263387,56.80976724212326,48.92084092721331,37.42799702452293,-78.47961716358621,0.005583999999999478,45.405618075758866,0.251524,-0.8440546428969076,0
2018-05-17,0.249656,0.265069,0.240952,0.243817,0.243817,18750000.0,31,0.2545936569606884,0.28328849999999994,0.30046404761904755,0.2505211999999998,0.2721067500000001,0.2945978461538461,0.2781024615384616,0.28910790000000003,0.30240139999999993,0.2365850600000001,0.21911855,0.0,0.2708188162744292,0.2734435884929072,0.2511220403680893,0.2680026283565382,0.2712452509715421,0.2695513628407616,0.26847094983571274,0.27358709027615863,0.2554037603916065,0.22469787708155256,0.0,42.78347895972415,45.248868506132105,25.903415763701247,40.675405380839024,43.649417729984414,41.82369798527305,41.20614206310035,45.2856037727945,27.065637191456684,11.755375660785337,5.118617021625232,-0.003242622615003909,-0.012414538759674977,0.009171916144671066,0.20480336276477454,0.30240139999999993,0.3999994372352253,-0.066442,25.400404741254736,51.37405625972743,48.10445007530974,44.968784253914244,-76.60990173240154,-0.010428000000000548,48.525714308180454,0.249401,-2.238964559083567,-1
2018-05-18,0.24401,0.255114,0.237546,0.254245,0.254245,12092400.0,37,0.2545648621883193,0.2763983571428571,0.300108238095238,0.2499599999999997,0.2658254166666668,0.29429134615384617,0.2707327692307693,0.2899955,0.30107684999999995,0.2391090800000001,0.21952065000000004,0.0,0.2686089741045053,0.27169826226627924,0.2521630269120595,0.26588607014784005,0.2699859731217983,0.2673647395777957,0.26755314662050544,0.27174498644033396,0.25535831880762194,0.2252829686244921,0.0,45.89225889720961,47.15450791666413,39.507272285046334,44.49831455621131,45.16511817614798,45.25287339856469,42.51151031694332,47.298310911428345,27.780286683026727,12.015568688278758,5.216940755424027,-0.004099902973958236,-0.010617455294903442,0.006517552320945206,0.20154097887538047,0.30107684999999995,0.4006127211246194,-0.058137,55.54784619832323,49.139934940737284,50.27551053318956,49.100267178570874,-63.3534743202417,-0.004503000000000479,56.23337978169685,0.243817,4.276978225472372,1
2018-05-19,0.254027,0.271934,0.248056,0.258748,0.258748,14051100.0,31,0.2545945114309077,0.26987671428571425,0.2990611904761904,0.2515469999999997,0.26153283333333344,0.29389276923076924,0.26528100000000004,0.29049483333333337,0.2969077499999999,0.2417541000000001,0.21974396000000007,0.0,0.26729417755723794,0.2705209656966175,0.25435801794137297,0.2647879055097108,0.2691535306683317,0.2661337767809677,0.2669850726449889,0.27050717820792125,0.25549124748183283,0.22594564251311605,0.0,47.21907185329557,47.97367981797202,44.762372940942925,46.12247841125634,45.81863422814804,46.71352352652333,43.07546208865814,48.16290028630824,28.09063361349536,12.12856841570948,5.259547641631617,-0.004365625158620935,-0.008706541983652909,0.004340916825031977,0.19762734613111727,0.2969077499999999,0.3961881538688825,-0.04893800000000004,62.20476954826865,47.717673495948894,54.374956905154846,50.91830583788471,-58.487447712146185,-0.006801000000000501,52.09361677069685,0.254245,1.7711262758362878,1
2018-05-20,0.258594,0.270353,0.254544,0.265549,0.265549,10253500.0,32,0.2546326935049213,0.2653001428571428,0.2954144761904761,0.2543519999999997,0.2576300833333334,0.2926384615384615,0.2618417692307693,0.29009046666666666,0.29224759999999994,0.2445042600000001,0.21977605000000006,0.0,0.2670614872162729,0.2700689688151068,0.2580883452942486,0.2649049969697553,0.2688865283966035,0.2660502372408295,0.2668924227969252,0.2700349707595478,0.255885669149212,0.22672986741384646,0.0,49.233543692498806,49.21917224297793,52.27625630664331,48.58427717551203,46.81282002841247,48.92972176856392,43.933829511098054,49.47731351720039,28.563548048103648,12.300383567521179,5.324146552018553,-0.003981531426848206,-0.006657958601504146,0.0026764271746559398,0.1965032437867236,0.29224759999999994,0.3879919562132763,-0.0011060000000000514,81.6985783077275,66.48373135143981,58.264630535641615,54.305032657995326,-44.969749715745614,0.01301799999999942,50.49684694425483,0.258748,2.6284261134385645,1
2018-05-21,0.26574200000000003,0.265864,0.24625,0.252531,0.252531,12686800.0,41,0.25463400997346863,0.2611767142857142,0.2903563333333333,0.25497799999999976,0.25303383333333346,0.2928918846153846,0.2572378461538462,0.2896872333333333,0.28661004999999995,0.2469916400000001,0.21983393000000007,0.0,0.26512408892076983,0.26847460801373346,0.25623589686283244,0.2630013051282545,0.2676750077746329,0.26411891763499673,0.2659658793906719,0.2683679259253052,0.2557541134963017,0.2272407809304039,0.0,45.659574890448816,46.96460331150954,39.83101006414749,44.379341184802016,45.16546940567122,45.066074191819744,42.66143694355171,47.078089244032604,28.2014384530496,12.254061633380617,5.317172133372687,-0.004673702646378397,-0.00588010385682747,0.0012064012104490724,0.1958229553583981,0.28661004999999995,0.3773971446416018,0.010117000000000015,43.57624752820751,62.49319846140124,53.685569264756346,55.441718901850926,-42.405277153392994,0.027862999999999468,47.57254652248255,0.265549,-4.902296751258706,-1
2018-05-22,0.25205900000000003,0.252768,0.224668,0.224668,0.224668,14902500.0,30,0.25450685619108665,0.2549114285714285,0.2836604285714285,0.2511481999999997,0.24953491666666675,0.29098023076923074,0.2508518461538462,0.2884357,0.27900214999999995,0.2485302000000001,0.2197161900000001,0.0,0.25972994373133385,0.2644921891033941,0.2457132645752216,0.2571038735700615,0.2644893034950304,0.25848307225856865,0.2633015000751447,0.2642060282181333,0.2545350502219369,0.2271898347733662,0.0,39.14337033998221,42.5901354740349,24.71743364833224,36.961764384160645,41.88907598721856,38.12667349355213,40.09330147084003,42.45179068132531,27.441940720980593,12.155107979980926,5.302231590646494,-0.0073854299249689346,-0.006873464908334404,-0.0005119650166345287,0.19478288016533435,0.27900214999999995,0.3632214198346656,-0.01899000000000001,0.0,41.758275278645016,48.605488316505394,53.51856270563445,-54.18658956966531,0.03133199999999947,43.42949278683045,0.252531,-11.03349687761106,-1
2018-05-23,0.224569,0.232491,0.180958,0.193336,0.193336,34940600.0,26,0.25376151844642025,0.2467435714285713,0.2749228095238095,0.2389663999999997,0.2454450833333334,0.2883501923076923,0.24521192307692316,0.2859098666666666,0.2707558,0.2493564600000001,0.21918664000000007,0.0,0.2508774179004893,0.25802344463944915,0.22825417638348106,0.2472934314823597,0.25921868842132445,0.2491763476502017,0.2587875968444902,0.2574565017211682,0.25213508746813545,0.22651946180755694,0.0,33.40038413567119,38.378889554157595,16.347286544509288,30.7090339660762,38.61772695333988,32.134449621737396,37.47215211294617,38.03827034695087,26.619663615395464,12.04464231861006,5.285447657737416,-0.011925256938964734,-0.009130633537864166,-0.00279462340110057,0.18691689827557434,0.2707558,0.35459470172442564,-0.06371500000000005,13.605786141399925,19.06067788986916,40.217076305120735,47.50271129546081,-60.6599119410111,-0.012794000000000584,37.35175329017039,0.224668,-13.945911300229675,-1
2018-05-24,0.193641,0.212586,0.182927,0.20613,0.20613,29143100.0,27,0.2531357701115753,0.24242035714285706,0.2676783809523809,0.2284427999999997,0.2423177500000001,0.28548073076923075,0.24242084615384615,0.2828421666666666,0.26352695,0.2507287800000001,0.2188602000000001,0.0,0.24491109551375745,0.2533058587631356,0.2208794509223207,0.240960595869689,0.2552861929827078,0.24302686941445856,0.25539033253194243,0.2525682634620093,0.25033096639095365,0.22611571008859546,0.0,37.417496158909685,40.87958426566033,28.252471190525746,35.53331587389045,40.58529031472281,36.521651757886296,39.15070175823232,40.68238525202511,27.52417686600157,12.373074460431194,5.408325123971635,-0.014325597113018841,-0.009224778969534615,-0.005100818143484225,0.18388731288518795,0.26352695,0.34316658711481196,-0.044683,28.158174394541103,13.921320178647024,33.40775727437522,40.743440632000436,-37.76369070273845,0.013580999999999456,44.9653261697372,0.193336,6.617494931104395,1
2018-05-25,0.206005,0.207111,0.190557,0.192549,0.192549,11480500.0,25,0.25287572592879864,0.2388585714285713,0.2601470476190476,0.21384279999999967,0.2369425833333334,0.2797276153846154,0.23848938461538466,0.28106239999999993,0.25565185,0.2516914800000001,0.21803450000000008,0.0,0.23792948277858975,0.2477825079664869,0.21143596728154712,0.23351265804358295,0.25063899350250723,0.2358157452123931,0.2513360530137526,0.24685214313229414,0.2480650069246417,0.2254510227601084,0.0,35.01540233973458,39.11437445151539,23.91671984123308,32.899233509419325,39.20016374444805,34.00840775785898,38.03084487197098,38.8352544572404,27.16166914209361,12.323737479704642,5.400850159555493,-0.017126335458924252,-0.009620413852352022,-0.0075059216065722295,0.18104712994817934,0.25565185,0.3302565700518205,-0.05897499999999997,13.651567615951777,18.471842717297612,19.798355136020078,31.14106290517201,-33.32932298663885,-0.006488000000000549,40.989143905452345,0.20613,-6.588560617086314,-1
2018-05-26,0.193121,0.203999,0.191835,0.199037,0.199037,9683570.0,23,0.25266425131920084,0.23567135714285706,0.2529559047619047,0.20314399999999969,0.23262791666666674,0.27358473076923073,0.2340267692307693,0.27855126666666663,0.24912264999999995,0.2529051800000001,0.2173080400000001,0.0,0.23274381840811115,0.2433510981513517,0.20730297818769808,0.2282087106522625,0.24681662361343265,0.23056163875347974,0.24796192056125246,0.2422983199768376,0.2461423399864205,0.2249279728044627,0.0,37.08281348080194,40.40233217044834,30.06902473861548,35.37843752633113,40.21244479330033,36.26486409836244,38.89368160084065,40.1972656400954,27.62614579566789,12.49209893646544,5.463582376090825,-0.01860791296117009,-0.00888159308367829,-0.009726319877491802,0.17905643734135607,0.24912264999999995,0.3191888626586438,-0.05036400000000002,25.176159309288412,22.32863377326045,16.118337492236257,23.10814996754385,-28.81432547446998,-0.0026180000000005643,39.94643214065961,0.192549,3.369531911357626,1
2018-05-27,0.200296,0.205467,0.195286,0.201655,0.201655,11161100.0,19,0.2524337018486532,0.2317144999999999,0.24686228571428565,0.19854139999999967,0.2284721666666668,0.2672913846153846,0.23024538461538466,0.27654919999999994,0.2436924499999999,0.2540941600000001,0.21657363000000007,0.0,0.228598642620363,0.2395605437739561,0.20542031879179876,0.2241235243980683,0.24347131816058576,0.2264321189315541,0.24497437729923616,0.2384275275980912,0.2443977384183256,0.22446712185783968,0.0,37.93645401233083,40.93054866395928,32.704008046438844,36.405566071421475,40.62667265020124,37.19802199304701,39.24639692467698,40.7562123660895,27.815600861781334,12.560529220356324,5.488998576547863,-0.019347793762517468,-0.007697179108020531,-0.011650614654496936,0.1768149731731466,0.2436924499999999,0.3105699268268532,-0.042162000000000005,40.162614247181466,26.330113724140567,24.150860341672548,20.022517656642965,-38.447550700295686,0.01630499999999946,37.91288823887738,0.199037,1.315333329983881,1
2018-05-28,0.201947,0.206992,0.185348,0.18535,0.18535,14885000.0,22,0.2520808398300584,0.22703857142857134,0.24091423809523801,0.19694419999999968,0.22313458333333344,0.25992692307692306,0.22515507692307696,0.2733696666666666,0.2373408499999999,0.2549258200000001,0.21560822000000004,0.0,0.22283215693764796,0.2346323125217783,0.19873021252786585,0.21815836679836548,0.2391660353338757,0.22056324479847486,0.2411276432799306,0.2333725249697015,0.2420821408332932,0.2236925253854072,0.0,34.78698787170672,38.69301386386361,25.51800485048173,32.87953394792945,38.88428723659996,33.87180621888494,37.84070849956674,38.40864114155168,27.360611075904412,12.499046863729427,5.4797772878985676,-0.021007668535510227,-0.007485643104810631,-0.013522025430699594,0.17388997211042395,0.2373408499999999,0.3007917278895758,-0.06889500000000001,8.169526956404393,24.50276683762477,23.063608504673446,21.110935446194087,-42.46735301558883,-0.013468000000000535,34.061687971019175,0.201655,-8.085591728447106,-1
2018-05-29,0.185169,0.204474,0.184134,0.198818,0.198818,15102200.0,16,0.2517463454679452,0.2232738571428571,0.23550642857142845,0.19548179999999965,0.2193846666666668,0.253794423076923,0.22126407692307695,0.2685926,0.2318974499999999,0.2561410400000001,0.21502177000000006,0.0,0.21963026934596155,0.2313764659288893,0.1987594750185772,0.2151829257524631,0.23617729197581086,0.21745678125583565,0.2383979888747738,0.23008161782972994,0.2403855078594385,0.22319996052629024,0.0,39.25042078495436,41.462152333967815,38.83869481604602,38.23282238861066,41.052833186989716,38.74422489836631,39.68462006541528,41.33916206763353,28.348080163536462,12.854915032527071,5.611410766991909,-0.020994366223347743,-0.00597787263411852,-0.015016493589229225,0.17557782862539434,0.2318974499999999,0.2882170713746054,-0.059929999999999976,63.907385646516026,37.41317561670064,30.213450755068425,25.809306533804808,-31.57825362779047,0.002511999999999459,40.91928648183004,0.18535,7.266253034799042,1
2018-05-30,0.1987,0.206502,0.19268,0.196306,0.196306,13196200.0,38,0.2514711911586028,0.21948135714285708,0.2302026190476189,0.19623319999999966,0.2145564166666668,0.24785592307692306,0.21760938461538468,0.2631777333333333,0.22837999999999986,0.2572148400000001,0.21430956,0.0,0.2165203667665,0.2281882417535357,0.1979416500123848,0.21227878332900724,0.2332238629405656,0.21443524107643053,0.2356823766893045,0.2268648923221366,0.238656899708088,0.2226674068525023,0.0,38.72080745530987,41.09941665301554,37.34386266744792,37.62645255250335,40.772618243195424,38.179176425537705,39.459020995352695,40.957512791429636,28.27495447967629,12.845073768947994,5.609946288775877,-0.020945079611558337,-0.004742868817863292,-0.016202210793695045,0.1724143361618743,0.22837999999999986,0.28434566383812543,-0.06924299999999997,53.25050310613355,41.775805236351346,38.133237853104774,30.47009903761555,-31.737350189784497,-0.002169000000000532,42.876615202198025,0.198818,-1.2634670905048773,-1
2018-05-31,0.196075,0.204018,0.193698,0.198475,0.198475,13507600.0,25,0.2511937062299367,0.2162426428571428,0.22695595238095226,0.19612079999999968,0.2095336666666668,0.2420260769230769,0.2133193846153847,0.25761749999999994,0.22618304999999986,0.2580651200000001,0.21382683,0.0,0.2141143178643,0.22548703795775976,0.19811943334158988,0.2101551243553138,0.2306498730931163,0.21215520663694049,0.2332819007738655,0.22416109305336168,0.2370811389352218,0.22218834929106665,0.0,39.476322366083274,41.561880692683026,39.746728903022436,38.538270280138725,41.132907305990294,39.006333652400826,39.764546604068855,41.44760371916215,28.43753618011789,12.903223140789196,5.631318266942634,-0.02049474873780246,-0.003434030355285937,-0.017060718382516528,0.1690985091026332,0.22618304999999986,0.2832675908973665,-0.054055999999999986,62.739522267915,59.965803673521535,45.64591044483009,37.99753301766778,-27.6678057114962,-0.008486000000000549,38.586945302185825,0.196306,1.1049076441881578,1
2018-06-01,0.198376,0.208487,0.197507,0.206961,0.206961,15191000.0,24,0.2509179768922481,0.21286521428571425,0.2252677142857141,0.1971819999999997,0.2046513333333335,0.23730838461538456,0.20933576923076933,0.25195533333333325,0.22434819999999986,0.2586309200000001,0.21371378,0.0,0.21316054214906,0.2238028526888725,0.2010666222277266,0.20966372060834249,0.22889514175288544,0.2114131771173776,0.23158377814329356,0.2225229889530415,0.2358999570161935,0.2218868176219366,0.0,42.45057394868427,43.383868332940565,48.94002586828433,42.12426532636847,42.55272271729446,42.261313760231225,40.96892453391737,43.37835906023428,29.079069036727763,13.132244789102206,5.7152583589968025,-0.019231421144542987,-0.0017365622096211682,-0.01749485893492182,0.16726959734827354,0.22434819999999986,0.2814268026517261,-0.017706999999999973,93.73383156079343,69.90795231161401,56.36015390755249,46.71310073516245,-29.198829181538592,-0.01748300000000058,43.769134373562146,0.198475,4.275601461141187,1
2018-06-02,0.207046,0.225325,0.205721,0.224444,0.224444,19604800.0,27,0.2506737123317105,0.21041492857142852,0.22435276190476172,0.2050007999999997,0.20231075000000015,0.23400780769230764,0.20617384615384626,0.24749469999999996,0.22271784999999986,0.2593455800000001,0.21371181,0.0,0.214665003195852,0.2238611388080659,0.20885908148515106,0.21193760974552053,0.228565427548968,0.21327472324346647,0.2311231472953391,0.2227059423860852,0.2354507037998722,0.22193745489674974,0.0,48.08232888512829,46.9534910730939,62.92510120211398,48.79253588444064,45.37163058793593,48.37396961212996,43.3790578474134,47.14837466862645,30.390410502214976,13.604957823289562,5.888584014982156,-0.01662781780344746,0.000693632905179483,-0.017321450708626947,0.16774854198840444,0.22271784999999986,0.2776871580115953,0.031108000000000025,97.86118326818968,84.77817903229938,74.29848516990954,58.768183174097366,-19.61147509118555,-0.0090090000000006,49.441223495967854,0.206961,8.447485275003498,1
2018-06-03,0.224614,0.2452,0.224614,0.233453,0.233453,31715700.0,40,0.2504780213975157,0.20812235714285712,0.2232290476190475,0.21192779999999967,0.2030428333333335,0.2309720769230769,0.2047063076923078,0.2435862333333333,0.22184984999999985,0.26028500000000016,0.21377528,0.0,0.2171700694364051,0.22473312618915084,0.21705705432343408,0.2152476697846712,0.2289274699527481,0.21615733420868555,0.2312734603730592,0.2237294716826485,0.23537236247438706,0.2221654854928537,0.0,50.74360088142,48.69958274104445,68.29487048999424,51.887109913493255,46.76936332870093,51.238699257423754,44.583811062423656,48.98617576697213,31.06040447891037,13.848953168145995,5.978095172607645,-0.013679800168076931,0.0029133204324400114,-0.016593120600516945,0.1682164836718017,0.22184984999999985,0.275483216328198,0.027323000000000014,77.63328255902519,89.74276579600277,77.04366455241137,69.2341012099578,-18.120434041303888,0.011807999999999486,47.486283693082534,0.224444,4.013918839443242,1
2018-06-04,0.23259,0.2354050000000001,0.218602,0.221645,0.221645,20298500.0,41,0.2502848329512314,0.20591621428571427,0.2218400952380951,0.21699559999999968,0.20540191666666685,0.2276628076923076,0.20447376923076935,0.2393060333333333,0.22035589999999985,0.2601564000000002,0.21383624,0.0,0.2177667268448844,0.22445238744468254,0.218586369548956,0.2162318744331833,0.2283880277340261,0.2169412864645876,0.2306522693812489,0.22353095057001526,0.234834034534215,0.22215517884943084,0.0,47.336147289571954,46.59367035557321,55.62370485425507,47.78661968293978,45.19541506199997,47.51694366842246,43.33499088087634,46.74899294667301,30.665805343242386,13.797369745640225,5.9706148600840985,-0.012156153300842716,0.003549573839739383,-0.015705727140582097,0.16857009728027486,0.22035589999999985,0.2721417027197249,0.02909599999999998,54.26391208108417,76.58612596943301,77.2463463474015,76.19616535657413,-17.557243229723266,-0.005052000000000556,50.085665911764686,0.233453,-5.0579774087289415,-1
2018-06-05,0.221651,0.228564,0.206821,0.226697,0.226697,19174100.0,26,0.2500725974291354,0.2060611428571429,0.220657857142857,0.22263999999999967,0.20711583333333355,0.22612596153846146,0.2070400000000001,0.23587523333333324,0.21922069999999985,0.26047786000000017,0.21395020000000006,0.0,0.2189574299322332,0.2246564431315296,0.22128991303263731,0.21784189375115512,0.2282627664203945,0.21833495982678935,0.2303970907114909,0.22383247908715675,0.2345149351407164,0.22224511590191734,0.0,48.90884273092324,47.60912629285772,59.48321106947822,49.63156648513692,46.002794516604176,49.21653218347904,44.0281293097042,47.819555407369954,31.048086170194388,13.935893305448134,6.021178691063782,-0.010420872669239384,0.004227883577074171,-0.014648756246313557,0.16914870423348316,0.21922069999999985,0.2692926957665165,0.02765999999999999,61.20395026523806,64.36704830178248,76.93923194686612,77.07641428222631,1.3252343163188856,0.0077859999999994045,54.86557714792708,0.221645,2.2793205350899015,1
2018-06-06,0.226601,0.228791,0.211922,0.218911,0.218911,16645000.0,42,0.24988573963488134,0.20788792857142854,0.21920595238095225,0.2250299999999997,0.20931266666666684,0.2252219999999999,0.208023153846154,0.2328302999999999,0.21797539999999987,0.2606549000000002,0.21392686,0.0,0.21895123927460208,0.2241341301195724,0.22049694202175826,0.2180063716355928,0.2275700429818468,0.2184172512801052,0.22965605260107216,0.2233637667931418,0.23390301611559025,0.2221790938048497,0.0,46.610423078700116,46.19111008679266,51.241214629509706,46.866667464532746,44.94313668077598,46.70617942298699,43.186835119455786,46.31285771945816,30.78129396111547,13.90112164729871,6.0161678175982445,-0.009563671346253966,0.004068067920047672,-0.013631739266301636,0.16925854868700355,0.21797539999999987,0.2666922513129962,0.017256000000000018,33.41016743078602,49.62600992570275,64.87449912086463,73.0200258050441,19.740041216743,-7.500000000054685e-05,56.772819117599965,0.226697,-3.4345403776847583,-1
2018-06-07,0.218996,0.225081,0.215705,0.218986,0.218986,12044100.0,38,0.2497521873114833,0.2088062142857143,0.2180235238095237,0.22393839999999968,0.2109750833333335,0.22427307692307685,0.21005676923076935,0.2297170999999999,0.21621244999999986,0.2604822800000002,0.21391382000000006,0.0,0.21895587403798847,0.22366611829052035,0.21999329468117212,0.21815708369165546,0.2269341879461544,0.21849850109723304,0.22896766211068045,0.2229468366223664,0.23331803509144944,0.22211586422455565,0.0,46.636305083867825,46.2072784013731,51.31918399091151,46.89753805373478,44.95581991832901,46.73436340889787,43.19763879041868,46.32996136386656,30.78713744909801,13.903211644852512,6.016924989512559,-0.008777104254498956,0.0038837080094421455,-0.012660812263941102,0.17056689869097064,0.21621244999999986,0.2618580013090291,0.033636000000000034,31.69702180880171,42.10371316827528,51.641666828987034,64.48513263223926,11.003081136597086,0.00564299999999951,55.57390958729972,0.218911,0.034260498558769115,0
2018-06-08,0.219814,0.22130100000000005,0.212332,0.213343,0.213343,12110500.0,40,0.2496000618761607,0.2102915,0.2160758095238094,0.2199163999999997,0.2119490833333335,0.22259199999999996,0.2111572307692309,0.22657233333333324,0.2139421999999999,0.25987378000000017,0.21383600000000005,0.0,0.21820749083292332,0.2227276529913821,0.2177765297874481,0.2174164554314008,0.2259274332834763,0.21776200094048545,0.22795961939386236,0.22203218551547435,0.2325347003819808,0.22194214414090108,0.0,44.882308912622186,45.13820583903366,44.84460759156646,44.777010822442016,44.16094962163533,44.814045303038384,42.568280868541564,45.1925353321441,30.588956320731764,13.87761204439813,6.013261741660836,-0.008510977852075552,0.0033198675294924397,-0.011830845381567992,0.17292209527278676,0.2139421999999999,0.25496230472721304,0.01452499999999998,22.8169605373634,29.308049925650376,40.67840242465468,52.39818945816878,19.094231510899707,0.005130999999999497,52.516132624862784,0.218986,-2.5768770606340086,-1
2018-06-09,0.21347,0.216552,0.208212,0.208212,0.208212,10478000.0,39,0.24945158769884065,0.2109468571428572,0.2136693333333332,0.2172297999999997,0.21385425000000016,0.2209534999999999,0.21166161538461556,0.2246242333333332,0.21107534999999986,0.25848442000000016,0.21352364,0.0,0.2168747587218669,0.2214080481739837,0.21458835319163205,0.2160003853650314,0.22461517896618174,0.21639771509184466,0.22668557943296802,0.22071597737114346,0.2315808689944521,0.221670260098507,0.0,43.29593056873912,44.1648559956833,39.418318556808096,42.86769398718411,43.435778771318375,43.080657194146994,41.993434889923385,44.157519115085236,30.40741951551581,13.854185276077395,6.009918111093457,-0.008614793601150361,0.002572841424334105,-0.011187635025484468,0.17799560737212758,0.21107534999999986,0.2441550926278721,0.011905999999999972,6.331360946745454,20.281781097636856,31.091892197786933,41.137320483809546,8.53131247384817,0.03642699999999949,44.319518207126684,0.213343,-2.405047271295513,-1
2018-06-10,0.207767,0.207767,0.16051300000000002,0.171785,0.171785,33716300.0,24,0.2486029157782502,0.2088132857142857,0.2092043809523808,0.20624739999999966,0.21160150000000014,0.2178866153846153,0.21061815384615395,0.2222699333333332,0.20703804999999986,0.2566275600000001,0.21294222,0.0,0.21086279089228466,0.2168968619763489,0.20032056879442134,0.2091980183857958,0.22070183237609425,0.210024470078724,0.2231436065663249,0.2160558842881774,0.229235932955454,0.22068243316586328,0.0,34.12207947355097,38.06069278710285,19.40976692294205,32.28112810528128,38.74514975466953,33.248308112526324,38.208271686194095,37.7181727777349,29.154488892672294,13.688495344848409,5.986169149989085,-0.011503813990298428,-0.000252943171851169,-0.01125087081844726,0.1755923762821675,0.20703804999999986,0.23848372371783216,-0.02669000000000002,16.50897800169891,15.219099828602591,22.152897745079102,31.307730789173565,-21.131344001584655,-0.005737000000000493,38.31660868415765,0.208212,-17.495149174879455,-1
2018-06-11,0.172163,0.178481,0.155075,0.177522,0.177522,24427800.0,15,0.24791607328887194,0.2082541428571429,0.20563252380952365,0.1979695999999997,0.21003616666666686,0.2151220384615384,0.2089800000000001,0.22006539999999986,0.2046807499999998,0.2549337200000001,0.21255075,0.0,0.20641735210664672,0.21331732906940806,0.1927210458629476,0.20432478478798105,0.21750332627416133,0.2053812600674777,0.22020027711043294,0.21238599054644625,0.2272079355846519,0.21982777112297489,0.0,36.39619424050482,39.44167474494,26.46415481363843,35.01913187785483,39.808245394524825,35.735957321449725,39.10159974991562,39.184734906063476,29.620349703809772,13.852381105976932,6.044934829965022,-0.01317854148618028,-0.001542136534186415,-0.011636404951993863,0.17176558253558494,0.2046807499999998,0.23759591746441466,-0.029438999999999993,32.064394480473126,18.301577809639166,21.88374315501652,25.04284436596085,-5.9853501139265255,0.02312999999999954,48.1400715966618,0.171785,3.339639665861416,1
2018-06-12,0.176394,0.178286,0.151853,0.154392,0.154392,15006000.0,19,0.24745263066745335,0.20508085714285712,0.20228604761904745,0.1850507999999997,0.2063625833333335,0.21168261538461527,0.2057558461538463,0.2166434333333332,0.20273354999999976,0.25263934000000016,0.2118174,0.0,0.19948063849242714,0.20796048097218914,0.17994469724196505,0.1966428178975224,0.2128284132168161,0.198097080057838,0.21595458181298569,0.20686275335154655,0.2243524086989793,0.2185320132789556,0.0,31.673190254504256,36.04709438744845,18.59096290560697,29.763126850780633,37.11160641882445,30.758895214389938,36.880304176259216,35.63276910192024,28.840453370423106,13.746098026794346,6.029663321967047,-0.016185595319293644,-0.003639352293839824,-0.01254624302545382,0.1630755052172647,0.20273354999999976,0.24239159478273484,-0.070052,3.6559728141919283,17.409781765454653,16.275533356094567,20.10405808539673,-31.63163590795167,-0.0016710000000004774,38.409201210605936,0.177522,-13.029371007537105,-1
2018-06-13,0.154972,0.158642,0.149304,0.156063,0.156063,18800500.0,19,0.2468333073127153,0.20220635714285715,0.2005111428571426,0.17359479999999972,0.20212108333333348,0.2079063846153845,0.20249338461538474,0.21348509999999984,0.20023019999999972,0.2497973800000001,0.21123571,0.0,0.19369162002677015,0.2032425281565356,0.17198413149464334,0.19039976899021127,0.2086235677933482,0.19209221147814687,0.21209060879279307,0.20202468160378026,0.22167439267156835,0.21729500311501587,0.0,32.352670810065234,36.46097539092106,20.637824312188442,30.57859447225717,37.429593867802296,31.501121957017574,37.14685504034889,36.07234186469823,28.97825014566783,13.794359166343575,6.046896616463335,-0.01822379880313693,-0.004542044622146489,-0.013681754180990442,0.15548088282508638,0.20023019999999972,0.2449795171749131,-0.07739000000000001,10.050856531049273,15.257074608571447,13.722312554831744,17.293863021980947,-28.82591847113681,-0.00976700000000047,39.899188396591846,0.154392,1.0823099642468526,1
2018-06-14,0.156104,0.167787,0.154334,0.16583,0.16583,17262700.0,17,0.2463204941747854,0.19987457142857146,0.19859209523809496,0.16511839999999972,0.1972365833333335,0.20433261538461525,0.19932946153846165,0.2106286333333332,0.19889424999999972,0.2481951400000001,0.2110038,0.0,0.18997673735653411,0.19984138923321412,0.16993275432976224,0.1866198045301788,0.2054536738827298,0.18834046698126874,0.2091060533868064,0.1985775690700869,0.2194844164883696,0.2162758941424413,0.0,36.31861287479079,38.88292926259017,32.53538315987141,35.33274392706832,39.29277472942784,35.83092190092799,38.71010789763936,38.643907871119424,29.788832206215965,14.078169662537546,6.148001434447094,-0.018833869352551047,-0.004121692137248483,-0.014712177215302562,0.15165341291630316,0.19889424999999972,0.24613508708369636,-0.055814999999999976,28.26745120845665,13.991426851232614,18.109530607173983,16.035792172700095,-22.176556502836167,0.008925999999999545,43.64407366104533,0.156063,6.258370017236636,1
2018-06-15,0.165487,0.165801,0.15623900000000002,0.156904,0.156904,9265140.0,26,0.2460380440071469,0.19629907142857145,0.19689471428571406,0.16214219999999974,0.19085750000000012,0.2001539615384614,0.19413407692307705,0.20754539999999985,0.19678759999999976,0.2458458000000001,0.21080686000000004,0.0,0.1855670390423296,0.19593799021201289,0.1655898362198415,0.18204814229476665,0.20185740174326836,0.18384954312680174,0.2057381789747544,0.19460865773007865,0.2170302825084335,0.21510021307031374,0.0,34.34690642974188,37.51388816983837,27.94158167832988,33.089253606874216,38.21287878954962,33.7324068871363,37.82176598078795,37.20767007832253,29.47524459005548,14.035517773039574,6.141930893345847,-0.019809259448501683,-0.00407766578655929,-0.015731593661942385,0.14595255095787008,0.19678759999999976,0.24762264904212944,-0.069793,26.04791445316514,21.45540739755702,20.01731789746723,17.283053686490984,-33.903620170002355,-0.004862000000000477,42.149162404746,0.16583,-5.38262075619611,-1
2018-06-16,0.15673900000000002,0.163385,0.15673900000000002,0.16176600000000002,0.16176600000000002,6865800.0,22,0.2458322887380121,0.1918220714285714,0.19511990476190452,0.15899099999999974,0.1858675833333335,0.19666299999999987,0.18861969230769246,0.20481036666666647,0.19479314999999967,0.2438467800000001,0.21077500000000005,0.0,0.18239356717001895,0.1928314456472844,0.164315224146561,0.1789278127109564,0.19888766828080398,0.1806947512515444,0.2029012642021896,0.19148078556530926,0.2148630557433969,0.21404409003921845,0.0,36.363149896591345,38.7446193676852,34.02996939927737,35.505759964512585,39.15871529940405,35.93344824644453,38.61466686353562,38.514636495494386,29.885328352882397,14.178561006461694,6.192636327822049,-0.01995985556984761,-0.0033826095263241804,-0.01657724604352343,0.14168308599078303,0.19479314999999967,0.24790321400921644,-0.057145,42.99910289144996,32.438156184357254,22.2042595796626,20.110369361434604,-46.419895722241904,0.0016119999999996135,43.664680446247644,0.156904,3.0987100392597,1
2018-06-17,0.161982,0.163517,0.159788,0.160154,0.160154,5366550.0,23,0.24567313516080266,0.18658642857142851,0.1931436666666665,0.16014339999999974,0.18032233333333347,0.19418169230769214,0.18388961538461548,0.20167399999999985,0.1935333499999997,0.2414351400000001,0.21069427,0.0,0.17942829154734974,0.18986076877025854,0.16292814943104067,0.17603953383234772,0.1960185076674111,0.17776035821560948,0.2001433761891451,0.1884972821781369,0.2127176025769892,0.21297695954339235,0.0,35.97073061023692,38.481360147180546,32.92321528004786,35.051080161803284,38.95340814976213,35.51229465533092,38.446697498308474,38.23756779201091,29.82667591135241,14.170664955302572,6.1915217858114895,-0.01997897383506339,-0.0027213822332319663,-0.017257591601831424,0.13832621758407532,0.1935333499999997,0.2487404824159241,-0.05883200000000002,58.702591570632464,42.5832029717492,33.213583330950705,25.14505360269351,-57.432204784254075,-0.003924000000000427,48.577713664309044,0.16176600000000002,-0.9965011189001616,0
2018-06-18,0.160225,0.167486,0.15705999999999998,0.164078,0.164078,7171240.0,27,0.2454657053324103,0.1824745,0.19213071428571413,0.16174639999999973,0.1757529166666668,0.19305638461538446,0.1790727692307693,0.1985183333333332,0.19179634999999973,0.2378741000000001,0.21072582,0.0,0.17738158600770312,0.18751688070023506,0.1633114329540271,0.17419929785814034,0.19365254413649174,0.17580573561337956,0.1978165777253293,0.1861716362564096,0.21081016718181314,0.21200866331481036,0.0,37.72356064375778,39.529177094325256,38.74279929827949,37.17276496128221,39.751905231884066,37.43460906059433,39.11290184993845,39.35270010303688,30.16696896889516,14.288020781714158,6.232807690147704,-0.019453246278351405,-0.0017565237412159838,-0.017696722537135418,0.1351227188558504,0.19179634999999973,0.24846998114414906,-0.049264999999999975,72.42994127703864,58.04387857970704,45.68940028014858,33.702414396920624,-48.07546161362244,0.0018909999999995875,43.480351545781424,0.160154,2.4501417385766278,1
2018-06-19,0.164245,0.165487,0.160794,0.162187,0.162187,5903480.0,32,0.2452956170973182,0.1778666428571428,0.1903863809523808,0.1610177999999997,0.1710196666666668,0.1913662692307691,0.1747093846153847,0.19507293333333325,0.1900903999999997,0.2339428000000001,0.21065100000000003,0.0,0.17535564120667604,0.18521416427294096,0.1629366219693514,0.17235125203381108,0.19132176308934426,0.17386020195432533,0.19551789529143707,0.1838873851843706,0.2089033763119381,0.21102209572441805,0.0,37.19778066747622,39.192166248004476,36.89185246153792,36.54944031457216,39.493388146740884,36.86431237494656,38.90322778663835,38.99643056100271,30.09523226125739,14.278518323789074,6.231479441233435,-0.01897051105553316,-0.0010190308147181894,-0.017951480240814967,0.13195317834241538,0.1900903999999997,0.24822762165758405,-0.04602499999999998,52.88521383480032,61.33924889415715,50.612952805417315,43.171978805505546,-55.33444270985222,8.399999999958441e-05,50.288285366767205,0.164078,-1.1525006399395465,-1
2018-06-20,0.162582,0.16272,0.15698,0.162103,0.162103,6391070.0,34,0.24510732906709834,0.17380892857142854,0.18875766666666646,0.16205759999999972,0.1667496666666668,0.1901952692307691,0.17033376923076932,0.19205866666666652,0.1882717999999997,0.2298792200000001,0.21063426,0.0,0.17358862237911926,0.18311314933903725,0.1626587479795676,0.1707745978747632,0.18915741026791133,0.172180601675136,0.19336209559521533,0.18181268183347812,0.20706806743696016,0.2100534007595781,0.0,37.17312189912273,39.17662291166825,36.79813989813025,36.51997102124815,39.481544004788425,36.837465747800756,38.893657352178025,38.97997083029188,30.091989995556755,14.27809229083068,6.23142015735662,-0.018382812393148124,-0.00034506572186652346,-0.0180377466712816,0.1289749633093657,0.1882717999999997,0.2475686366906337,-0.009681999999999996,49.91160323811288,58.40891944998396,55.385690562406865,50.56268121599093,-52.17487141807489,0.001274999999999582,51.55366850087751,0.162187,-0.0517920671817107,0
2018-06-21,0.162796,0.163838,0.159001,0.160828,0.160828,5211220.0,37,0.24495554349972334,0.16965478571428566,0.18696495238095226,0.16186999999999968,0.1628010000000001,0.1887256923076922,0.16629415384615392,0.18993066666666653,0.18596514999999966,0.2255592600000001,0.21060017,0.0,0.17188720606190333,0.18108722667185204,0.16204849865304508,0.16924435204787655,0.1870589354332512,0.17055880143583085,0.1912631216858466,0.17981414070648022,0.20525473145904016,0.20907864034849732,0.0,36.77664256759915,38.931109039167744,35.170859185047725,36.04212021135688,39.295786439570996,36.40410503730824,38.74416339335487,38.719506724320595,30.04188176055027,14.27156423434275,6.23051595340125,-0.017814583385374668,0.0001785306287255435,-0.017993114014100215,0.12614258996301306,0.18596514999999966,0.2457877100369864,-0.01669400000000001,36.62668951075571,46.47450219455632,54.111207886268026,53.36995041803075,-52.832485465116214,0.02138399999999957,45.366316407258175,0.162103,-0.786536954899042,0
2018-06-22,0.160205,0.16059600000000002,0.134413,0.139444,0.139444,16214200.0,28,0.2443949313551973,0.16437628571428567,0.18374985714285696,0.1577279999999997,0.1601059166666668,0.18633296153846146,0.16100430769230778,0.18813426666666647,0.1817151499999997,0.22118288000000014,0.21054433,0.0,0.16756144525364955,0.17730147879259275,0.1545136657686967,0.1646596825020494,0.1835319031789363,0.16611382980214073,0.18791995254482424,0.17596936540110114,0.2026739184606464,0.20769973657922014,0.0,30.8616678369138,35.069560402418084,18.60878680432836,29.11929166486287,36.319584278285475,30.02443669211384,36.32445429396464,34.642985189107605,29.20980053899743,14.161882366842852,6.215314423634014,-0.018872220676886903,-0.0007032853302293487,-0.018168935346657557,0.12132805783697875,0.1817151499999997,0.2421022421630207,-0.014947999999999987,15.211804190729625,33.916698979866084,45.413050410287454,51.63664961965412,-58.73343877413142,0.002181999999999573,41.620360132670115,0.160828,-13.296192205337377,-1
2018-06-23,0.13989300000000002,0.141151,0.133103,0.137262,0.137262,8031390.0,17,0.24409841795121076,0.15930842857142852,0.1795983333333332,0.1523647999999997,0.1567509166666668,0.184483423076923,0.1583486923076924,0.1858386666666665,0.17690559999999972,0.21691398000000012,0.21042169,0.0,0.1635215192198296,0.17366152617508432,0.14876311051246446,0.16044465442481104,0.18010450294345953,0.16199213983040633,0.1846516975419324,0.17228294964861532,0.2001087451876799,0.20630492991428512,0.0,30.32838316997764,34.701614810065216,17.59429042023134,28.51387087501479,36.03042175531778,29.457167482987266,36.08681858259885,34.25656585447741,29.125838495948553,14.150674381051966,6.213759712892393,-0.01965984851864849,-0.001192730537592751,-0.018467117981055745,0.11858164758032437,0.17690559999999972,0.23522955241967505,-0.01880100000000001,12.842761857707501,21.56041851973096,33.49561452642122,44.3399576076589,-57.74301712351056,0.0022169999999995804,40.89554339229049,0.139444,-1.5647858638593415,-1
2018-06-24,0.137458,0.143247,0.120799,0.135045,0.135045,20901500.0,15,0.24330478752361456,0.1566841428571428,0.17491223809523795,0.1469363999999997,0.1551386666666668,0.1820306153846153,0.15508123076923086,0.18392186666666652,0.17257559999999972,0.21261386000000013,0.21028951,0.0,0.159724649990519,0.1701509328864403,0.14419040700830965,0.15653701528253242,0.17676676198468474,0.15814254842606254,0.18145126544245285,0.1687364782535091,0.1975572257685552,0.20489384219321016,0.0,29.768407096730932,34.318354303427746,16.497691499218313,27.875932136040753,35.730271432371524,28.860524963770754,35.840645920931685,33.8537096549848,29.039331319569076,14.139191166586054,6.2121729682398215,-0.020229746702152333,-0.00141010297687727,-0.01881964372527506,0.11538945115662368,0.17257559999999972,0.2297617488433757,-0.030785000000000007,33.100211436139304,20.38492582819216,29.53861404668902,36.1490929944659,-41.43827118720526,-0.004142000000000368,47.7587110399162,0.137262,-1.6151593303317724,-1
2018-06-25,0.134831,0.144222,0.133202,0.13918699999999998,0.13918699999999998,8267230.0,16,0.24301046079839125,0.1539459285714285,0.17098566666666656,0.14235319999999968,0.15373233333333347,0.17983373076923068,0.15391161538461548,0.18192686666666652,0.1682000999999997,0.20880518000000006,0.21030971,0.0,0.1569862966584498,0.16733602989676388,0.14252260467220645,0.1538677821621428,0.17398307591174514,0.15543461293662506,0.17872453863971394,0.1659222422293654,0.19526819730704326,0.2035927166052258,0.0,32.27162409257625,35.70814101725792,26.735257877574895,31.000398730903438,36.752499158604344,31.64610454545589,36.674622497542074,35.34526799228223,29.438709915134325,14.270466332234905,6.257120033795793,-0.02011529374960233,-0.001036520019461817,-0.019078773730140514,0.1152125406660548,0.1682000999999997,0.22118765933394466,-0.01771700000000001,42.72404098608232,29.555671426643052,28.101101596282913,30.37844338979772,-44.02931076067853,0.0067489999999996155,45.43837236604355,0.135045,3.0671257728905,1
2018-06-26,0.139379,0.140424,0.132438,0.132438,0.132438,6054000.0,21,0.24278821351260504,0.15237778571428565,0.16649714285714273,0.1366751999999997,0.15094966666666682,0.17729384615384605,0.15209430769230778,0.1796196333333332,0.16387644999999973,0.2052487600000001,0.21030992,0.0,0.15371319043732315,0.1641634817243308,0.13916106978147094,0.1505708925987362,0.1709056628812455,0.1521493825171072,0.17573831034037754,0.16273326677894964,0.19280426800088468,0.2021837123160134,0.0,30.38118271797952,34.46335582469124,21.565517703218607,28.798219088156877,35.78930421160689,29.611502943750953,35.88915737684328,34.03232752003489,29.16589264164745,14.234649671744993,6.25221339534949,-0.020334770282509296,-0.0010047972418950266,-0.01932997304061427,0.1143100346067443,0.16387644999999973,0.2134428653932552,-0.029328000000000017,29.245923059527087,35.02339182724958,26.624948306037194,28.08822131633637,-31.058483999660425,-0.0017940000000003509,44.323597733998525,0.13918699999999998,-4.848872380322855,-1
2018-06-27,0.13263699999999998,0.135686,0.129368,0.134232,0.134232,5996170.0,18,0.2425649088078397,0.1508184285714285,0.1624648095238094,0.1356327999999997,0.1490603333333335,0.17449657692307682,0.1496636923076924,0.17791569999999987,0.15963874999999972,0.20168576000000016,0.21016343,0.0,0.1511156983790134,0.1614424379312098,0.13751804652098062,0.14805721681431525,0.1681890952604125,0.14958975644323474,0.1730604838668048,0.16001886041904967,0.1905073163145755,0.20083813385431012,0.0,31.52361237135039,35.09344515701702,26.12233638372228,30.22555750748328,36.250491772388,30.883564563908127,36.2641034428906,34.709248129123175,29.343429620732692,14.292402150956972,6.271848295466327,-0.020131878446097262,-0.0006415243243863937,-0.01949035412171087,0.11574291833181047,0.15963874999999972,0.20353458166818894,-0.025922000000000004,57.34961362763094,43.10652589108013,35.05251019341745,29.926186698579183,-30.83082658984025,0.008412999999999615,44.07509072431797,0.132438,1.3545961128980988,1
2018-06-28,0.134349,0.13681,0.124764,0.125819,0.125819,3925280.0,20,0.2424139422829592,0.1479604999999999,0.15802828571428554,0.1333441999999997,0.14606475000000016,0.17070330769230754,0.14727253846153854,0.17548239999999987,0.15526254999999972,0.1980484200000001,0.20980346,0.0,0.1477428052618116,0.15820394357382708,0.1336183643473204,0.14463595268903598,0.16505056968556714,0.1461939340942012,0.1700126461979787,0.15676173085533066,0.18797051959635686,0.1993526064512545,0.0,29.122445508847605,33.51062249671354,19.68618811118885,27.431845222794085,35.025390308143194,28.300617516677256,35.26468756210541,33.03984096547015,28.995805265155028,14.246962929176044,6.265663444360464,-0.02041461699653116,-0.000739410299856233,-0.019675206696674927,0.1167942016356092,0.15526254999999972,0.19373089836439025,-0.03825899999999999,21.431925884814127,36.0091541906574,36.77034299883877,32.815933832764465,-57.60708372327402,-0.009068000000000298,39.63512745978488,0.134232,-6.26750700280112,-1
2018-06-29,0.125838,0.136855,0.124672,0.13488699999999998,0.13488699999999998,7972500.0,16,0.2421166592878057,0.14638785714285704,0.15429228571428558,0.1333125999999997,0.14395916666666686,0.16691230769230758,0.14520492307692318,0.17343509999999987,0.1515962999999997,0.19541306000000014,0.2095514,0.0,0.14602869789357004,0.1560842214307519,0.1340412428982136,0.14313611381379968,0.16281623119033994,0.1445786577950296,0.16774647547552846,0.15467842315482294,0.1858888129455193,0.19807605978885345,0.0,34.85309682513744,36.732795874655906,39.095335116969,34.50095982051053,37.39364083967683,34.64530427038493,37.1925736125042,36.4965612001031,29.90870732806869,14.542734647675614,6.365685418937451,-0.019680117376540268,-3.928543892271763e-06,-0.019676188832648,0.12125852894701937,0.1515962999999997,0.18193407105298004,-0.02730000000000002,52.25063938618918,43.67739296621142,40.60042858884874,37.474427260368316,-31.63498426656321,-0.005338000000000343,48.8547951800549,0.125819,7.207178566035322,1
2018-06-30,0.134631,0.140741,0.134631,0.140225,0.140225,6926630.0,22,0.2418746150221041,0.1448492142857142,0.15105480952380934,0.1335201999999997,0.14197141666666682,0.16378076923076915,0.1436719230769232,0.1714934333333332,0.15001829999999972,0.1933692800000001,0.20933789,0.0,0.14525487150776073,0.15464247402795628,0.13610249526547571,0.1426882501501382,0.16114280665772218,0.14395670668145394,0.16597089641259113,0.15330190666388746,0.18409807518294996,0.19693049424848008,0.0,38.01405512788674,38.56872787260504,47.97639778616677,38.33192743703389,38.75819082847798,38.11681997461202,38.31010982966275,38.460193813817966,30.44565464820227,14.71762057942666,6.424758658714722,-0.018454556507583986,0.0009773058600512086,-0.019431862367635198,0.12084106355859242,0.15001829999999972,0.17919553644140698,-0.02187800000000001,96.78884809260056,56.82380445453464,51.413390010152376,42.92805386594663,-30.740798881166832,0.0007789999999996411,50.529571665590105,0.13488699999999998,3.9573865531889796,1
2018-07-01,0.138956,0.141448,0.136228,0.139446,0.139446,5785540.0,27,0.2416743005297681,0.14337007142857133,0.149514857142857,0.1349217999999997,0.1400763333333335,0.16042496153846147,0.14177715384615394,0.16924293333333326,0.1481144999999997,0.1912850400000001,0.20905859,0.0,0.14448035530672595,0.15326097638905115,0.1372169968436505,0.14218944243473233,0.1595356357941872,0.1433123200126748,0.16425961277306916,0.151982296505422,0.18234701341106954,0.1957921874316785,0.0,37.727829234008226,38.3983735914041,46.781773893118505,37.98072478433747,38.630590540816826,37.801252597746995,38.20759195290027,38.278822021456925,30.410976409324302,14.71318252352187,6.424164233341588,-0.01734619335945486,0.001668535206544263,-0.019014728565999128,0.12165078591528015,0.1481144999999997,0.17457821408471924,-0.021381999999999984,88.06628516928959,79.0352575493598,63.177462432104896,51.73042701036868,-29.907567879838233,-0.020206000000000283,49.33769531766841,0.140225,-0.5555357461223043,0
2018-07-02,0.139648,0.160413,0.137817,0.159652,0.159652,13370400.0,27,0.2412752344481857,0.14305392857142848,0.1486639047619046,0.14000579999999968,0.13987208333333348,0.15814576923076915,0.14158215384615394,0.1670831999999999,0.1483774999999997,0.18933706000000008,0.20902561,0.0,0.14650324126582914,0.15384197853550108,0.14469533122910033,0.14487598975246582,0.15954425536498815,0.14564656001086412,0.16396234743287116,0.15271274445728658,0.18145701288514526,0.1950765401558037,0.0,48.50358686832465,44.999671036772355,70.01868432761968,50.678750398153284,43.629479701342134,49.48371556637313,42.343028511744095,45.303838046137464,32.44671155651641,15.38165565253661,6.649311665471419,-0.014668265612522324,0.0034771703627814424,-0.01814543597530377,0.1215490693026201,0.1483774999999997,0.17520593069737928,0.020207999999999976,97.87079264709992,94.2419753029967,71.28169823599869,61.95751689275198,-5.175276537031402,0.0010679999999996805,59.45576451194753,0.139446,14.490196922106048,1
2018-07-03,0.159678,0.169569,0.157144,0.158584,0.158584,19431600.0,31,0.24076072921892155,0.14279657142857133,0.14886352380952364,0.1465587999999997,0.1396850833333335,0.15582261538461534,0.14131146153846166,0.16458756666666655,0.14850354999999968,0.18749248000000004,0.20898635,0.0,0.14811400909705194,0.15427307139591007,0.1493248874860669,0.14698491440593262,0.159473125337952,0.14749476572359782,0.1636153572759117,0.1532719116518307,0.18056003198768852,0.19435391559826304,0.0,48.03288426227667,44.734227985925905,68.13182229905486,50.09149567028603,43.43528135725421,48.96026923644671,42.18881765840202,45.019461606188585,32.39561896988571,15.375222324040255,6.648461934523803,-0.012488210932019378,0.004525780034627509,-0.017013990966646887,0.1214999624997415,0.14850354999999968,0.17550713750025784,0.02132200000000001,75.53288638439095,87.1566547335935,82.10189033591405,72.1870170013392,-4.253887295009357,-0.0101240000000003,57.124375983273744,0.159652,-0.6689549770751313,0
2018-07-04,0.1585,0.176513,0.15145799999999998,0.168708,0.168708,17633500.0,33,0.24032171201933436,0.14326835714285702,0.1494656666666665,0.1533229999999997,0.1421237500000002,0.15410588461538455,0.1419176153846155,0.1628229999999999,0.14864744999999968,0.18583616000000008,0.20915575,0.0,0.15085987455077834,0.1555853376326455,0.15578592499071126,0.15032692757425067,0.16015719012773333,0.15052522776308386,0.16394391487101415,0.1547420153040373,0.18009524641954391,0.1938460756854261,0.0,52.69539919500153,47.792520474133404,75.60873952416095,55.398976553537494,45.80970550132857,53.93476138298847,44.180146742381794,48.25255122537182,33.40948513575841,15.71274024368709,6.761974714170702,-0.009830262553482657,0.005746982730531386,-0.015577245284014041,0.1212276337276317,0.14864744999999968,0.17606726627236766,0.033663,81.36430924979703,84.92266276042932,87.92462430863561,80.4360709601828,6.9717856426604055,-0.002793000000000323,58.089316580980814,0.158584,6.383998385713552,1
2018-07-05,0.169021,0.176643,0.165494,0.171501,0.171501,16275300.0,37,0.2399513306563949,0.14403071428571418,0.1497357142857141,0.15957819999999973,0.14497700000000016,0.152693923076923,0.14438353846153856,0.16098313333333325,0.14937729999999969,0.18427816,0.20942360999999995,0.0,0.15361202461067455,0.15703221602967773,0.16102428332714086,0.1535844771782121,0.16099747234049386,0.15352176665407188,0.1644314687503036,0.1563381090846052,0.17975821714818924,0.19340359893918008,0.0,53.91750725487008,48.614359455409144,77.36671562973498,56.772864294895456,46.45365486265138,55.23110528673724,44.722941133113,49.119254267638816,33.68932411949561,15.806306451923994,6.793398232998159,-0.0074129951622817205,0.006531400097385856,-0.013944395259667577,0.1203048657775108,0.14937729999999969,0.17844973422248855,0.03231400000000001,87.27700111344797,81.39139891587867,86.0222549128051,85.34958985245163,11.088024767029973,0.0003509999999996572,61.618286878330565,0.168708,1.6555231524290503,1
2018-07-06,0.17190999999999998,0.171924,0.161218,0.17115,0.17115,11902300.0,34,0.23967080781972144,0.14629542857142844,0.15041409523809507,0.1659189999999997,0.14798575000000014,0.15266949999999996,0.14699030769230778,0.15939109999999992,0.1498464999999997,0.18282482000000005,0.20970493999999995,0.0,0.15595042132925127,0.15831565093607067,0.1643995222180939,0.156286865304641,0.16174951142638316,0.15604008570349018,0.16486492237931627,0.15774876536226184,0.179420640005123,0.19296293361365174,0.0,53.73059950171525,48.513814797058494,76.53484582175255,56.535766238597574,46.38172591478939,55.021549054255416,44.66653769596883,49.01093646074703,33.671186068884076,15.804079638353546,6.793109076750891,-0.0054626461217421604,0.006785399310340334,-0.012248045432082494,0.11965100310672985,0.1498464999999997,0.18004199689326955,0.038712,85.85226394683976,84.83119143669494,85.57945066831515,86.50877662991863,42.148782303520285,-0.004405000000000325,64.57053959395088,0.171501,-0.2046635296587107,0
2018-07-07,0.170248,0.175555,0.167824,0.175555,0.175555,8859120.0,34,0.2394775683635233,0.1490306428571427,0.1510707142857141,0.16909959999999968,0.15101641666666682,0.1525938461538461,0.15010646153846166,0.1579433999999999,0.15061654999999968,0.18125102000000004,0.21018004999999995,0.0,0.15856436515201774,0.15988286448733696,0.1681180148120626,0.15925119371931162,0.16277214020961406,0.15882793060299158,0.16555460480645715,0.15944459723252266,0.1792690462794319,0.1926182220569458,0.0,55.791265540971004,49.876751928567934,79.80497973321923,58.871029918804474,47.442320040296316,57.21549939959353,45.556961586297156,50.45077261959263,34.125186928448294,15.954162064978428,6.843120049087212,-0.0035209464903024072,0.0069816791534240705,-0.010502625643726476,0.11858458888564595,0.15061654999999968,0.18264851111435346,0.041323,95.67996823506054,89.6030777651161,85.14128578590727,85.58099712234252,49.44413598977383,-0.005702000000000373,66.10352837631369,0.17115,2.5737657026000615,1
2018-07-08,0.176317,0.185104,0.175595,0.181257,0.181257,8387440.0,38,0.2393166401989192,0.15233149999999987,0.15207561904761888,0.17363419999999966,0.1550846666666668,0.15362711538461532,0.1533426153846155,0.15687386666666658,0.1514754999999997,0.17970120000000006,0.21072764999999996,0.0,0.1615900497984154,0.16182596771576088,0.17249767654137507,0.16263670237787906,0.16414138908297596,0.16203208337399275,0.16656766256087924,0.16152196892466333,0.17934700524886596,0.19239324736274885,0.0,58.36306453577505,51.613720749387035,83.3987170083619,61.75272362309436,48.80360023157579,59.93948502401824,46.704122431263826,52.282189234680345,34.71518163585648,16.14957205018293,6.908099574500718,-0.0015046867050969026,0.00719835115090366,-0.008703037856000562,0.11708886958397445,0.1514754999999997,0.18586213041602495,0.05543799999999999,88.56624858824232,90.03282692338087,87.74795822667753,86.15623156029999,57.0997874759059,6.999999999646177e-06,66.3025372293278,0.175555,3.2479849619777346,1
2018-07-09,0.181069,0.189958,0.17793299999999998,0.18125,0.18125,8895580.0,39,0.23915385059707,0.15533599999999986,0.15289333333333316,0.17614259999999965,0.1590028333333335,0.1545958461538461,0.15709738461538472,0.1559751333333333,0.1524286499999997,0.17801522000000006,0.21125973999999992,0.0,0.16421137649196002,0.16359178883250988,0.17541511769425006,0.16550028662743613,0.1654086935953481,0.16477750003485095,0.16751491013759673,0.16340082902707634,0.17942163249400847,0.19217258899913006,0.0,58.358599058868954,51.611420511025116,83.3768595511393,61.746969905167205,48.80198880655354,59.93444015020735,46.702874079916576,52.27969840826592,34.71479230906556,16.149525493448813,6.9080936294343855,9.159303208802759e-05,0.007035704710470872,-0.006944111678382844,0.11580767128833915,0.1524286499999997,0.18904962871166026,0.046363000000000015,69.70076548364649,84.64899410231648,85.4152494734474,86.10149782867741,54.771670768389576,0.017830999999999653,58.01954181158234,0.181257,-0.003861919815517645,0
2018-07-10,0.17968900000000002,0.180104,0.159919,0.163419,0.163419,24274900.0,37,0.23859505530815464,0.15754892857142844,0.15295199999999984,0.17452619999999966,0.16213616666666686,0.15450311538461536,0.1593425384615386,0.15569626666666664,0.1524944499999997,0.17623298000000007,0.21161230999999994,0.0,0.16410572629303202,0.16357608075682714,0.1714164117961667,0.16518008868475365,0.16526130888458154,0.16458342860130082,0.16725065787065502,0.1634025595959262,0.17879407827855714,0.1916032109991473,0.0,48.27735533451408,46.12572242849914,46.29159798694524,49.117885204114096,44.88188633349386,48.692069976529254,43.633038108840395,46.37086369075634,33.731883402586554,16.030628445655868,6.892907598017594,-8.122019982792494e-05,0.005490313182843936,-0.00557153338267186,0.1157956344707142,0.1524944499999997,0.1891932655292852,0.02319400000000002,11.651519691068295,56.639511254319075,70.29015318897147,81.15112029636548,35.254156283071154,0.0054769999999996774,55.60659176761301,0.18125,-9.837793103448266,-1
2018-07-11,0.163219,0.164012,0.154201,0.157942,0.157942,19259900.0,29,0.23810171487165066,0.15924249999999987,0.15275385714285694,0.17188459999999964,0.16405741666666684,0.15454303846153844,0.1618135384615386,0.15504359999999998,0.15235014999999968,0.17489846000000006,0.21171432999999992,0.0,0.16328389612062774,0.1630638915971156,0.16692494119744447,0.16406653657940692,0.16471913785609404,0.16363465308682928,0.1666500992983547,0.1628825063010761,0.17797634971861373,0.1909366523655008,0.0,45.68037205557486,44.600285842466285,39.771216889346256,45.98798997052764,43.760640037842386,45.8473014723175,42.74132123246681,44.73998759275872,33.43528355574045,15.994097622191088,6.888233185651076,-0.0006526012766871202,0.003935145684787793,-0.004587746961474912,0.1157667892826074,0.15235014999999968,0.188933510717392,0.018495999999999985,10.46228710462286,30.60485742644593,55.2121578205281,70.30585349431566,25.89502195233839,0.004898999999999654,51.37193447591672,0.163419,-3.351507474651061,-1
2018-07-12,0.158048,0.160038,0.150508,0.153043,0.153043,12443900.0,33,0.23776954487611335,0.16118707142857128,0.1523831428571427,0.16738219999999962,0.1651255833333335,0.15420753846153845,0.16321015384615395,0.15499863333333333,0.15303009999999967,0.17409260000000007,0.21172452999999994,0.0,0.16191844330454405,0.16215290145192324,0.16229762746496298,0.16237060787488278,0.16385423875564264,0.16212155978871082,0.1657722219242673,0.16194541046287836,0.17699857129827593,0.19018628301172846,0.0,43.44086679725562,43.25967623795291,34.54798325855028,43.31350434434762,42.76819613595684,43.40458168473853,41.94893376693234,43.3094079930149,33.16919260671878,15.961238075974686,6.884036576772819,-0.0014836308807598675,0.0024832928645720357,-0.003966923745331903,0.11695476791253374,0.15303009999999967,0.1891054320874656,-0.006608999999999976,6.425855513308012,9.513220769666427,37.3613352761776,54.28788209522572,30.91949845538805,-0.004543000000000352,49.629260041296966,0.157942,-3.101771536386766,-1
2018-07-13,0.15396,0.162367,0.15396,0.157586,0.157586,14806100.0,29,0.23739394149944826,0.16280842857142844,0.15324704761904742,0.16264799999999965,0.16663725000000015,0.15410876923076922,0.1645456153846155,0.15504940000000006,0.1540462999999997,0.17312172000000006,0.21192524999999995,0.0,0.16134078419727152,0.1617377285926575,0.16072708497664198,0.16163451435567006,0.1633899247737432,0.16147362267603785,0.16524407857431456,0.1615302285140328,0.1762372939924612,0.18954073285308046,0.0,46.067915827770385,44.86956110399139,42.89382571527926,46.442558406000536,43.99141071821286,46.26379679429509,42.962210513760844,45.02114276634941,33.66851413003571,16.122637973106507,6.936877407171514,-0.0017554104180731445,0.0017692106618070066,-0.0035246210798801506,0.11870358533882873,0.1540462999999997,0.18938901466117064,-0.0009979999999999989,17.941698352344748,11.609946990091913,23.23642522899809,38.60330610856793,27.176945272559763,-0.0066110000000003675,45.714114180525094,0.153043,2.968446776396161,1
2018-07-14,0.15773900000000002,0.164975,0.157056,0.164197,0.164197,7259380.0,29,0.23722052488194575,0.16452071428571416,0.15452966666666648,0.1592373999999996,0.16701600000000014,0.15411334615384614,0.1664495384615386,0.15499496666666668,0.1555038999999997,0.17255468000000007,0.21212307999999994,0.0,0.16172161297096865,0.16196129872059772,0.16188372331776132,0.1620287429163362,0.1634497081238363,0.16186267657946102,0.16517652511790715,0.16178420675079158,0.17576512560059995,0.18903887675697986,0.0,49.709880624643056,47.155328416575095,53.293703739707745,50.730039313916606,45.743795453957354,50.20610655478095,44.42100274551211,47.44578013424738,34.39605621239344,16.35873471615791,7.014048262815387,-0.0014209652075000967,0.001682924697904043,-0.00310388990540414,0.1210678238074841,0.1555038999999997,0.1899399761925153,-0.004510999999999986,46.25287200973109,23.54014195846132,18.546846534215007,26.38153567979689,28.270201424595605,-0.012436000000000336,45.390801511075246,0.157586,4.195169621666905,1
2018-07-15,0.164442,0.179609,0.163118,0.17663299999999998,0.17663299999999998,15239800.0,32,0.2369121780882376,0.16717692857142846,0.15651004761904744,0.1618801999999996,0.1685200833333335,0.1546689615384615,0.16775576923076935,0.1556526,0.1573761999999997,0.17210660000000008,0.21250588999999992,0.0,0.16370979790817286,0.16329508974599793,0.16680014887850755,0.16427555169843833,0.16442624826281138,0.16397272278239516,0.1659156525296551,0.1631983775364305,0.1757991598907725,0.18879321583109904,0.0,55.73451318124106,51.146948562014934,66.90062284910621,57.64052549083146,48.868895831336744,56.649002303793004,47.05323485595307,51.656818240498225,35.748244344642956,16.80365724624317,7.1595916088793325,-0.000150696564373054,0.002362554672824869,-0.002513251237197923,0.12260524001385904,0.1573761999999997,0.19214715998614035,0.005131999999999998,89.77354730078001,51.322705887618646,34.17125205615734,25.318174606456804,38.55452914891195,-0.02822500000000039,49.689602767637616,0.164197,7.5738289980937346,1
2018-07-16,0.176626,0.205547,0.176325,0.204858,0.204858,27300200.0,36,0.2365590263301483,0.17040592857142842,0.1596372380952379,0.1712633999999996,0.17153258333333346,0.15631338461538455,0.17131530769230785,0.157089,0.16099719999999967,0.17217066000000006,0.2131324099999999,0.0,0.1691962248537498,0.16707353613272538,0.17948609925233835,0.17051900528329395,0.16742119283593646,0.16981347667062446,0.1684280620438709,0.16716596062819902,0.1769387222479971,0.18911133036909708,0.0,65.72063975709476,58.58504521570279,81.54428558255292,68.50266804017132,54.98054539678093,67.06499511264055,52.34626203955208,59.40794969271675,38.674431914055816,17.805913986862357,7.489872610225334,0.003097812447357517,0.004488850947644353,-0.0013910385002868348,0.12229940169679265,0.16099719999999967,0.19969499830320672,0.03370799999999999,98.74816039535601,78.25819323528906,51.82842671430397,34.848841768225434,43.27092426678926,-0.018388000000000404,60.280775875896566,0.17663299999999998,15.979460236762112,1
2018-07-17,0.205299,0.225802,0.191919,0.223246,0.223246,34453400.0,39,0.23631471367956866,0.17502464285714273,0.16396142857142834,0.1853039999999996,0.1758446666666668,0.15871407692307685,0.17551053846153866,0.15919206666666666,0.16544789999999968,0.17292858000000005,0.2139271999999999,0.0,0.1764028615399165,0.17218012375702307,0.19407273283489224,0.17863085062432568,0.1715563637369782,0.17744669428910667,0.17196470320233084,0.17250691675884675,0.1787546939245462,0.18978726442119415,0.0,70.38421360845909,62.48353143837886,86.28713947169877,73.32946765295074,58.34870557218184,71.81603702764622,55.35107007158507,63.41997541036906,40.47583615829939,18.452324268890525,7.704849630204168,0.007074486887347492,0.006772420310107462,0.00030206657724003065,0.11985108425291495,0.16544789999999968,0.2110447157470844,0.04769100000000001,96.44219258929316,94.98796676180973,69.831694129501,51.9437909666541,53.09215712033636,0.0073319999999996175,72.96533360843286,0.204858,8.975973601226217,1
2018-07-18,0.223263,0.232437,0.214141,0.215914,0.215914,33075200.0,42,0.2361577580483769,0.17839649999999987,0.16785104761904746,0.1969695999999996,0.17957500000000015,0.16165523076923066,0.17892692307692326,0.1609199333333333,0.16995264999999968,0.17327050000000008,0.2147057699999999,0.0,0.1816710133345943,0.1761559306882028,0.2013531552232615,0.1843667197590448,0.1748421145712761,0.1829420236763772,0.17480014170540628,0.17664092468657566,0.1802119216137797,0.19030462552176455,0.0,66.51807847234322,60.11954047591324,76.83873845534728,68.7766860772168,56.59542190787293,67.62691191961105,53.949434671693155,60.8998831544705,39.997981515419326,18.394066376411327,7.697681321335133,0.009524605187768707,0.007378030888422942,0.0021465742993457665,0.1230572395803062,0.16995264999999968,0.21684806041969315,0.034656999999999986,78.08068346134971,91.09034548199965,81.85949115130198,67.83987066503563,39.66890756302525,-0.008340000000000403,67.09839013233895,0.223246,-3.284269371007764,-1
2018-07-19,0.215458,0.227881,0.205691,0.224254,0.224254,29945400.0,44,0.2360042301298116,0.1821645714285713,0.17253842857142834,0.2089809999999996,0.18363325000000014,0.16500107692307686,0.18301184615384636,0.1629888333333333,0.1744209999999997,0.17382946000000007,0.21552214999999988,0.0,0.1873487448899817,0.18052848244382072,0.20898677014884098,0.19050322441149944,0.17850225423266305,0.18884373457975184,0.1779907132082833,0.18117550328785412,0.18193906194265108,0.19097689036291776,0.0,68.6188437315738,61.83996638382661,79.85038402395409,70.9957301152567,58.08321631710906,69.78585170104324,55.28047213569608,62.67147663894945,40.808758102290454,18.688995720450155,7.795746123518732,0.01200097017883639,0.007883516703592499,0.00411745347524389,0.12465139084150426,0.1744209999999997,0.22419060915849515,0.04300400000000002,88.19515572930945,87.57267725998413,90.24794789521765,80.6463777253402,42.355897773531325,0.027024999999999636,70.96717391036302,0.215914,3.8626490176644435,1
2018-07-20,0.224924,0.224924,0.193677,0.197229,0.197229,9915730.0,47,0.23591197948008305,0.18402735714285706,0.17550709523809505,0.2131001999999996,0.18496425000000016,0.16739276923076915,0.1846790769230771,0.16415969999999994,0.17727119999999968,0.17380454000000006,0.21593482999999988,0.0,0.18866611223798416,0.18204671131256428,0.20506751343256066,0.1915379591174226,0.17988942058579913,0.1900416296397873,0.17923189300129727,0.18270440773662994,0.1825386673566648,0.1911006945141471,0.0,56.34488810839635,53.9405623403322,53.034954919000036,56.81988304724453,52.07647373686703,56.611102706557205,50.40241635579718,54.30045542883462,39.06408979566436,18.47052337330573,7.7688664545730735,0.01164853853162348,0.006024868045103672,0.0056236704865198104,0.12924887596496115,0.17727119999999968,0.22529352403503825,0.03380999999999998,37.25406330196748,67.84330083087556,79.74405109545516,83.95049671399157,17.245620647925893,-0.0057640000000004354,62.057836259196385,0.224254,-12.05106709356356,-1
2018-07-21,0.197146,0.20667800000000008,0.19044,0.202993,0.202993,6251660.0,43,0.2358442024773515,0.1859872142857142,0.17849604761904744,0.2127271999999996,0.18677616666666685,0.1698468461538461,0.18635107692307712,0.16556519999999994,0.1804485499999997,0.17372518000000006,0.21617804999999987,0.0,0.19057636393958627,0.18395091937505845,0.20437600895504046,0.1933002730993576,0.1816007968387029,0.191891825405532,0.18076486764637487,0.18463665461885564,0.18334079804856027,0.1913361857118868,0.0,58.05923609750303,55.21871660857645,56.75212182870333,58.724172466737784,53.1495988614255,58.414374373043145,51.34858639258039,55.62775064264631,39.62561679338648,18.675315163372076,7.836982158096894,0.011699476260654706,0.004860644619307917,0.006838831641346789,0.13460410751537302,0.1804485499999997,0.2262929924846264,0.045051000000000015,29.890230254542033,51.77981642860633,65.97246506729235,78.65482135265502,17.982697601258387,0.002436999999999634,62.164762502802404,0.197229,2.9224911143898913,1
2018-07-22,0.203232,0.206387,0.198613,0.200556,0.200556,4918670.0,46,0.2357937506069349,0.1873657142857142,0.18140604761904747,0.20818919999999955,0.18987091666666686,0.17246676923076915,0.18783615384615407,0.1676022666666666,0.18249374999999973,0.17324742000000007,0.21629649999999986,0.0,0.1919069820809748,0.18546047215914405,0.20310267263669365,0.19441653877637952,0.18300488596176195,0.1931295646333131,0.18204171489499585,0.1861527827503932,0.18401590400744025,0.1915187562918494,0.0,57.044455635027994,54.548245035571576,54.5611653072363,57.561454029000025,52.63214145155268,57.329506153082704,50.924157906441536,54.91963505415762,39.468767476232976,18.655304883188453,7.8345236031869785,0.01141165281461759,0.0036582569386166405,0.007753395876000949,0.1369068347495404,0.18249374999999973,0.22808066525045906,0.04751299999999997,24.08743481677261,30.41057612442738,51.501513512788236,65.73934322517854,12.925024277534074,-0.0019540000000004,59.61036434185039,0.202993,-1.200534008561871,-1
2018-07-23,0.1996,0.211142,0.199483,0.20251,0.20251,7272240.0,44,0.2357249631365919,0.18888428571428564,0.18344690476190464,0.20550839999999956,0.19358491666666688,0.1750928461538461,0.19084315384615408,0.16977719999999996,0.18469004999999972,0.17262856000000007,0.21645677999999985,0.0,0.19332071780351145,0.1870104292355855,0.20290511509112907,0.1956616866569365,0.18444970922385365,0.1944696268285541,0.18336224941789933,0.18771061296464148,0.18474116267381516,0.19173640468210976,0.0,57.679903150895974,55.007136637214025,56.18854758794528,58.2789898799343,53.01304182316007,58.00299329498886,51.25796011241808,55.39763611631281,39.66408970370353,18.725827462927448,7.8578165612906865,0.01121197743308286,0.002766865245665528,0.008445112187417331,0.13972505321606926,0.18469004999999972,0.22965504678393026,0.044923999999999985,32.23738682193317,28.73835063108261,42.33285418490493,53.268944254995134,14.055083233065822,-0.008031000000000399,53.5604394507976,0.200556,0.9742914697141947,0
2018-07-24,0.202719,0.213909,0.198958,0.210541,0.210541,14975200.0,49,0.2355996293162715,0.1922501428571428,0.18592104761904746,0.2027657999999996,0.1983764166666669,0.17835138461538458,0.194889230769231,0.1722937333333333,0.18678169999999972,0.17240648000000006,0.21628143999999985,0.0,0.19561675542970994,0.18914957203235044,0.2054504100607527,0.1979508117866386,0.1863823974294941,0.1967655372816178,0.1851157171973897,0.18988493553943755,0.1857529210003322,0.1921087729062264,0.0,60.268160307909596,56.88157347078476,62.76562275157812,61.199930858776156,54.57218145241593,60.745341471251294,52.62645393700193,57.34928685915426,40.46938975022572,19.017273255994205,7.953905383092387,0.01156841435714448,0.00249864173578172,0.00906977262136276,0.14106141164570418,0.18678169999999972,0.2325019883542953,0.04634399999999997,58.29080153114485,38.20520772328355,36.351983345272004,43.39545034765502,33.310712417468984,0.0018309999999995827,50.54629705124084,0.20251,3.9657300874030854,1
2018-07-25,0.209771,0.2117050000000001,0.204424,0.20871,0.20871,13113500.0,54,0.23549266485069004,0.1958764285714285,0.1878259047619046,0.2050619999999996,0.20263675000000025,0.18119073076923076,0.19917130769230795,0.17461116666666665,0.18864214999999973,0.17204674000000006,0.21626229999999985,0.0,0.19736252137241528,0.19092779275668226,0.2065369400405018,0.19960607151177112,0.18803629391619825,0.19847188909852956,0.18663792899110648,0.19167779882139585,0.1866531986081623,0.19243751007640011,0.0,59.381023917520906,56.321144275816266,60.28941987617189,60.15964179421061,54.14678925138268,59.78679552700962,52.28064260889585,56.75478295728207,40.34416750014965,19.001582816617685,7.952005285930508,0.011569777595572872,0.0020000039793680907,0.009569773616204782,0.14251358205401524,0.18864214999999973,0.2347707179459842,0.032076999999999994,77.84737313051245,56.125187161196834,44.470645310981,41.05182761371928,36.83752249375979,0.008490999999999527,54.49610094718998,0.210541,-0.869664340912224,0
2018-07-26,0.20894,0.210949,0.199316,0.200219,0.200219,10326500.0,53,0.2353943136129885,0.1992461428571428,0.18919342857142846,0.2045071999999996,0.20563858333333354,0.18349819230769224,0.2024507692307695,0.1768705333333333,0.19009559999999973,0.17167290000000004,0.21616389999999985,0.0,0.19774338518942655,0.1917724479606202,0.2044309600270012,0.19970036820226789,0.18893871658907246,0.19872147637016815,0.18751412712071253,0.19249124655269148,0.1871851908196069,0.19259159898577835,0.0,55.334065349218854,53.748445494965075,49.436146658670175,55.42646340398664,52.187730185953406,55.4194519142498,50.684679855032385,54.027672421581,39.76220371226717,18.92843633059662,7.943161762024407,0.010761651613195422,0.0009535023975925127,0.00980814921560291,0.14445844866402024,0.19009559999999973,0.2357327513359793,-0.004638999999999977,10.499476987447672,48.87921721636834,40.592494657562135,40.471707771271674,33.36162027608058,0.003367999999999538,47.119635875528566,0.20871,-4.068324469359396,-1
2018-07-27,0.200076,0.200146,0.185859,0.196851,0.196851,20830300.0,47,0.23514100396041354,0.20205078571428567,0.1904172857142856,0.2037661999999996,0.2073234166666669,0.18570607692307686,0.20496261538461566,0.17895783333333332,0.19116039999999973,0.17123020000000008,0.2158562399999998,0.0,0.19762440049750304,0.19223413450965476,0.20190430668466747,0.19926200386345744,0.18952481165654855,0.19845426546014416,0.18811650601615046,0.1929064611667209,0.1875642421600145,0.1926759435603174,0.0,53.77648676304766,52.74721598514061,45.534444104231646,53.61387104466012,51.421388798528326,53.742472789242115,50.05833727664754,52.96765366441322,39.53149084818647,18.89929000625387,7.939641873485359,0.009737192206908857,-5.676560695524156e-05,0.009793957813864098,0.14596004854631314,0.19116039999999973,0.2363607514536863,-0.026395,39.18716577540105,42.5113386311204,43.612440849287815,42.89186027261027,27.999828856260663,0.00468099999999949,56.890615825913706,0.200219,-1.6821580369495437,-1
2018-07-28,0.197196,0.19911,0.190901,0.19217,0.19217,11671900.0,54,0.234999652050932,0.2040488571428571,0.19120847619047604,0.2016981999999996,0.20626608333333354,0.18695676923076915,0.20615776923076948,0.1811695333333333,0.1917060499999997,0.1708067400000001,0.21534025999999984,0.0,0.196897147097836,0.19222830409968614,0.19865953778977832,0.19817092634600245,0.18972075153384127,0.19755651325155213,0.188378021757044,0.19283632200798556,0.18774486011452374,0.19266592487595466,0.0,51.61303809829257,51.354332571613405,40.23789930661337,51.09785000651947,50.35418727204689,51.4138620308044,49.18540909702025,51.49329273602903,39.208973141367174,18.858527135867966,7.934730530020651,0.008450174812161176,-0.0010750264013623372,0.009525201213523514,0.14674623590376082,0.1917060499999997,0.23666586409623866,-0.023743999999999987,22.499108734402874,24.06191716575055,41.66478523178176,41.95657357954385,20.225880855802128,-0.002896000000000509,50.75542777627986,0.196851,-2.3779406759427135,-1
2018-07-29,0.19238,0.197329,0.191667,0.195066,0.195066,8361050.0,54,0.2349005341582148,0.20536549999999995,0.19186604761904744,0.1986031999999996,0.20391775000000026,0.18835992307692292,0.20540453846153872,0.1831755,0.19239684999999976,0.17054382000000012,0.21451411999999986,0.0,0.19665299415145784,0.1924862764542601,0.1974616918598522,0.1976932453696944,0.19011669586466784,0.19720072564418756,0.18880950422433146,0.1930486722929393,0.1880319636394444,0.1927134511160348,0.0,52.869866476731424,52.17289650781607,44.988487237977346,52.58905629150692,51.00744277512812,52.777114749528074,49.74565165300335,52.3548048793657,39.520345288341645,18.967736161191574,7.970126530819701,0.007576549505026536,-0.0015589213667975815,0.00913547087182412,0.14768962843204433,0.19239684999999976,0.2371040715679552,-0.029187999999999988,35.62253346746107,32.436269325755006,37.13113161904501,40.802785900038145,14.315447760614505,0.012306999999999513,52.15758599596418,0.19217,1.5069990112920761,1
2018-07-30,0.194565,0.195371,0.17410499999999998,0.182759,0.182759,14327500.0,53,0.23468730265403004,0.203787,0.1919379047619046,0.1934129999999996,0.20115483333333356,0.18890034615384604,0.2022901538461541,0.1845933,0.19336384999999973,0.17076330000000012,0.21369542999999985,0.0,0.19480046159793013,0.19160197859478192,0.1925607945732348,0.19539566915897216,0.18957168135617392,0.19513762198073215,0.18841914911308427,0.19206870350313554,0.18782518075162305,0.1925163332721529,0.0,47.2783823243297,48.536790589105294,32.01174359978629,46.115114207075386,48.208048544911726,46.771179544034226,47.44842652362328,48.51033203231386,38.66196831801236,18.85879185722725,7.957060888835324,0.005823987802798247,-0.002649186455220696,0.008473174258018943,0.15049694467285651,0.19336384999999973,0.236230755327143,-0.014469999999999985,23.488220605797487,27.20328760255383,26.259301114102016,35.01840598830955,-19.58349949045145,0.017795999999999482,50.476805010777476,0.195066,-6.309146647801245,-1
2018-07-31,0.182705,0.183024,0.162996,0.164963,0.164963,22898500.0,48,0.2342586104013318,0.19962392857142852,0.1920114285714284,0.1863617999999996,0.19621391666666688,0.1886488846153845,0.1983708461538464,0.18544386666666665,0.19371489999999975,0.17051212000000013,0.21272291999999987,0.0,0.1908221333848728,0.1891802532679836,0.18336152971548986,0.19071372005759185,0.1877488160705314,0.19082696169777044,0.18690584917030464,0.1894872079314084,0.18692862464371626,0.19197072271230828,0.0,40.62232463875,43.901813224068434,21.33385940977737,38.65980883010109,44.53760940786687,39.730509215364,44.385740086448735,43.64437744899808,37.46186914170421,18.70191220687305,7.9381496022865905,0.002964903987060425,-0.004406616216766815,0.007371520203827239,0.1519690497308451,0.19371489999999975,0.23546075026915445,-0.038030000000000015,5.294751009421256,21.468501694226628,25.218355918496734,29.53626288388121,-51.921106785564696,0.0002909999999994306,39.49623411913257,0.182759,-9.737413752537494,-1
2018-08-01,0.164849,0.166186,0.159419,0.164672,0.164672,6516270.0,39,0.23412460047851946,0.1959637857142857,0.1923319047619046,0.1799259999999996,0.19350083333333354,0.1883997307692307,0.1937876153846156,0.18561119999999995,0.19429634999999976,0.17071772000000013,0.21167852999999984,0.0,0.1873354489335564,0.18695223024362145,0.17713168647699326,0.1867073015871931,0.18603942228752907,0.1870905385980889,0.18547140728834952,0.18712385479508373,0.18605581583415876,0.1914301539457279,0.0,40.52237455310239,43.83011256863558,21.195131504086934,38.549407943956,44.48010180617736,39.62546664224804,44.33738281310132,43.56934058387332,37.442484017238776,18.699343165710047,7.9378395696849315,0.0006678792996640259,-0.005362912723330571,0.006030792022994597,0.15466535208821164,0.19429634999999976,0.23392734791178796,-0.03588399999999997,13.234738353783,14.00590332300061,20.02787043417312,23.835175822257252,-48.70356993498836,0.0029609999999994922,41.330305657479094,0.164963,-0.17640319344336408,0
2018-08-02,0.164495,0.17006400000000002,0.160576,0.161711,0.161711,6014620.0,39,0.2340025615885627,0.1914964285714285,0.1927446666666665,0.17383419999999966,0.19006066666666685,0.1878672692307692,0.19105546153846176,0.1857154333333333,0.19450259999999975,0.17083068000000015,0.21031402999999987,0.0,0.1839188557424156,0.18465757294874674,0.1719914576513288,0.1828617167276249,0.18423731693289727,0.18346489022693335,0.18393847778587533,0.18470358290983768,0.18510111717399566,0.1908416558477927,0.0,39.463789338200094,43.08010401636524,19.63602879566554,37.372946441295426,43.8813944307124,38.509779684821574,43.835239617973116,42.783459215884754,37.242468724015346,18.672981944930047,7.9346705242661795,-0.0013756002052723593,-0.005925113782613565,0.004549513577341206,0.1556405486014283,0.19450259999999975,0.23336465139857124,-0.040799,6.045898179899732,8.191795847701357,16.737228323272497,20.661151558647408,-62.64762152795165,0.0004429999999994716,40.06082470087184,0.164672,-1.7981198989506564,-1
2018-08-03,0.161651,0.16418,0.156245,0.161268,0.161268,19290200.0,36,0.23359425870271386,0.18892778571428567,0.1929199999999998,0.16707459999999966,0.18678666666666685,0.18709846153846146,0.1878458461538464,0.1854674333333333,0.19435614999999976,0.17073944000000016,0.20946728999999986,0.0,0.1808987416434268,0.1825312481352243,0.16841697176755255,0.17953960646183648,0.18253588604897894,0.18029390590880004,0.18247586631581889,0.18247162263271027,0.18416648512795655,0.19025603890031165,0.0,39.299222080059685,42.964871286729306,19.38008718314278,37.188995556281036,43.789819262860206,38.33587018962097,43.75862230335413,42.66257275442511,37.21213340196567,18.669005023308454,7.9341942464477695,-0.0029962795871424923,-0.0060366345315869575,0.0030403549444444665,0.15499437124111864,0.19435614999999976,0.2337179287588809,-0.049272999999999983,12.83801053008229,10.706215687921699,12.18032373579674,16.315140831080743,-49.09284514887163,0.005514999999999437,39.20136402495265,0.161711,-0.27394549535900703,0
2018-08-04,0.161447,0.164415,0.15507200000000002,0.155753,0.155753,7786680.0,31,0.23342590993605786,0.18555349999999995,0.19251790476190456,0.16167339999999966,0.18289025000000012,0.1861178076923076,0.1843994615384617,0.18494249999999995,0.19331214999999974,0.17071642000000015,0.20828110999999988,0.0,0.1775459760909699,0.18009686194111302,0.16419564784503504,0.17588012854463084,0.1805519685638694,0.1767880622075429,0.18075181042447572,0.17992699190578548,0.1830522308092132,0.18957281040723614,0.0,37.228484702086114,41.51654798287544,16.221448740870564,34.87399979279656,42.639440107710634,36.147327947067275,42.79636188424692,41.14297531219081,36.83118357061014,18.619144567666464,7.928240146694166,-0.004671840019238538,-0.006169755970946404,0.0014979159517078653,0.1509758891886792,0.19331214999999974,0.2356484108113203,-0.052956999999999976,2.436319404693717,7.10674270489194,7.969943495575986,12.295831851548364,-64.71055587518147,-0.00493700000000058,36.6200821694104,0.161268,-3.419773296624251,-1
2018-08-05,0.15599000000000002,0.16156900000000002,0.155353,0.16069,0.16069,7040120.0,23,0.2332759470578284,0.1827059285714285,0.1917587142857141,0.16081879999999965,0.17873600000000014,0.186012846153846,0.18118253846153864,0.1845938333333333,0.19110374999999974,0.17069490000000015,0.20727083999999987,0.0,0.1752985126121739,0.1783326017646482,0.1630270985633567,0.17354318569161073,0.1790807116332124,0.17448833903503674,0.17945750007450956,0.17809489743856782,0.1821752805814009,0.18900087356748893,0.0,40.248245646611736,43.30875828557424,28.7041187130376,38.581769635028174,44.00688706856596,39.47824206923685,43.936782475612745,43.04968491023919,37.416193147262476,18.815186444764603,7.990359979971045,-0.005537525941601672,-0.005628353514647631,9.08275730459576e-05,0.14674382840225753,0.19110374999999974,0.23546367159774198,-0.039529000000000016,37.47331910352176,17.582549679432617,14.405657114396085,11.518641448589563,-52.80125029800532,0.0024349999999994103,38.64291849240029,0.155753,3.1697623801788755,1
2018-08-06,0.161158,0.163993,0.156478,0.158255,0.158255,5775870.0,25,0.2331539804941777,0.17954485714285706,0.1895395238095236,0.15953539999999966,0.17453141666666686,0.18602488461538444,0.17716053846153862,0.1840171666666666,0.18785419999999975,0.17065692000000016,0.20604602999999988,0.0,0.17302604426388407,0.17650736524058927,0.1614363990422378,0.1711911571236706,0.17753806632704852,0.17216929060146008,0.17808959684389605,0.17620538339679945,0.18123723036252246,0.1883920443879347,0.0,39.25042300433236,42.63368936903896,26.37799155594945,37.44276824049515,43.476035267142194,38.41387125342507,43.494850405367686,42.33936220393594,37.242678097477274,18.79263514925604,7.9876886541273375,-0.00634690920337791,-0.0051501894211390935,-0.001196719782238816,0.14388821506858476,0.18785419999999975,0.2318201849314148,-0.038595999999999984,21.23132337246525,20.38032062689361,16.004974118132534,12.79352490936816,-58.24329126251924,0.0032029999999994567,36.95589122757686,0.16069,-1.5153400958367036,-1
2018-08-07,0.158469,0.164099,0.15467,0.155052,0.155052,8001620.0,25,0.2329819393522189,0.17558135714285705,0.1862921904761903,0.15820359999999964,0.17076750000000016,0.1861021538461537,0.17303300000000016,0.18314366666666665,0.18481109999999976,0.17047640000000014,0.20417524999999986,0.0,0.17062950502869953,0.1745568774914448,0.15930826602815853,0.16870820987387514,0.17587243178430415,0.16972396337268006,0.17660330027332208,0.17419077545424713,0.1802103585836,0.18773184548916366,0.0,37.92529873953788,41.73717594159049,23.386463952808484,35.93117944271064,42.771256127788575,37.00072208140961,42.908217853741185,41.39597260537932,37.012384027628066,18.76275801119271,7.984159961869946,-0.007164221910429036,-0.004774001702552176,-0.00239022020787686,0.14059819406376606,0.18481109999999976,0.22902400593623345,-0.03711800000000001,3.9199589533093206,20.87486714309881,15.57978627281445,15.330139168447651,-77.9832759468765,0.02754499999999943,37.07013998635751,0.158255,-2.023948690404731,-1
2018-08-08,0.155077,0.155077,0.124885,0.12750699999999998,0.12750699999999998,32969400.0,23,0.23207479246418175,0.16978114285714274,0.18208233333333315,0.15145139999999965,0.16498883333333347,0.18494526923076904,0.16743976923076934,0.18135223333333325,0.17997374999999974,0.16978280000000015,0.2018627999999999,0.0,0.16487983769153958,0.17027961590131346,0.14870784401877235,0.16236956220097126,0.17228980720768905,0.16369296860515434,0.17343579702988193,0.16974470160146168,0.17814356020777253,0.1865392742913585,0.0,28.926931814536594,35.089494266785564,10.775399378740275,26.110708489311854,37.362305361026394,27.59808940049037,38.31588409055136,34.46226229817391,35.10808559512934,18.50719434531229,7.953791781275648,-0.009920245006717787,-0.006024019839072742,-0.003896225167645045,0.13285636375815602,0.17997374999999974,0.2270911362418435,-0.06755900000000004,6.632937009865887,10.594739778546847,14.338771568771168,15.30784398657268,-83.82764351856629,-0.0037580000000005938,27.361126656557268,0.155052,-17.765007868328052,-1
2018-08-09,0.127416,0.13403099999999998,0.122134,0.13126500000000002,0.13126500000000002,20807100.0,19,0.2314718276847301,0.16485585714285705,0.17765428571428551,0.14655379999999965,0.1599134166666668,0.18367865384615367,0.16239469230769246,0.18028043333333327,0.17667554999999974,0.16916604000000018,0.19952262999999987,0.0,0.16039785933266765,0.1667328326375577,0.14289356267918155,0.1575842449392834,0.16925093259971208,0.15906040166156085,0.1707151004473089,0.16607996811560818,0.1763051852976638,0.1854447342063811,0.0,31.309305151514536,36.534280998409365,18.013502511112726,28.97963769141849,38.46483134581759,30.204051914954018,39.23277321739461,35.99795648646963,35.5693971321938,18.659860482688266,8.001770547299149,-0.011666687660428693,-0.006216369994226917,-0.005450317666201776,0.12557716271686947,0.17667554999999974,0.22777393728313,-0.051493999999999984,21.758608364113016,10.770501442429435,18.20322936065503,16.040595734080178,-74.83936789094373,0.010285999999999462,34.120075273304145,0.12750699999999998,2.94728916843785,1
2018-08-10,0.131147,0.131147,0.120665,0.120979,0.120979,11739900.0,21,0.2311186514716203,0.15943642857142848,0.17402333333333314,0.13861159999999964,0.15373950000000014,0.18153811538461526,0.15691846153846167,0.17904833333333325,0.17257484999999975,0.16836906000000018,0.19696415999999986,0.0,0.1551420114216453,0.16257339330687062,0.13558870845278773,0.15195266879477826,0.1656752338886223,0.15362020142419502,0.16750631977328898,0.1617846378188836,0.17413553097226522,0.18416818501417556,0.0,28.50703634288239,34.342421099035185,14.223650739867528,25.987666150892238,36.63211512199124,27.306938016652328,37.64993022789783,33.72669996525684,34.87719146446961,18.563721480701226,7.990313761044647,-0.013722565093844036,-0.006617797942113808,-0.007104767151730228,0.11737064093745656,0.17257484999999975,0.2277790590625429,-0.043984,0.7229359487958625,9.704827107591617,10.853152729709851,14.465051219711981,-76.59660387263504,0.004320999999999464,28.62014703578896,0.13126500000000002,-7.836056831600214,-1
2018-08-11,0.121123,0.121486,0.113084,0.116658,0.116658,12298000.0,18,0.23072645393199004,0.1540427142857142,0.16991214285714268,0.13029219999999966,0.14823108333333349,0.17814580769230753,0.15088707692307707,0.17783549999999992,0.16837994999999975,0.16791334000000016,0.19454810999999986,0.0,0.15001080989875926,0.15839926664260967,0.1292784723018585,0.14652271974942774,0.16204432767465027,0.1483398869350243,0.16422578301372195,0.15748686278851373,0.17188151014982345,0.18283134966736014,0.0,27.403117110095554,33.45900287696069,12.859770406560838,24.821418052892607,35.886204011506244,26.171279538530353,37.001906195229715,32.813495796123604,34.588767296020634,18.523229683860887,7.985486709723467,-0.015521607925222503,-0.006733472618793819,-0.008788135306428684,0.10950013851047456,0.16837994999999975,0.2272597614895249,-0.04801400000000002,7.005782612956987,9.829108975288651,8.008044577808198,12.354808889390988,-76.5112367519808,-0.00033900000000056113,30.991191771889092,0.120979,-3.571694260987446,-1
2018-08-12,0.116416,0.119422,0.114619,0.116997,0.116997,6333640.0,18,0.23052540533502425,0.14846635714285705,0.16593314285714267,0.12268119999999964,0.14423391666666682,0.17405930769230754,0.14582846153846168,0.17648253333333322,0.16410429999999973,0.16750804000000016,0.19221100999999988,0.0,0.1456089685789247,0.15463542422055426,0.12518464820123898,0.14198030132643888,0.15870748858763914,0.14386233165859227,0.16117876475477216,0.15363068538008384,0.16972917641845786,0.1815276991788976,0.0,27.63866026333396,33.59938969579905,13.639380786660226,25.107073171724018,35.99238885904061,26.429789247240674,37.089688028502714,32.96302058737269,34.63202572807259,18.537309518701626,7.989869343928474,-0.01672718726120026,-0.006351241563817261,-0.010375945697383001,0.10327290828711658,0.16410429999999973,0.22493569171288288,-0.04471399999999999,9.318219703283912,5.682312755012286,9.087696727803117,9.316298011773682,-81.20598728897295,0.006613999999999454,28.88239197929329,0.116658,0.29059301548115535,0
2018-08-13,0.1171,0.123492,0.110236,0.110383,0.110383,7980200.0,21,0.2302679677097502,0.14329664285714278,0.16154614285714267,0.11925639999999965,0.1397098333333335,0.17000042307692292,0.14163000000000014,0.17468873333333326,0.15909639999999975,0.1670148000000002,0.18981432999999984,0.0,0.1409121727684014,0.1506124765641402,0.12025076546749265,0.1371191780454483,0.15512789684040662,0.13907956999307908,0.15790161864156105,0.14951185820102825,0.1674018753824399,0.18011889325456304,0.0,25.883172776594204,32.2103938644607,11.277232373039654,23.240599745229822,34.82385106803273,24.618599171628233,36.07623556352177,31.52571252269617,34.182160308445965,18.4743994801342,7.982414411429509,-0.018008718794958332,-0.006106218478060263,-0.011902500316898063,0.09787169522918364,0.15909639999999975,0.22032110477081587,-0.050885,0.6177768438747983,5.647259720038598,7.8846646946049015,8.326802000072032,-80.02299765600806,0.014009999999999441,25.010838140024692,0.116997,-5.653136405206983,-1
2018-08-14,0.110492,0.110653,0.09141,0.096373,0.096373,21715400.0,16,0.22948166572930945,0.13839735714285706,0.1561095714285712,0.11227799999999966,0.13426500000000016,0.1650819230769229,0.13637623076923094,0.1720133999999999,0.15347954999999974,0.16615852000000014,0.18748184999999984,0.0,0.1349736163992812,0.1456816150583093,0.11229151031166176,0.13085053526922547,0.15077568225963575,0.13297863142263922,0.1539320303421055,0.14445101456283507,0.16461642928901088,0.17846055873467068,0.0,22.6221633600418,29.503790029189787,7.830226396623268,19.85369408671545,32.502637726398376,21.290376998635782,34.04032681846266,28.738616324816984,33.24899757144325,18.34123233761665,7.9665904019954255,-0.019925146990410286,-0.0064181173388097755,-0.01350702965160051,0.09082436702969783,0.15347954999999974,0.21613473297030164,-0.059379999999999995,12.489619246546026,7.475205264568277,6.030866871091503,7.667742764499799,-79.15022271457907,-0.0025360000000005656,26.26792324056709,0.110383,-12.69217180181731,-1
2018-08-15,0.096649,0.104391,0.096649,0.098909,0.098909,9659970.0,18,0.22913625926182926,0.13369999999999993,0.15088095238095214,0.10786399999999964,0.12906841666666682,0.16130038461538446,0.13154530769230785,0.16848176666666656,0.14841404999999971,0.1654879400000002,0.18536834999999985,0.0,0.13016500087937705,0.14142955914391753,0.10783067354110784,0.12593645292011385,0.14693370579595902,0.12811154121940505,0.15038215741680838,0.14011367984256504,0.1620396673561085,0.17688528034388512,0.0,24.46777846984314,30.60950488308444,13.568780836363608,22.080464007687386,33.337892242912524,23.311419599681038,34.72930722131474,29.916235536768532,33.583765171526906,18.44870304573789,7.99976826117363,-0.020997252875845168,-0.0059921785793957275,-0.01500507429644944,0.08528990379345558,0.14841404999999971,0.21153819620654385,-0.061780999999999996,23.37447790038025,12.160624663600387,10.56117526140838,8.158902275701553,-73.97163200341939,0.00018399999999943464,29.72593350408177,0.096373,2.6314424164444405,1
2018-08-16,0.09868,0.102446,0.097461,0.098725,0.098725,6876800.0,21,0.2288906577709043,0.12920099999999993,0.14604790476190455,0.10427739999999963,0.1243160833333335,0.15729007692307675,0.12673430769230787,0.16433106666666658,0.1435077499999997,0.16477780000000014,0.18323177999999987,0.0,0.12597300076212678,0.1375473264944705,0.10479544902740524,0.12175007554778865,0.14336269055181391,0.12391346390234717,0.1470494375834659,0.13617190080993982,0.1595567392244964,0.17533755202024384,0.0,24.42249430445898,30.573055667886177,13.495623688588244,22.032348694954177,33.3068377513804,23.26474300628165,34.70213072105455,29.87861984639157,33.57130504086316,18.44692394232168,7.999557978508028,-0.021612615004025268,-0.0052860325660606606,-0.016326582437964608,0.08098440247243588,0.1435077499999997,0.20603109752756354,-0.05953000000000001,22.800947571847104,19.55501490625782,13.720208253186405,10.104083461895387,-73.13238743236646,-0.018319000000000585,24.734708387076182,0.098909,-0.18602958274778203,0
2018-08-17,0.098535,0.117044,0.098535,0.117044,0.117044,12840700.0,19,0.2284744960163096,0.1260421428571428,0.1422475714285712,0.10428679999999964,0.12067891666666683,0.15407807692307676,0.12375669230769247,0.1610353999999999,0.13975144999999972,0.16460230000000015,0.18132535999999988,0.0,0.12478246732717654,0.1356833877222459,0.1088782993516035,0.12102606392505193,0.14141315791834622,0.1229321119162976,0.14511360290066164,0.13435019597089792,0.1578895729803985,0.17418322425746674,0.0,36.88323173820663,38.24320708253168,47.38628725694626,36.86977293911126,39.16564915512488,36.826963636412614,39.56725675890432,38.024787707445476,35.98326901418217,19.23015502810124,8.240895714398157,-0.02038709399329429,-0.003248409244263745,-0.017138684749030544,0.08060191180017506,0.13975144999999972,0.1989009881998244,-0.03800799999999999,79.90150240009976,42.02564262410906,27.836864792549573,17.37274943571474,-42.52225918732326,0.007803999999999422,39.63779204150943,0.098725,18.555583692073952,1
2018-08-18,0.117808,0.122053,0.105927,0.10924,0.10924,14020100.0,24,0.22802932646816454,0.12271978571428566,0.13829852380952354,0.10405819999999964,0.11659433333333348,0.15049076923076904,0.11979900000000016,0.1572015999999999,0.1354601499999997,0.16408936000000018,0.17975120999999988,0.0,0.12271013835021967,0.1332794433838599,0.10899886623440233,0.1192128233211978,0.13902996103550574,0.12097609592825508,0.14279917690707056,0.1319587487355743,0.15598174658901032,0.17289721981672482,0.0,34.301876413274535,36.4462109011086,39.479343352762,33.89308840149116,37.700501969277724,34.064844272055005,38.31073081663438,36.146451354143096,35.424370560357495,19.151018259716963,8.231650780344177,-0.01981713771430796,-0.0021427623722219333,-0.017674375342086025,0.08093518439118902,0.1354601499999997,0.1899851156088104,-0.018266999999999974,58.186208922102935,53.629552964683285,39.350551208195206,26.96920808464368,-43.760054943504095,-0.003564000000000567,36.87924466206577,0.117044,-6.66757800485287,-1
2018-08-19,0.109059,0.114852,0.107364,0.112804,0.112804,15232100.0,27,0.2275464844298537,0.11929935714285707,0.13438128571428548,0.10734439999999963,0.1130736666666668,0.14673165384615364,0.11630276923076938,0.1543874333333332,0.1319623999999997,0.16354094000000022,0.1784551099999999,0.20000554999999987,0.12138931990352372,0.13141803943987265,0.11026724415626822,0.11822685050255195,0.1370872972550979,0.11980865365279005,0.1408640042033886,0.1301344869512339,0.1542885016247354,0.1717072550678788,0.20000555,36.47723992795593,37.843553338251255,44.54994653686508,36.43220158200885,38.78651216473372,36.41051451607631,39.22157860457079,37.6239735207889,35.88823452471372,19.3041934051924,8.278877225670996,-0.018860446752545945,-0.0009488571283679352,-0.01791158962417801,0.08138041605356111,0.1319623999999997,0.1825443839464383,-0.01846100000000002,63.592347661785574,67.22668632799612,49.57109689124311,38.91950429732925,-45.64135801292432,0.009308999999999429,38.2979969832656,0.10924,3.262541193701929,1
2018-08-20,0.112741,0.114371,0.103495,0.103495,0.103495,5514040.0,26,0.22736585215648544,0.11538792857142847,0.1306068095238093,0.10826159999999962,0.11107266666666682,0.14268492307692288,0.1123368461538463,0.1510708333333332,0.1288889999999997,0.16282192000000026,0.17705347999999987,0.1985634399999999,0.11900341058305387,0.12887958130897514,0.10800982943751217,0.11596041196369783,0.13459897893990547,0.11747813170239148,0.1384531007063958,0.12759739295587827,0.15229659960023598,0.17035651734376234,0.19904524601990048,33.3837901183396,35.69597334262917,35.28415887968622,32.86078458327199,37.035368503572,33.098388929784534,37.718451149163535,35.378815615885976,35.21431697964946,19.208189942569824,8.267708364718494,-0.01863856697620765,-0.0005815818816237128,-0.01805698509458394,0.07928957569094802,0.1288889999999997,0.17848842430905135,-0.017484,24.53643461288224,48.77166373225694,49.803488233743494,46.24171211106057,-48.983827107485276,-0.0016430000000005607,38.2627729564635,0.112804,-8.252366937342648,-1
2018-08-21,0.104145,0.10731,0.100842,0.105138,0.105138,6833200.0,19,0.22713776501230404,0.11182264285714276,0.12775799999999976,0.10954419999999962,0.1088954166666668,0.13902796153846134,0.110616153846154,0.14789023333333326,0.1259122999999997,0.16173164000000026,0.17553434999999987,0.1975070249999999,0.11715468917198005,0.12672125573543194,0.10705255295834144,0.11429542550774432,0.1324166842036162,0.115715255744907,0.1363037393704993,0.12545840315055656,0.1504472427531679,0.16906506155477696,0.19811084556199104,34.435241811460855,36.36370238430553,38.01464533039135,34.0960582275035,37.5521223062484,34.23546868030353,38.150746112233364,36.08562870645131,35.43259134318455,19.279750487635177,8.289654414849693,-0.018121258695871875,-5.141888103035036e-05,-0.018069839814841525,0.07824688543865205,0.1259122999999997,0.17357771456134735,-0.011519999999999987,28.076367038013487,38.735049770893795,50.85857212697679,50.07771908398777,-45.2808621815806,0.0030069999999994546,42.61239437702251,0.103495,1.5875163051355168,1
2018-08-22,0.105017,0.111934,0.099919,0.102131,0.102131,7187900.0,21,0.2268992004622564,0.11001007142857132,0.12477985714285693,0.10656159999999963,0.10732475000000016,0.13538488461538442,0.10837507692307706,0.14454426666666656,0.12293329999999973,0.16060258000000027,0.17404752999999984,0.19634320499999988,0.11515153061571605,0.12448577794130175,0.10541203530556097,0.1124239754296298,0.13017330018853351,0.11377464778134885,0.13409904650788645,0.1232367457076464,0.14855248813539662,0.16773963459329624,0.1971558222230657,33.401448325039766,35.65385042471644,34.790822051584676,32.896038232927125,36.975374596551134,33.12578035927918,37.65643960226853,35.34275458524806,35.21112910899972,19.24823569396609,8.286008207103464,-0.017749324758903715,0.00025641204475024965,-0.018005736803653964,0.07728366109395254,0.12293329999999973,0.1685829389060469,-0.014866000000000002,9.993674889310533,20.868825513402115,36.87700662481893,45.84635566184638,-29.612341587508965,-0.0028590000000005555,41.83507030231058,0.105138,-2.8600506001635884,-1
2018-08-23,0.102217,0.105576,0.101782,0.10499,0.10499,4604280.0,18,0.2267461937444877,0.1081332857142856,0.1220788571428569,0.1057115999999996,0.10635241666666682,0.1320318076923075,0.107145153846154,0.14102589999999987,0.1201193999999997,0.15932822000000027,0.17258218999999986,0.19552575999999988,0.1137966598669539,0.12271343449209253,0.10527135687037398,0.11128028690199444,0.12830787054493845,0.112519698098299,0.13222104350737765,0.12149896040215627,0.14684415526734185,0.1664970675716468,0.1962387493651248,35.377765196087864,36.881128649572155,40.543639325560456,35.243562499392745,37.9168228827744,35.27395324614341,38.440072322676684,36.64482089697996,35.60147854563787,19.37479264535065,8.324538727659629,-0.017027583642944003,0.0007825225285679678,-0.01781010617151197,0.07758761026746559,0.1201193999999997,0.1626511897325338,-0.005392999999999981,33.958347284537666,24.00946307062059,32.031434297305886,39.922337683033845,-30.98649684533282,-0.0023740000000005428,43.38878122917628,0.102131,2.7993459380599495,1
2018-08-24,0.105442,0.107642,0.104098,0.107364,0.107364,3826110.0,19,0.22662166614961235,0.10716078571428564,0.11951199999999974,0.10462359999999962,0.10554966666666682,0.12865865384615366,0.10643023076923093,0.1376476999999999,0.1176999499999997,0.15804548000000027,0.17116181999999988,0.19506012999999986,0.1129389718846934,0.12131803135644775,0.10596890458024932,0.11067778122476453,0.12675647272679486,0.111783169798542,0.13061736328109522,0.12015277369718902,0.14529591388430885,0.1653261157385449,0.1953544235007952,37.03997734314342,37.9112848542642,45.347899494696506,37.21924489204083,38.70633493204189,37.081300014751385,39.09692381094785,37.73800867862254,35.92843147484843,19.480625938007325,8.356668139216392,-0.016078691502030326,0.001385131735585316,-0.017463823237615642,0.0783141405892906,0.1176999499999997,0.1570857594107088,0.010991000000000016,51.515361195682324,31.822461123176872,29.61603700408524,32.84149264206999,-17.7087262463743,-0.00029500000000051707,36.867766604899074,0.10499,2.2611677302600164,1
2018-08-25,0.107158,0.109993,0.106115,0.107659,0.107659,4400240.0,22,0.22648061760921714,0.1065179999999999,0.11722180952380927,0.1054563999999996,0.10532266666666684,0.1257701923076921,0.10571192307692323,0.13456236666666654,0.11504839999999968,0.1567756600000003,0.1698002399999999,0.19445939499999984,0.11223497563340093,0.12007630123313433,0.10653226972016623,0.11021335334403153,0.12534184511740265,0.11119400268446457,0.12913617855328266,0.1189628904879329,0.14381995647708104,0.16418419265461331,0.1944818322221803,37.25485395031034,38.04292230733788,45.99856242442022,37.4760384212717,38.806754888970794,37.315533146746716,39.18025267074982,37.87786741581946,35.96963522881772,19.49388897516727,8.360679012057085,-0.015128491773371125,0.0018682651713956137,-0.016996756944766742,0.08108104307324822,0.11504839999999968,0.14901575692675115,0.008749999999999994,64.41947565543065,49.96439471188357,37.592645212594924,33.08003883799531,-12.351592846260454,0.0015669999999994575,40.049123128971075,0.107364,0.27476621586379757,0
2018-08-26,0.10758,0.108212,0.104444,0.106092,0.106092,3747060.0,19,0.2263590793952757,0.10573907142857134,0.11462190476190452,0.10564719999999958,0.10613258333333347,0.12350592307692285,0.1053818461538463,0.13153706666666656,0.11244024999999967,0.15538640000000029,0.1683187099999999,0.19391967999999984,0.11141591221561414,0.1188050011210312,0.10638551314677748,0.10957929898341127,0.12391593066426172,0.1104651451581125,0.12764945735629665,0.11773709139384406,0.14234042877209746,0.1630338522060071,0.19360233140404914,36.54501053565271,37.59931660899643,42.754013532419854,36.614218755903686,38.45918518388503,36.537428117098216,38.888199806924476,37.409182375395886,35.84474052498538,19.476677193955574,8.35872606190727,-0.014336631680850418,0.0021281002111330567,-0.016464731891983476,0.08507211933003478,0.11244024999999967,0.1398083806699646,0.007367000000000012,51.37744486059097,55.77076057056801,42.252860777110406,36.48718099793015,-14.719578862117801,-0.0055110000000005155,37.03220176076347,0.107659,-1.455521600609333,-1
2018-08-27,0.10576,0.111603,0.105559,0.111603,0.111603,5016210.0,18,0.2262012720673795,0.1058262142857142,0.11240038095238072,0.1075415999999996,0.10719041666666684,0.12146480769230747,0.10655338461538476,0.12885149999999992,0.1102677999999997,0.1539933200000003,0.16684725999999986,0.1932956099999998,0.11144085725353227,0.118150273746392,0.10812467543118498,0.109890637601348,0.12300386172616826,0.1106276958498107,0.12661420204298718,0.11715289221347795,0.1411350394084858,0.16201541948905648,0.1927864176587352,40.79568358491519,40.16976424302377,55.88597056592035,41.72047114689358,40.40845111444233,41.18258714978917,40.50000669481405,40.14415420795843,36.63401088466154,19.72842858671014,8.434323972107292,-0.01311322412482023,0.0026812062137305977,-0.015794430338550828,0.09163919603388976,0.1102677999999997,0.12889640396610966,-0.005441000000000015,100.0,71.93230683867391,60.25412579924832,46.69987726298452,1.6716450631662976,-0.00809800000000052,50.45854262848838,0.106092,5.194548128039811,1
2018-08-28,0.111902,0.120394,0.111058,0.119701,0.119701,9854810.0,19,0.2259122447095669,0.10749249999999992,0.11071699999999976,0.11048379999999958,0.10893841666666684,0.11984903846153824,0.1081527692307694,0.12633933333333325,0.1098774999999997,0.1527623400000003,0.16538877999999987,0.19258241499999976,0.11254220961972797,0.11829124886035634,0.11198345028745664,0.11139992412421756,0.12275920530200765,0.1119238821569806,0.12616818900795576,0.11739556914552765,0.14029448884344714,0.1611775101922435,0.19205919957257864,46.44390147129303,43.73747301740582,68.59082193334775,48.344692667013376,43.15590845484728,47.28811870517178,42.791082510001246,43.924667350447685,37.78127177950865,20.09916925124356,8.54573701857076,-0.011359281177790087,0.0035481193286085923,-0.014907400506398681,0.0924835096827164,0.1098774999999997,0.12727149031728302,0.010460999999999998,95.74742268041237,82.37495584700115,72.61194087842325,58.37297581826064,34.781571492470604,0.0010899999999994805,56.76229224254065,0.111603,7.256077345591083,1
2018-08-29,0.119773,0.121831,0.11589,0.118611,0.118611,8701020.0,19,0.2256623524059229,0.10889978571428564,0.11029338095238073,0.11273319999999958,0.10906900000000018,0.1182083846153844,0.1096824615384617,0.12420106666666658,0.1092447999999997,0.15186618000000027,0.16404957999999986,0.1919417549999998,0.11335138167043088,0.11832031714577852,0.1141926335249711,0.11250932041279947,0.12245193083519225,0.11287918470598338,0.12568062842679734,0.11751132446500122,0.1394441559476257,0.16033460900031787,0.1913283717161351,45.81357692404888,43.372771168651255,65.5419298246175,47.55648725066503,42.87957346287363,46.58712060594828,42.56312953661122,43.536041980928246,37.68759040788234,20.086557248245583,8.544330659632582,-0.009942610422392792,0.00397183206720471,-0.013914442489597502,0.09439141512120038,0.1092447999999997,0.12409818487879902,0.005806999999999993,81.48041640305973,92.40927969449076,78.60495191989874,70.49033953252341,30.02255272461299,0.005140999999999452,63.769414198236035,0.119701,-0.9106022506077727,0
2018-08-30,0.118792,0.118792,0.10962,0.11347,0.11347,6208880.0,22,0.2254767419482345,0.10995299999999993,0.10944599999999978,0.11389539999999958,0.10942150000000016,0.11658211538461515,0.10940753846153864,0.12248463333333325,0.10886934999999967,0.15097674000000028,0.16293759999999985,0.1913268949999998,0.11336719744770678,0.117879379223435,0.11395175568331405,0.11265711727236878,0.12178660262517806,0.11296358689084288,0.12489284594764913,0.1171264364207154,0.1384255615967384,0.15940659694090564,0.19055366154980535,42.87318258297297,41.65647859371544,52.367296063193464,43.899422650717185,41.57566720681614,43.32493607687978,41.48603103631297,41.70853918111897,37.24332106390015,20.026694354390308,8.537670675106776,-0.009129485352809249,0.003827965709430604,-0.01295745106223985,0.094912264928446,0.10886934999999967,0.12282643507155334,0.009974999999999998,51.91234830620578,76.38006246322601,76.10352645005376,75.77347308279191,20.890891316359983,-0.004529000000000533,59.37054403048885,0.118611,-4.334336612961698,-1
2018-08-31,0.11418699999999996,0.118148,0.113074,0.117999,0.117999,6049440.0,17,0.2253004443658436,0.1100212142857142,0.109304095238095,0.11627679999999957,0.10985441666666684,0.11494015384615365,0.11008130769230784,0.12092886666666658,0.10893639999999967,0.1502758600000003,0.16218422999999987,0.1906854349999998,0.11398477112134588,0.11789025383948636,0.11530083712220934,0.11347894538431205,0.12150603946775745,0.11368293162072247,0.12444808169296208,0.1172095377139806,0.13762451996549374,0.15858664452623425,0.1898317246189616,46.136248984203284,43.71211904341846,60.7152379379194,47.735163709552616,43.156981432352154,46.85547180485199,42.80363666265553,43.88732285870861,37.90111020493214,20.23820061837133,8.600745870338868,-0.008027094083445388,0.00394428558303557,-0.011971379666480958,0.09480991432089482,0.10893639999999967,0.12306288567910455,0.012860999999999996,76.45034414945927,69.9477029529083,81.11810630782743,78.60886155925995,1.681604479583078,-0.007793000000000508,58.575667559153615,0.11347,3.9913633559531148,1
2018-09-01,0.118132,0.127662,0.117787,0.125792,0.125792,8338040.0,21,0.22507469889183768,0.11120349999999993,0.1097390476190474,0.11911459999999957,0.11171250000000016,0.11369157692307673,0.11108038461538478,0.11973156666666658,0.1093761499999997,0.14963998000000026,0.16138084999999985,0.1901205249999998,0.11555906830516645,0.11860859439953307,0.11879789141480625,0.11537326147903328,0.12182351802570135,0.11541279853204785,0.12453478609986775,0.11802691507455387,0.1371604995746901,0.15793724562472464,0.18919451342872312,51.26800127405132,47.073614249984,71.15390086803652,53.64340159157606,45.77928190492876,52.35531254161495,45.00548818347456,47.43693966094357,39.0228608275338,20.60312704435137,8.70961626461966,-0.00645025654666806,0.004416898495850318,-0.010867155042518378,0.0937275821048768,0.1093761499999997,0.1250247178951226,0.023661000000000012,89.63529542179369,72.66599595915295,79.04516539218615,78.75559938335577,29.15110954561473,0.0029199999999995068,64.01049768818197,0.117999,6.604293256722493,1
2018-09-02,0.12579300000000002,0.125949,0.120308,0.122872,0.122872,8447490.0,18,0.2248454294106479,0.1119226428571428,0.1100188095238093,0.1197487999999996,0.11319033333333353,0.11245388461538444,0.11257092307692323,0.11845169999999992,0.1100005999999997,0.14881348000000028,0.16068407999999987,0.1893592899999998,0.11653412586447758,0.11899617672684824,0.12015592760987084,0.11652691355918199,0.12190118335713085,0.11647839874175528,0.12442750957729565,0.11848835173412015,0.1366001662580356,0.15724288432522518,0.18853458792196967,49.37933290088626,45.99537940202809,63.560013535200824,51.28986882884409,44.972016623902256,50.25662522348704,44.34452355232517,46.28500389960765,38.75530036536843,20.567515422629548,8.705711313134179,-0.005374269797948861,0.004394308195655614,-0.009768577993604474,0.09322659485545164,0.1100005999999997,0.12677460514454775,0.017882,73.45083693603817,79.84549216909708,74.5858482433113,78.24970664777493,17.935014963659754,0.0015199999999995215,62.82953212169176,0.125792,-2.3212922920376466,-1
2018-09-03,0.123287,0.123667,0.119218,0.121352,0.121352,5303280.0,19,0.22469972412459435,0.1131981428571428,0.11054114285714264,0.12029699999999957,0.11479208333333353,0.11221715384615366,0.113818153846154,0.11730499999999992,0.1112495499999997,0.14770786000000027,0.15990722999999987,0.1886076349999998,0.11717650908254724,0.11921034247895294,0.12055461840658055,0.11726923455007708,0.1218605031084545,0.11717462749293313,0.12422908960456687,0.11876108014039445,0.1360021989537989,0.15653217374452766,0.18786610446005952,48.385196916298725,45.42793548770276,59.587524037576344,50.05151706398301,44.547376930094224,49.152102882734034,43.99695812485839,45.6787206562856,38.614722592095625,20.54884182182707,8.70366982985184,-0.004591268558377422,0.0041418475481816396,-0.008733116106559063,0.09503753555359673,0.1112495499999997,0.12746156444640264,0.013987999999999988,65.02605032701473,76.03739422828222,71.29497502810231,74.97532955453325,36.935073530932705,-0.0008860000000004975,61.55708623105334,0.122872,-1.237059704407839,-1
2018-09-04,0.121506,0.124856,0.120934,0.122238,0.122238,5491800.0,26,0.22455111207013614,0.11441957142857136,0.11177280952380927,0.1220505999999996,0.11622941666666685,0.11186996153846136,0.11536484615384633,0.11602326666666657,0.1124159999999997,0.14605546000000028,0.15911305999999986,0.18784334499999986,0.1178513745382076,0.1194855840717754,0.12111574560438705,0.11803366000391137,0.12188846584116154,0.1178979664225141,0.12410063221072384,0.11909221536511877,0.13546242644580678,0.15585308119513108,0.1872130884952828,49.0261137500219,45.83598522727418,61.28023523399933,50.801610841406536,44.862518504719716,49.84405873234695,44.260102032594546,46.110753540480026,38.74682309677165,20.591286759981948,8.716209653439599,-0.003854805837250189,0.0039026482154470993,-0.007757454052697287,0.0965900755254694,0.1124159999999997,0.12824192447453,0.014579000000000022,62.818755141212044,67.09854746808834,73.47625639510356,73.11902655550573,35.93191847026693,0.019366999999999523,56.410679588576905,0.121352,0.7301074559957765,0
2018-09-05,0.122012,0.123485,0.102871,0.102871,0.102871,12215900.0,17,0.22418031711263986,0.1144724285714285,0.11196147619047596,0.1190249999999996,0.1158550000000002,0.1111734999999998,0.11520184615384635,0.11417713333333325,0.11262329999999968,0.1436479600000003,0.15828826999999987,0.18694824499999985,0.1158539912664466,0.11797516733797765,0.11503416373625802,0.11570094308023272,0.1204797646677422,0.11575125693358353,0.12273097851970942,0.11754733771129795,0.13418433129106927,0.1548039310724552,0.18637386373413573,37.980695395156744,39.13498135164618,29.199204827818388,37.47486592184225,39.73637354952954,37.75076800278815,40.013360765203,38.99288291259123,36.972830682825425,20.351256003098023,8.689988487451966,-0.004778821587509488,0.00238290597215024,-0.007161727559659728,0.09745762869447476,0.11262329999999968,0.1277889713055246,-0.0032210000000000016,0.0,42.61493515607562,58.18618756521172,67.65247299613918,1.1571540265833191,-0.0014220000000005062,43.369912544131644,0.122238,-15.84368199741487,-1
2018-09-06,0.10271199999999996,0.104293,0.098027,0.104293,0.104293,10403500.0,14,0.2238457415906256,0.1144226428571428,0.11222661904761884,0.1147251999999996,0.1155745000000002,0.11069792307692287,0.11496561538461555,0.1124851666666666,0.1119857499999997,0.1414155400000003,0.15734301999999986,0.1861823949999998,0.11431252576425373,0.11673133394361605,0.111453775824172,0.11394587491404308,0.11928074506272425,0.11411436308592872,0.12154143151843785,0.11628501983403147,0.13301212222083125,0.1538037146155749,0.18555713872185575,39.06076603145881,39.81181998437713,32.320971851931425,38.752868429174754,40.25687605023099,38.92251584257961,40.44689706770527,39.71037480431338,37.18820518042076,20.420049231599894,8.71025362883034,-0.005334870148681198,0.0014614859287828245,-0.006796356077464022,0.09653320502991518,0.1119857499999997,0.1274382949700842,-0.007309999999999983,22.44108588210016,28.419947007770766,44.747345657272994,58.80326320586274,-1.1149680866379403,0.0003899999999995296,47.48719545882467,0.102871,1.3823137716168832,1
2018-09-07,0.104293,0.105139,0.102883,0.103903,0.103903,8918020.0,17,0.2235645501883399,0.11417542857142852,0.11160085714285692,0.1109313999999996,0.11539208333333352,0.11019430769230748,0.1146766923076925,0.1116983666666666,0.1117188999999997,0.1390085200000003,0.15641898999999987,0.1853642749999998,0.11292458899568655,0.11556512176692367,0.10893685054944802,0.11240081723495952,0.1181416528358558,0.11265559693079605,0.12040346819466766,0.115105779849838,0.13187058801609278,0.15281558165289025,0.1847446597295985,38.8618922898966,39.685021984785024,31.858658858435913,38.51894240184261,40.158089906486346,38.707315523702384,40.36422230116096,39.57633727838096,37.15268935491266,20.415164889927926,8.709720825970221,-0.005740835600896291,0.0008444163812541852,-0.006585251982150476,0.09588703360206803,0.1117188999999997,0.12755076639793134,-0.015798000000000006,21.901673562190147,14.78091981476347,34.4375129825034,45.790348734996,-5.717920335706839,0.0039669999999995,44.45429188890809,0.104293,-0.37394647771182843,0
2018-09-08,0.103851,0.104406,0.098606,0.099936,0.099936,8264680.0,18,0.22329864327213692,0.11362378571428565,0.11115780952380933,0.1066481999999996,0.11441983333333355,0.1097924999999998,0.11420315384615402,0.1106540666666666,0.1110754999999997,0.1370626600000003,0.15543359999999987,0.18463021499999985,0.111192777129595,0.11414429251538515,0.10593656703296532,0.11048315304496574,0.11679308595912576,0.11083851165496804,0.11908298637565685,0.1136610389117582,0.13061825123114795,0.15176846122412013,0.18390079246860747,36.8188929269346,38.38235627229622,27.1231128623708,36.116567096846865,39.14347019271089,36.49686957930385,39.51525571649968,38.19924180013607,36.7881682945413,20.365120522577683,8.704277903478456,-0.006309932914160003,0.0002202552543923795,-0.006530188168552381,0.0944055902095748,0.1110754999999997,0.12774540979042462,-0.018675,7.1154347907115225,17.15273141166731,22.855389875242764,34.01341617167303,-12.029407641625465,-0.0015810000000004989,38.14942222569691,0.103903,-3.8179840813066024,-1
2018-09-09,0.100023,0.10289,0.099498,0.101517,0.101517,8075720.0,13,0.22304060266510908,0.11329699999999995,0.11062033333333313,0.10250399999999957,0.1129045000000002,0.10999034615384594,0.11342730769230787,0.11000533333333323,0.11097659999999968,0.1350331400000003,0.15437915999999988,0.18404646999999985,0.10990267351231567,0.11299635683216835,0.10446337802197687,0.10910374488420177,0.11566152403622755,0.10950686713282977,0.11794969693206607,0.11250446377730504,0.12947702569267155,0.15077338278403854,0.1830810532400641,38.20604218008847,39.21540979585711,31.95991511379432,37.79169001055175,39.77323712806592,38.0160878766633,40.03465868330004,39.086199923941344,37.0392828438925,20.443620289366752,8.727123651552182,-0.006557779152025753,-2.2072786778697465e-05,-0.0065357063652470545,0.09409519754641628,0.11097659999999968,0.1278580024535831,-0.011953000000000005,13.708853798413047,14.241987383771608,13.03340960668296,23.442104154809684,-7.124503620649349,0.0016009999999995195,38.486243025356494,0.099936,1.5820124879923236,1
2018-09-10,0.101794,0.10322,0.099121,0.099916,0.099916,8111150.0,15,0.22278136188414047,0.11246221428571423,0.11044990476190453,0.10191299999999956,0.11134658333333353,0.11002907692307673,0.1119053846153848,0.10944726666666656,0.11071549999999968,0.13302034000000032,0.15313387999999986,0.18342284499999986,0.10857111704400693,0.1118072334837894,0.1029475853479846,0.10769024567124766,0.1144951889224329,0.10813674325671123,0.11678623261386825,0.11130556246518077,0.128317769783155,0.1497663058972259,0.18225354027250126,37.317113957000494,38.660908302494114,29.574689726334444,36.73497056815128,39.3450704392818,37.049477873704156,39.67811763355199,38.498704898387736,36.88792068618896,20.423029829471695,8.724901667077432,-0.006804943251185247,-0.0002153895087505537,-0.006589553742434693,0.09330076053809078,0.11071549999999968,0.12813023946190855,-0.018083000000000016,26.560742407198898,15.795010332107859,18.345558088122736,18.078119190016128,-19.379819252134926,-0.0010320000000005047,36.01024882793507,0.101517,-1.5770757607100228,-1
2018-09-11,0.10001,0.102086,0.100009,0.100948,0.100948,7593040.0,18,0.22254019344050946,0.11112271428571424,0.1102503809523807,0.10124399999999957,0.11030308333333354,0.1101145769230767,0.11054669230769247,0.10891229999999988,0.11065634999999968,0.1309891000000003,0.15180882999999987,0.18279205499999984,0.10755470143813932,0.11082003043980856,0.1022810568986564,0.10665297710644032,0.11349169344669713,0.1071097799343239,0.115764411154909,0.11031912794468736,0.12724444547793326,0.14879960677054815,0.1814445299215311,38.308429822936475,39.24106838278975,33.418374899818595,37.94662633552168,39.77902921035917,38.14131434957168,40.03383778478461,39.118070126020854,37.057038925229286,20.475175793147656,8.739954041096116,-0.0068387163402568035,-0.00019933007825768785,-0.006639386261999116,0.09311129277701673,0.11065634999999968,0.12820140722298262,-0.02484400000000002,35.848767794275105,25.37278799996239,21.027094470557724,17.468687388454455,-35.224177764420745,0.0027249999999995056,35.212239520061146,0.099916,1.0328676087913768,1
2018-09-12,0.100797,0.101306,0.090572,0.098223,0.098223,9069600.0,14,0.2222431942676983,0.10966642857142853,0.11006428571428546,0.10010799999999956,0.10865508333333353,0.10939069230769208,0.10937384615384634,0.10850696666666657,0.11031799999999968,0.1287427400000003,0.1505746099999999,0.18220542499999984,0.10631047457972076,0.1096748458543714,0.10092837126577094,0.10535605755160336,0.11236067911731216,0.1058402399437062,0.114632707209431,0.10916711575947904,0.1261063495768378,0.14779808980479472,0.18061645499693876,36.66784571215193,38.24055055066455,28.491201378440685,35.97568573521368,39.013650837527415,36.348575025170014,39.39988662104814,38.05550357644182,36.79150956594814,20.439455845747823,8.736130861554992,-0.007004621565708803,-0.00029218824296774887,-0.006712433322741053,0.09206608467441034,0.11031799999999968,0.12856991532558898,-0.024649000000000004,55.305768396703826,39.23842619939264,27.707913437460466,22.36018866538028,-37.15420782155474,-0.005249000000000503,53.49142381026569,0.100948,-2.6994095970202414,-1
2018-09-13,0.098442,0.103622,0.098344,0.103472,0.103472,9805830.0,20,0.2219366712863,0.10895228571428564,0.10999199999999976,0.10081519999999958,0.10679508333333354,0.10916884615384594,0.1082563846153848,0.1087435999999999,0.11012339999999968,0.1266379800000003,0.14934235999999987,0.18164627999999985,0.10593201130242466,0.10911095077670127,0.10177624751051396,0.10506620254366436,0.11170225844195568,0.10550191995174817,0.1139126615830161,0.1086247237823858,0.12521872802480494,0.14692034545222454,0.17984884847955626,41.81087791803946,41.26267025068593,46.66719832938828,42.236437797285426,41.27388662818559,42.00339533189221,41.25160563112912,41.28142364049109,37.669027447450546,20.70857266873473,8.81334964144034,-0.006636055898291318,6.110193955978765e-05,-0.006697157837851107,0.09165713956416532,0.11012339999999968,0.12858966043583406,-0.01787999999999999,98.8505747126437,63.33503696787424,46.0549414218469,31.596649776621668,-18.184132988978128,-0.006083000000000505,53.88070885080437,0.098223,5.343962208444042,1
2018-09-14,0.103354,0.110772,0.102238,0.109555,0.109555,12869200.0,23,0.22155575605258984,0.1083491428571428,0.11009633333333307,0.10242279999999956,0.10568533333333352,0.10904388461538438,0.1070073846153848,0.10909846666666656,0.11021819999999967,0.12482470000000033,0.14824879999999988,0.18108782999999984,0.10641507646210137,0.10915131888791026,0.10436916500700932,0.105756786767716,0.11154320226107008,0.10608093138721272,0.11363152212604732,0.10871332151739667,0.12460446418069494,0.1461804376214874,0.17914940720115272,47.1407908106258,44.556516941200286,60.59571102782928,48.552536229093505,43.78134218724156,47.79199725462161,43.32542811844954,44.7806550817161,38.67539524114272,21.02126404103316,8.903120393790394,-0.005786415493354083,0.0007285938755976182,-0.006515009368951701,0.09178577291476528,0.11021819999999967,0.12865062708523406,-0.012683000000000014,93.97524752475243,82.71053021136667,62.10822016711477,45.290358342140685,-14.935616244516726,-0.008294000000000495,57.58313397569486,0.103472,5.878885109014997,1
2018-09-15,0.10965,0.120898,0.108198,0.117849,0.117849,8813720.0,24,0.22131482634588595,0.10778178571428566,0.11058157142857117,0.10600939999999956,0.10539341666666688,0.10959596153846132,0.10662100000000016,0.10973593333333324,0.11080604999999967,0.12324466000000033,0.1472374299999999,0.18057562499999985,0.10793959960048784,0.10994201717082752,0.1088624433380062,0.10761712726499048,0.1120102983898797,0.10776208404618233,0.11390361747275395,0.10958338613478746,0.12433954401674616,0.14561941905472528,0.17853945290064374,53.37911902467702,48.66824948799436,72.39252049212348,55.70645043448228,46.9863307239691,54.46534911995804,46.010592000730476,49.12143270321411,40.022154815603976,21.447858568736105,9.025845638271514,-0.004393171124889239,0.0016974705952499695,-0.0060906417201392095,0.09217881764943413,0.11080604999999967,0.12943328235056525,0.014977999999999991,89.94592099188812,94.2572477430948,74.78525588405259,60.98280582433807,-13.926048003927255,-2.700000000049885e-05,63.05137011452432,0.109555,7.570626625895671,1
2018-09-16,0.118079,0.119159,0.114024,0.117876,0.117876,6552720.0,28,0.22113872748132174,0.10742492857142852,0.11114271428571404,0.10939499999999956,0.10502991666666688,0.11008588461538436,0.10635361538461556,0.10976366666666657,0.11111969999999967,0.12175878000000033,0.1462827599999999,0.18005937999999985,0.10926445298708946,0.11066328833711593,0.11186696222533747,0.10919541537806886,0.11244479480544416,0.109206929182442,0.11415990021644724,0.11037315888385532,0.12408607170236395,0.14507004441997826,0.17793583645387118,53.39830183612337,48.681228861181886,72.42476985912099,55.728160901226474,46.99654577005722,54.48574482871135,46.01919524147318,49.13510002797715,40.02652816735661,21.44925357617854,9.026246608670707,-0.0032493794273753124,0.002273009834211117,-0.0055223892615864295,0.09222661011201044,0.11111969999999967,0.13001278988798892,0.013582999999999984,90.034953505243,91.31870734062788,85.62249302624619,74.17198969247117,-9.227245862884132,0.008593999999999519,64.17274919597004,0.117849,0.02291067382838019,0
2018-09-17,0.117872,0.120066,0.10888699999999996,0.109282,0.109282,6901020.0,25,0.22094632235183728,0.10656278571428568,0.11103219047619023,0.11160679999999952,0.1055641666666669,0.11036092307692284,0.1053570000000002,0.10976506666666656,0.11059874999999966,0.12004310000000032,0.1452934599999999,0.17940854999999986,0.10926679258881086,0.11053771667010537,0.11100530815022497,0.1092087360891352,0.1122105137087446,0.10921765358495028,0.11384519697667644,0.1102692389901548,0.12350551987089868,0.144361370273048,0.1772527137030864,46.827378021280744,44.89585432565629,50.080152925839755,47.671085816055424,44.18253900666824,47.233634192608825,43.727383068493566,45.08725976065998,39.10088854990092,21.327491726516303,9.013538315014893,-0.0030017776196094165,0.00201648931358161,-0.0050182669331910274,0.09213217895221147,0.11059874999999966,0.12906532104778787,0.005378999999999995,48.49694067571158,76.15927172428094,84.26072748204774,81.55615879744882,-19.71642327420037,-0.0058690000000005136,57.037151166493594,0.117876,-7.290712273914957,-1
2018-09-18,0.109346,0.116911,0.109296,0.115151,0.115151,7211650.0,21,0.22074791260181445,0.1060565714285714,0.11081552380952353,0.11394259999999952,0.10646900000000024,0.11075173076923052,0.1063016153846156,0.1098432999999999,0.11042574999999966,0.11869094000000033,0.1447271199999999,0.1788346699999998,0.11005135357696942,0.11095710606373216,0.11238720543348332,0.11012293053696054,0.11242832750809684,0.11006527450138594,0.11392944233301992,0.11073416861014007,0.12317789164066735,0.14378294709932427,0.1766347862035532,51.21952620219983,47.79981994875975,60.154466083410064,52.72749469815898,46.456209307412436,51.9383525079905,45.63787677803492,48.150187635105716,40.0663472305427,21.634333876220218,9.10137424143268,-0.0023053969711363115,0.002170295969643773,-0.004475692940780085,0.09221212918740136,0.11042574999999966,0.12863937081259794,0.015215000000000006,69.20150053590568,69.24446490562012,78.33091264670013,82.73804438499799,-10.705276355342038,-7.600000000049234e-05,59.176938977866996,0.109282,5.370509324499917,1
2018-09-19,0.115118,0.115621,0.111305,0.115227,0.115227,5234890.0,24,0.2206047035507064,0.10693914285714283,0.11065438095238067,0.11507699999999955,0.10741266666666688,0.1110541538461536,0.10714269230769252,0.11023436666666656,0.11051359999999966,0.11769622000000032,0.14410416999999992,0.1783274599999998,0.11074143976670683,0.11134527823975653,0.11333380362232222,0.11090817199281276,0.11263563658157115,0.1108026638583308,0.1140131557308896,0.11116205731393626,0.12286609196848433,0.14321748280032776,0.17602376345525916,51.275366817104036,47.8371124652525,60.27903014861494,52.79148768276966,46.48552286957664,51.998038112398206,45.66256203083099,48.18948110462142,40.078894586153396,21.638331174464717,9.102516232785922,-0.0017274645887584011,0.002198582681617346,-0.003926047270375747,0.09222137495736536,0.11051359999999966,0.12880582504263394,0.01371,55.346456692913335,57.68163263484356,70.6051544803323,77.73226486969338,26.339799616286548,-0.0064070000000004965,63.9320116677489,0.115151,0.06600029526446782,0
2018-09-20,0.115141,0.121891,0.11503800000000006,0.121634,0.121634,5963060.0,24,0.22045039219345736,0.10817778571428567,0.1110431428571426,0.11583399999999955,0.10922083333333356,0.1115916538461536,0.10850661538461558,0.11078423333333323,0.11069534999999964,0.11683546000000032,0.14377658999999993,0.1777969949999998,0.11219378113114592,0.11228061658159684,0.1161005357482148,0.11255829937853387,0.1133021820199733,0.11234999759285498,0.11450482310309025,0.11215938518879948,0.1228177746363869,0.14279008710131136,0.1754825717790874,55.84125484233628,50.93299019239191,69.82270790512756,57.98574703821607,48.9330684784797,56.86166384702744,47.730195781515675,51.446527289483576,41.138523774173,21.977194672911292,9.199166381656644,-0.0007438826414394306,0.002545731703149053,-0.0032896143445884838,0.09202171233363723,0.11069534999999964,0.129368987666362,0.021718,98.0236850199937,74.19054741627093,72.22070728595342,73.7189248043286,33.41555063108202,-0.0055220000000005,64.4356301371357,0.115227,5.560328742395448,1
2018-09-21,0.121836,0.127261,0.121244,0.127156,0.127156,11236700.0,31,0.22017723484550386,0.10983871428571423,0.1114791904761902,0.11768999999999954,0.11135741666666688,0.11240180769230744,0.11060046153846173,0.11161839999999988,0.11076354999999964,0.11614436000000032,0.14348751999999992,0.17736161499999978,0.11418874364699312,0.11363292416508805,0.11978569049880987,0.11480409947414405,0.11432839075923455,0.1144651407938757,0.1153210280641812,0.11358763421843762,0.12298790112123448,0.14248050121811706,0.17500171036835022,59.35811740713412,53.4286537221103,75.8290777292916,61.89986258862464,50.94127271408224,60.569806475057476,49.44349652324925,54.06005678877089,42.039570966436976,22.269794444077572,9.282716764036405,0.00047570871490951183,0.003012258447598397,-0.002536549732688885,0.09184934667663054,0.11076354999999964,0.1296777533233687,0.026207999999999995,99.42854032872542,84.26622734721086,74.09942465064991,72.30842880564519,40.775422168446596,0.0038729999999995157,65.58620242523146,0.121634,4.539849055362799,1
2018-09-22,0.127529,0.12937,0.12105,0.123283,0.123283,10992200.0,35,0.2199097069263176,0.1115063571428571,0.11135971428571398,0.12049019999999958,0.1133046666666669,0.1128510384615382,0.11227476923076944,0.11222816666666653,0.1107840999999996,0.11538466000000032,0.14306204999999994,0.1770329249999998,0.11540131116072737,0.11451020378644368,0.12095146033253992,0.11610854570889112,0.1149916951474394,0.11572483496617915,0.11583470367294373,0.11451100238811025,0.1229994736262841,0.14210035267914445,0.1744870963348343,56.0062306630689,51.50383220331275,64.94890099462877,57.80784952711858,49.52281958433871,56.87692853221779,48.296170202942754,51.998760168243635,41.584168191083975,22.210789434651257,9.276699912845107,0.0011168505614517347,0.0029227202353124962,-0.001805869673860761,0.0918136948726812,0.1107840999999996,0.129754505127318,0.025059999999999985,69.67719438079097,89.04313990983673,78.33547539166578,74.88520244275635,41.00785133402426,-0.001264000000000515,60.053947838048884,0.127156,-3.0458649218283007,-1
2018-09-23,0.123565,0.128378,0.122635,0.124547,0.124547,7885200.0,38,0.2197199574339247,0.1131513571428571,0.1114394761904759,0.12236939999999955,0.11527125000000026,0.1130374230769228,0.11416946153846172,0.1128009333333332,0.11094384999999962,0.11476054000000033,0.14273847999999992,0.1767726699999998,0.11662073633929708,0.11542263980585787,0.1221499735550266,0.1174067694459848,0.11569949550688832,0.11698514425672502,0.11639678730694734,0.11546681168448067,0.12306016093505727,0.1417527615369832,0.17399017995339314,56.858096729188034,52.09391087221543,66.81373173098778,58.77147182463154,49.994720748560574,57.78160796327784,48.6976420754844,52.61786964648224,41.79406431641365,22.278668188442907,9.295983433571132,0.0017072739390964766,0.00281051489036579,-0.0011032409512693132,0.0915496631848505,0.11094384999999962,0.13033803681514874,0.021075,73.30196512593409,80.80256661181687,79.15556830967147,77.19682278399569,40.67754698318504,0.0069879999999995215,56.90009759215464,0.123283,1.0252832912891474,1
2018-09-24,0.12466,0.125066,0.116577,0.117559,0.117559,7943720.0,43,0.2195185851644535,0.1144115714285714,0.11125885714285684,0.12283579999999955,0.11688258333333355,0.11299696153846127,0.11544723076923095,0.1131309333333332,0.11070989999999964,0.11389792000000032,0.14229640999999993,0.1765357049999998,0.11674583816072412,0.1156168543689617,0.1206196490366844,0.11743018953121792,0.11583723658045215,0.11706712364862144,0.11647176877101525,0.11566606771453015,0.12284442913368247,0.14127367715011224,0.17342867567524994,51.007704660378245,48.664467193019846,49.3833945918965,51.699658580758296,47.44806242030386,51.36582316596748,46.62923067852292,48.952757405737394,40.964055329708295,22.170644250359892,9.285018092922199,0.0015929529507657525,0.0021569551216280526,-0.0005640021708623003,0.0917820785177738,0.11070989999999964,0.12963772148222544,0.008003999999999997,17.59000837287153,53.52305595986558,71.60427864566311,76.36510744900009,28.455074754447427,0.005697999999999537,58.168550436725255,0.124547,-5.610733297470039,-1
2018-09-25,0.117829,0.117829,0.108677,0.111861,0.111861,8350970.0,37,0.21929308859924912,0.1151910714285714,0.110764714285714,0.12088119999999955,0.1175816666666669,0.11293507692307668,0.11649630769230787,0.11332323333333323,0.11115939999999963,0.11297004000000033,0.1418134799999999,0.17625387499999978,0.11609452640596092,0.11527541306269246,0.1177000993577896,0.11657339114179975,0.1155427005374557,0.11632339169881835,0.11617429981804653,0.11530368031314632,0.12241370642255768,0.14069124789961496,0.17281606198693902,46.800657502654616,46.07350599875243,39.3410190467829,46.732429076013815,45.48612374577205,46.80247871803713,45.01811658048404,46.19768462694952,40.298435737493506,22.082464423404414,9.276051539295183,0.0010306906043440617,0.0012757542201650895,-0.0002450636158210278,0.09259184370697636,0.11115939999999963,0.12972695629302292,-0.005988000000000007,15.386845793263374,35.42627309735638,55.07691080031704,68.61225258521715,16.368927087551967,-0.002773000000000469,53.075212954398744,0.117559,-4.846927925552269,-1
2018-09-26,0.111835,0.117184,0.111352,0.114634,0.114634,5409460.0,37,0.21914971591643656,0.11636328571428567,0.11132485714285686,0.11837679999999955,0.11800491666666688,0.11280565384615357,0.11735492307692327,0.11342426666666655,0.11167644999999964,0.11216168000000032,0.14131903999999992,0.1760224299999998,0.1158997895518328,0.11521710278426585,0.1166780662385264,0.11627502327383055,0.11547538938653305,0.1160820500275586,0.11607492563623707,0.1152399012357038,0.12210861989618288,0.14017526279269188,0.1722371359970192,48.99422788502225,47.498622742649715,45.78008696259203,49.30057173113303,46.60198424956224,49.169204872682215,45.95713534981277,47.70172671681218,40.7761272799179,22.23449352608583,9.318882039656303,0.0007996338872975213,0.0008357580024948392,-3.6124115197318e-05,0.09333948257036064,0.11167644999999964,0.13001341742963862,-0.003242000000000009,28.787512685449123,20.588122283861388,40.94870527166178,55.876631572547254,24.597928563934246,-0.003493000000000468,51.12007374989124,0.111861,2.4789694352812752,1
2018-09-27,0.114358,0.119162,0.111696,0.118127,0.118127,5845670.0,42,0.2189980803737194,0.1174100714285714,0.11198361904761876,0.11734559999999955,0.11802808333333355,0.11251084615384588,0.11801430769230788,0.11337179999999987,0.11238764999999963,0.11197408000000034,0.1408784399999999,0.17576471999999982,0.11619675094492175,0.11548163889478714,0.1171610441590176,0.11655994277016432,0.1156718049875306,0.11637418573790735,0.11620731753067337,0.11551486302277965,0.1219524779394698,0.13973866352947026,0.17169872668361602,51.68301884916068,49.2678500206811,53.27709081482389,52.430238156865606,47.994472314553526,52.06232822091165,47.13239401061348,49.566459046257364,41.37877788614517,22.427056102200808,9.373045121855876,0.0008881377826337328,0.0007394095182648408,0.00014872826436889216,0.09421753143856217,0.11238764999999963,0.1305577685614371,0.008845000000000006,47.96710826861582,30.713822249109484,36.606688049226754,44.21076804040181,22.559689659949843,0.0036859999999995226,50.857605779354955,0.114634,3.047088996283831,1
2018-09-28,0.118086,0.119021,0.114067,0.114441,0.114441,5181490.0,42,0.21886341336043136,0.11775907142857138,0.1124854285714283,0.11532439999999958,0.11774183333333355,0.11218657692307668,0.11775215384615405,0.11323279999999987,0.11311289999999966,0.11163760000000034,0.1404018199999999,0.1755180399999998,0.1159626508189322,0.1153870353588974,0.1162543627726784,0.11623395157475445,0.11558063424771353,0.11609801634677774,0.11609336156095253,0.11541259035394348,0.12165791017713765,0.13923771969720353,0.17112899805989845,48.77589881854704,47.49834602067982,45.33864561599142,48.97418021050556,46.66104906707968,48.899429621443474,46.040618294301254,47.68265542405979,40.93047401813145,22.36802367838306,9.367111566416034,0.0006533173270409227,0.0004036712501376244,0.00024964607690329825,0.09590286224476227,0.11311289999999966,0.13032293775523698,-0.0007099999999999884,35.16993105131499,37.30818400179336,28.980281234302932,35.51189151839711,7.809602966562309,0.00011799999999956291,43.421414357575216,0.118127,-3.120370448754306,-1
2018-09-29,0.114361,0.115196,0.112523,0.114323,0.114323,6769320.0,37,0.21868489334425734,0.11750721428571426,0.11317052380952355,0.1146771999999996,0.11816191666666688,0.11191623076923053,0.11747884615384632,0.11326123333333322,0.11375319999999965,0.11150448000000032,0.1399367699999999,0.1752684699999998,0.11574403070974125,0.11529030487172492,0.1156105751817856,0.11593995902479222,0.1154874761552903,0.11584444258295234,0.11597914468605235,0.1153088198440441,0.12137026664077932,0.1387443589111203,0.17056376424835715,48.68197555296234,47.44120162015407,45.08060231952608,48.8624775668075,46.617991701516715,48.797225555590934,46.00536582567332,47.62181815917943,40.91599914268736,22.366120160111688,9.366920790352776,0.00045248286950191896,0.00016226943407889657,0.00029021343542302234,0.09742962704746574,0.11375319999999965,0.13007677295253353,-0.000903999999999988,53.84835479256095,45.6617980374973,36.231950518240815,33.93963993392345,-6.4830477311170815,8.699999999955965e-05,44.57163143249674,0.114441,-0.1031098994241586,0
2018-09-30,0.114236,0.115969,0.112902,0.114236,0.114236,3648500.0,34,0.21858925273355284,0.11724721428571425,0.11377619047619025,0.1151521999999996,0.11808566666666688,0.1116084615384613,0.11785992307692325,0.11313579999999987,0.11446919999999965,0.11145604000000033,0.13968468999999992,0.17511450999999975,0.1155429599484424,0.11519445897429538,0.11515238345452375,0.11567781148251648,0.1153947742178614,0.11561466507110202,0.11586668373856512,0.11520664652556373,0.12109049147839583,0.13825904487327634,0.17000328898220438,48.60803606376415,47.39715748138004,44.85473633119236,48.77362281792805,46.585078702967756,48.716379039572544,45.978544435099344,47.57482734033296,40.905120288589146,22.36470289470011,9.366779435152377,0.00028303726465510326,-5.740936614335308e-06,0.00028877820126943857,0.09950121814961184,0.11446919999999965,0.12943718185038747,-0.007398000000000002,36.92701664532649,41.98176749640085,40.53998468865343,35.250738813732355,-6.6852776961504095,0.002224999999999561,44.808690887160985,0.114323,-0.07610017231877153,0
2018-10-01,0.114054,0.114907,0.110527,0.112011,0.112011,3992560.0,35,0.21848290214762733,0.1174421428571428,0.1143521428571426,0.11462759999999958,0.11781766666666688,0.11195999999999977,0.1176183846153848,0.1126764333333332,0.11502234999999965,0.11135632000000033,0.13943217999999993,0.17492693499999976,0.11507203195531675,0.1149050536129958,0.11410525563634916,0.1151136866390524,0.11514412427579758,0.1150998557752303,0.11561792994898025,0.11490229923741478,0.12073443298904694,0.13773928160845902,0.1694262512808889,46.665890420046594,46.24681174181711,38.876891119952504,46.43416269205132,45.72765787852411,46.59040427995719,45.280892216984064,46.346748155686825,40.62336194327136,22.328156416137556,9.363147704413931,-3.0437636745164753e-05,-0.0002553726704116827,0.00022493503366651792,0.10140121562766014,0.11502234999999965,0.12864348437233916,-0.015145000000000006,17.18587145338723,35.987080963758274,38.21965644224106,38.33053054971172,5.676074793568962,-0.00020200000000045182,49.60965462101511,0.114236,-1.9477222591827492,-1
2018-10-02,0.111737,0.11341099999999996,0.11169,0.112213,0.112213,3591560.0,33,0.2183873757216904,0.11723228571428565,0.1148885714285712,0.1134447999999996,0.11703258333333355,0.11226461538461513,0.11738653846153865,0.1123211333333332,0.11572184999999965,0.11139292000000033,0.13920385999999993,0.17474668499999976,0.11469082769460785,0.11466032146635982,0.11347450375756613,0.11466742715612127,0.11492700395907185,0.11468744780734025,0.11539825704904605,0.11464617550051813,0.12040025914633926,0.1372338106855192,0.168856965198492,46.87237077326903,46.370606915631704,39.751641572224,46.6856742881458,45.8216701566696,46.81731728204094,45.35867201301034,46.47844898001141,40.66121137087849,22.339792951019568,9.366353975326993,-0.0002595768029505646,-0.000387609469293666,0.00012803266634310142,0.10450925403268807,0.11572184999999965,0.12693444596731124,-0.011069999999999984,19.84930539204152,24.654064496918448,32.5960958669262,37.118578999273524,-6.9272847307365035,0.003021999999999581,50.51505946719708,0.112011,0.1803394309487505,0
2018-10-03,0.112247,0.112247,0.10775,0.109191,0.109191,4028700.0,36,0.21827769285307533,0.1168011428571428,0.1154108571428569,0.1123947999999996,0.1155355000000002,0.11246799999999976,0.1164293846153848,0.11191576666666657,0.11600779999999965,0.11164928000000034,0.13890389999999994,0.17460680499999978,0.1139575173353268,0.11416311042396347,0.11204666917171074,0.1138248999013334,0.11450211477691835,0.11390224097772025,0.1149977888523334,0.11412663497665924,0.11996068035628672,0.13667850750362773,0.1682632740024871,44.1336375895434,44.75517297976774,31.626153586475603,43.3842071608788,44.62085164398058,43.818012888561064,44.38338653245738,44.75282836029081,40.26950265025841,22.289335924203936,9.361374951629587,-0.000677214875584975,-0.000644198033542461,-3.301684204251389e-05,0.10587044029807667,0.11600779999999965,0.12614515970192264,-0.015355999999999996,17.53254653850847,18.18924112797912,29.06861896436489,33.29479042451067,-13.307465055778373,-0.0022380000000004068,48.07465823550079,0.112213,-2.693092600679059,-1
2018-10-04,0.109257,0.112774,0.109257,0.111429,0.111429,3791380.0,29,0.2181760246428645,0.11607221428571425,0.11578976190476165,0.1118159999999996,0.11454766666666688,0.11291003846153826,0.11521961538461555,0.11155546666666656,0.11610149999999965,0.11189968000000032,0.13869380999999992,0.17450186499999978,0.11362038169061656,0.11391455493087588,0.11184077944780717,0.11345629991651285,0.11427447664529478,0.11354892083804592,0.11476754441024738,0.11386971735983455,0.11962610465604018,0.13617851725603114,0.16769775883828325,46.608950499577894,46.20904013109135,42.13709235861195,46.423850101246025,45.7149163538176,46.54900304644824,45.28370094712533,46.30306540176651,40.70101771420074,22.42039800406304,9.397221457312057,-0.0008181767287819137,-0.0006281279093915197,-0.00019004881939039384,0.10618299012678184,0.11610149999999965,0.1260200098732175,-0.0061299999999999966,44.76213651295778,27.381329481169306,27.251375308444253,29.63869671324507,-24.77603243584441,-8.400000000041706e-05,41.319017981699155,0.109191,2.0496194741324913,1
2018-10-05,0.111801,0.112593,0.110437,0.111513,0.111513,3584170.0,37,0.2180804137843209,0.1149548571428571,0.11588299999999975,0.1112713999999996,0.1134615000000002,0.11329449999999976,0.11431423076923095,0.11184353333333323,0.11578469999999964,0.11215544000000036,0.1384666199999999,0.1743150249999998,0.113339397465201,0.11369623175534173,0.11173151963187143,0.1131573306985878,0.11406992281971738,0.11325807500403935,0.11455757380313465,0.11364526808746934,0.11930794368913665,0.1356900911717533,0.16713870651153415,46.703914161805365,46.2646453833572,42.534975501941815,46.540555441690245,45.756685209592455,46.65381969155109,45.318032499239436,46.3623806097475,40.717414032692965,22.425357719899832,9.398573074859769,-0.0009125921211295683,-0.0005780346413913396,-0.0003345574797382288,0.1056978840901173,0.11578469999999964,0.12587151590988202,-0.00034799999999997333,52.57789576638282,38.29085960594974,30.381551132655524,28.90051513515485,-43.75541942882697,0.001619999999999594,44.57263031469612,0.111429,0.07538432544489382,0
2018-10-06,0.111985,0.111985,0.109482,0.109893,0.109893,3766750.0,34,0.21797911841999326,0.11399842857142853,0.1155041428571426,0.1108477999999996,0.11282266666666685,0.11367823076923055,0.11318700000000018,0.11203019999999987,0.11538554999999966,0.11201242000000036,0.1383073599999999,0.17405540999999974,0.1128798778031742,0.11335048341394703,0.11111867975458097,0.11265512597572815,0.11376052112936795,0.1127773500034623,0.11425663355777113,0.11328790922199608,0.11893873021113127,0.1351792576832037,0.1665690974915189,45.04827344193065,45.3181514763565,36.695369728698346,44.51464618238492,45.062282514716244,44.82805520608075,44.758368796265685,45.348002763594806,40.49714198918177,22.397466645242986,9.3958563199401,-0.0011053951536398043,-0.0006166701391212606,-0.0004887250145185439,0.10501925348881737,0.11538554999999966,0.12575184651118196,-0.004740999999999981,37.8555025613853,45.06517828024202,34.51547735425514,30.7161345984516,-39.972535673771375,-0.0012290000000003964,41.424085542204224,0.111513,-1.4527454198165257,-1
2018-10-07,0.110051,0.11126099999999996,0.109437,0.111122,0.111122,2710160.0,29,0.217906458481686,0.11303949999999995,0.11518252380952355,0.11062959999999962,0.11276108333333353,0.11406953846153825,0.11269184615384635,0.11227083333333322,0.11547754999999968,0.11205006000000034,0.1380697099999999,0.17381055499999978,0.11264549409608432,0.1131478940126791,0.11111978650305396,0.11241926044100074,0.11356507511978516,0.11254087143153912,0.11405439913468912,0.11308163215323455,0.11863219177147905,0.13470287634294226,0.16601738507866798,46.587339023814465,46.19302924717185,43.728432155637805,46.43110755040911,45.711354896489716,46.537398101167724,45.28805124967603,46.28418917016477,40.745192328625336,22.47134995337897,9.415820148257216,-0.001145814678784399,-0.0005256717314126838,-0.0006201429473717149,0.10530854914912356,0.11547754999999968,0.12564655085087575,-0.0070049999999999965,67.11783439490445,52.517077574224224,43.969183154827725,36.28873721391276,-40.11893733377153,-0.0006430000000003933,44.39036540041603,0.109893,1.1183605871165625,1
2018-10-08,0.111049,0.112597,0.110164,0.111765,0.111765,3273560.0,26,0.21781956137784314,0.1126256428571428,0.11530076190476167,0.11114439999999963,0.11252200000000022,0.1145903846153844,0.1126844615384617,0.11266513333333322,0.11530824999999968,0.11202928000000036,0.1377851099999999,0.1735614999999998,0.11252809488327307,0.11302217637516282,0.11133485766870264,0.11231860498853907,0.11343173622202328,0.11243003265560496,0.11390669596470915,0.11295623861483126,0.11836289013338185,0.1342486609698147,0.16547756035151706,47.41295270987368,46.66077875721994,47.397499798355035,47.4596816997457,46.0576147738627,47.454650708482674,45.57020467223671,46.784960059584286,40.8767208007061,22.510334697006716,9.426313710954394,-0.0011131312334841936,-0.00039439062888998295,-0.0007187406045942108,0.10500450627822233,0.11530824999999968,0.125611993721777,-0.002676000000000012,71.31077622974142,58.76137106201042,54.72482909307431,44.403163200719035,-21.365882439707796,0.0013369999999996165,49.060534776045166,0.111122,0.5786432929572927,0
2018-10-09,0.112209,0.112374,0.109725,0.110428,0.110428,3041980.0,31,0.21773843340999355,0.11252328571428563,0.11507585714285692,0.1109441999999996,0.11188041666666687,0.11485792307692287,0.11236092307692326,0.11296216666666654,0.11506829999999968,0.11216794000000037,0.13749492999999993,0.17327675999999978,0.11224808223216999,0.11278634215923893,0.1110325717791351,0.11202774268261001,0.11320923724261416,0.11214402799051854,0.113682263966986,0.11271545398484732,0.11805171797128845,0.13377696471298667,0.164929803532099,45.834579932096865,45.793610239650576,40.76528128597021,45.4920622657873,45.431916330835,45.69895109451295,45.070792405028065,45.85170119036157,40.685183629596565,22.486588293828806,9.424032350708162,-0.0011814945600041454,-0.0003702031643279478,-0.0008112913956761978,0.10453561794841117,0.11506829999999968,0.1256009820515882,-0.0038950000000000096,31.36075949367097,56.59645670610565,52.044553689216954,50.2461886457063,-6.29696357164811,0.0005339999999995904,48.59551491418932,0.111765,-1.1962600098420872,-1
2018-10-10,0.110152,0.110527,0.108144,0.109894,0.109894,4129600.0,28,0.21762713766439748,0.11218471428571422,0.11482190476190456,0.11062039999999962,0.1115015000000002,0.11487096153846135,0.11172761538461556,0.11329476666666655,0.1144812999999997,0.11226306000000033,0.13699734999999993,0.17301147999999975,0.111934204601214,0.11252340196294447,0.11065304785275673,0.11169947457759308,0.1129636641135316,0.11182259542044444,0.11343785984008367,0.11244674408152854,0.11773180746261044,0.1333040347186701,0.1643821835964562,45.19080256126773,45.44025986032825,38.20319266497605,44.69037998346435,45.177359508349255,44.98311191903197,44.86785419964711,45.471308238893954,40.6076669644968,22.477023273362928,9.423116926333675,-0.0012641895359385286,-0.0003623185122098647,-0.0009018710237286636,0.10418335751567882,0.1144812999999997,0.12477924248432057,-0.004341999999999985,39.29934875364927,47.32362815902058,49.38884428667025,52.052742356320465,-23.10166682912539,0.013493999999999591,52.794279028650095,0.110428,-0.48357300684608306,0
2018-10-11,0.109817,0.109972,0.096231,0.0964,0.0964,9224970.0,19,0.2173595066197352,0.11063278571428566,0.11362028571428552,0.10792179999999962,0.11000791666666687,0.1140459999999998,0.11033984615384633,0.1131431666666666,0.11294349999999972,0.11214844000000036,0.13637550999999992,0.1726809299999998,0.10986297732105214,0.11105763814813137,0.10590203190183782,0.10934570925796336,0.11173672603104777,0.1096193675032381,0.1123386430762073,0.11091848274043058,0.11689526599348847,0.13257326175394396,0.1637057439586805,32.740281386187384,37.73263383567907,13.147079770770981,30.146842655671964,39.386291779008396,31.538801139059714,40.14757363437051,37.267801657350624,38.70682517467149,22.23562591310992,9.399928260967268,-0.002391016773084412,-0.0011913165994845982,-0.0011997001735998135,0.10149370105899963,0.11294349999999972,0.1243932989409998,-0.015610999999999988,1.0326286203104145,23.897578955876924,42.024269498455254,47.81922249144745,-71.19171663553838,-0.002047000000000437,31.2571035162208,0.109894,-12.27910531967169,-1
2018-10-12,0.096356,0.099304,0.093882,0.098447,0.098447,4619780.0,13,0.2172217473465536,0.10949035714285707,0.11225319047619027,0.10538679999999964,0.10869216666666688,0.11329873076923057,0.10911861538461556,0.11315063333333325,0.11170169999999972,0.11201758000000037,0.13567289999999993,0.1724143249999998,0.10834084701157852,0.10991121649830124,0.10341702126789187,0.10766898475673824,0.1107523018805998,0.10802331500277552,0.11144240803903263,0.1097307224794372,0.11617180458197915,0.13189749419445992,0.16305640322277326,35.62304014865628,39.36707345696095,22.41057638310941,33.69297382814387,40.586050122343,34.7258735809796,41.118593828946466,39.02012814173711,39.147575989623114,22.363375315691773,9.43390565065355,-0.003083317123861562,-0.0015068935602093989,-0.0015764235636521633,0.09960457626878688,0.11170169999999972,0.12379882373121255,-0.013766,24.39219877103928,21.574725381666354,33.479142373682215,41.63075205293587,-55.38088642659264,5.099999999957916e-05,38.153746607198975,0.0964,2.1234439834024954,1
2018-10-13,0.098623,0.099752,0.09775,0.098396,0.098396,2635240.0,15,0.21714423656848653,0.10835271428571422,0.11106809523809506,0.10271299999999964,0.10755758333333353,0.11288003846153828,0.107900153846154,0.11298143333333326,0.11039414999999972,0.11183822000000036,0.13494184999999992,0.1721827299999998,0.10701486741003473,0.10886437863481928,0.10174334751192793,0.10624237171724003,0.10983702025981462,0.1066479842880933,0.11060070429457892,0.10865122510044316,0.11547471420621525,0.13123409826981716,0.1624130161260292,35.58232995257414,39.340120910978605,22.339341213453466,33.646870967086436,40.56527612312877,34.68255287665761,41.10142675920272,38.99163517973611,39.14042347042734,22.362450891496,9.433817064200094,-0.003594648542574574,-0.0016145799831379292,-0.0019800685594366448,0.09849135870817692,0.11039414999999972,0.1222969412918225,-0.010795000000000013,24.410555916071768,16.611794435807187,24.099098310948293,33.20083672769522,-55.27713185020636,0.0013009999999995805,38.06132654060576,0.098447,-0.05180452426180038,0
2018-10-14,0.09855,0.100117,0.097053,0.097095,0.097095,3110110.0,18,0.21705246904249656,0.10712835714285708,0.10976085714285697,0.10004639999999967,0.1062977500000002,0.11218557692307676,0.1067527692307694,0.11256609999999992,0.10937094999999973,0.11162694000000037,0.1342012999999999,0.17195311999999985,0.10569221842203007,0.107794435122563,0.10019389834128528,0.10483508376074158,0.10889316690723576,0.10528327224693712,0.10972936853363836,0.1075506322337343,0.11475394110008914,0.1305580765219,0.1617630856173125,34.50457689408646,38.6332527076119,20.35839227417875,32.420892816486614,40.02259328737154,33.533313233649004,40.65401344546755,38.24363028764003,38.9552293416995,22.338659515826606,9.43154650996744,-0.004058083146494182,-0.0016624116696460295,-0.0023956714768481524,0.0965765709467692,0.10937094999999973,0.12216532905323026,-0.014334,19.303094022228862,22.701949569780002,21.687565216659873,26.42193530043009,-57.085289905751324,-0.00690400000000041,33.293830637936324,0.098396,-1.3222082198463325,-1
2018-10-15,0.096935,0.108698,0.096293,0.103999,0.103999,12130600.0,20,0.21671060115505048,0.10655607142857136,0.10911514285714267,0.09886739999999966,0.10586508333333353,0.1117537307692306,0.1061209230769232,0.11210443333333324,0.10897784999999974,0.11158508000000036,0.1334857399999999,0.17183289499999982,0.1054664559657594,0.10744939556596636,0.10146226556085686,0.10470645548985827,0.1085306360252183,0.10509980478308896,0.10935966733791974,0.10721238154480722,0.11433217870400725,0.13003215421453562,0.16118831859624472,44.12679458902086,44.20655741289491,49.10060808033775,44.12506430250638,44.140730417167866,44.11598470013283,43.99694619666915,44.20741873882661,40.479602095373366,22.77899175368502,9.547652284692578,-0.0038241805353600453,-0.0011428072468095136,-0.0026813732885505306,0.09602348809652628,0.10897784999999974,0.12193221190347317,-0.007514000000000021,62.877563704164025,35.53040454748825,26.40320820676283,24.063290578123627,-23.08534547340506,0.0014209999999995893,39.85859361353022,0.097095,7.110561820897043,1
2018-10-16,0.104001,0.104741,0.101965,0.102578,0.102578,2694080.0,24,0.21663501898319865,0.10586785714285707,0.10867309523809504,0.10010299999999964,0.1051275000000002,0.11102080769230753,0.1056122307692309,0.11159449999999993,0.10837504999999972,0.11140458000000036,0.1326989499999999,0.17171329999999985,0.10508132850365813,0.1070065414236058,0.10183417704057124,0.10437900079911083,0.10808970002335028,0.1047395469569334,0.10892214041289268,0.1067710118738732,0.11387123051953635,0.129488507596426,0.16060513134653084,42.742030184453455,43.357493213572944,45.0821504582049,42.48442404860757,43.50230654785842,42.61214127937792,43.476086842433965,43.30366986604718,40.268495606178014,22.752174569166502,9.545121135933297,-0.003710699224239444,-0.0008234607485511309,-0.002887238475688313,0.0954068924069666,0.10837504999999972,0.12134320759303285,-0.007315000000000001,58.69330453563713,46.95798742067671,37.93534338982817,28.675372271083575,-26.819763395963758,0.0010459999999996028,39.21567668135653,0.103999,-1.3663592919162637,-1
2018-10-17,0.102606,0.103146,0.100637,0.101532,0.101532,2642070.0,23,0.2165601309887475,0.10532078571428563,0.10804919047619027,0.10071999999999966,0.1042957500000002,0.11003526923076906,0.10485092307692323,0.1113361666666666,0.10754529999999972,0.11104120000000037,0.13190176999999992,0.1715807549999998,0.1046080847031704,0.10650885583964162,0.10173345136038082,0.10394100067617072,0.10760394446606507,0.10428132596308576,0.10844535716044798,0.10627205836207576,0.11338733912661335,0.12893491338659574,0.16001733899482407,41.70971674604557,42.724682719282434,42.04278546921275,41.261026098259094,43.026604850007374,41.49094346354797,43.088085544157295,42.6300798168684,40.11143353859167,22.732277888963733,9.54324950151682,-0.00366294378989436,-0.0006205642513648375,-0.0030423795385295226,0.09509092531139904,0.10754529999999972,0.1199996746886004,-0.009589999999999987,42.232970576380616,54.60127960539396,41.503497750896436,35.2806831158291,-22.560311054817447,0.0035299999999996445,37.881093351203134,0.102578,-1.0197118290471652,-1
2018-10-18,0.101552,0.101878,0.0969,0.098002,0.098002,3000250.0,26,0.21647310412980245,0.1043617142857142,0.10709085714285696,0.10064119999999964,0.10330483333333353,0.10906292307692292,0.10381161538461553,0.11076453333333328,0.10672334999999973,0.11062902000000037,0.1312475999999999,0.1714299549999998,0.10372727340941433,0.1057355053087651,0.10048963424025388,0.10302730826445214,0.1068926893204306,0.10338427939693066,0.10777159218235456,0.10548443375616376,0.11278399249419715,0.12832238044824734,0.15940027094512432,38.3597645384521,40.628235761304026,33.025890093375736,37.33085811220957,41.43856793937281,37.869618343014494,41.78757650272438,40.40309180167952,39.58002906447503,22.664720559765396,9.536907063796216,-0.0038653810559784725,-0.0006584012139591601,-0.0032069798420193128,0.09401784980230857,0.10672334999999973,0.1194288501976909,-0.013763000000000013,13.776702942361956,38.2343260181266,39.37672715615447,39.605189432292974,-38.100507931102904,0.0003989999999996219,43.476217863790815,0.101532,-3.476736398376856,-1
2018-10-19,0.098018,0.098474,0.096104,0.097603,0.097603,2674770.0,24,0.21639461638545068,0.10336814285714277,0.10628904761904742,0.10074279999999963,0.10217825000000018,0.10802661538461522,0.10286623076923088,0.1101770666666666,0.10588734999999973,0.11031168000000036,0.1306442099999999,0.1711792699999998,0.10291070362149242,0.10499618664433193,0.09952742282683592,0.10219279930069028,0.1062045641855839,0.10255838234022628,0.10711555397704137,0.10473382101748152,0.11218865945520903,0.1277140758849157,0.15878537272676488,37.990247130322544,40.39353286568205,32.0923217370977,36.90046704469443,41.259820653231436,37.47151272485459,41.640780689187615,40.154137562448895,39.51966636484534,22.6570336438741,9.536187119410473,-0.0040117648848936325,-0.000643828034299455,-0.0033679368505941765,0.09308735471587837,0.10588734999999973,0.11868734528412107,-0.012825000000000005,11.902493250754324,22.637388923165666,37.89660700185958,39.59227730297013,-39.12138598267521,-0.002435000000000381,40.22376806736985,0.098002,-0.40713454827453477,0
2018-10-20,0.097768,0.100371,0.096899,0.100038,0.100038,2936910.0,21,0.21630979150020266,0.10266421428571422,0.10560880952380933,0.09995059999999964,0.10120100000000017,0.1073527307692306,0.10201361538461552,0.10945719999999996,0.10517744999999973,0.10995246000000036,0.1301141599999999,0.1709193449999998,0.1025276764719601,0.10454544240393812,0.0996976152178906,0.10186129171596868,0.10574778165331844,0.10219832772019397,0.1066589375914258,0.10428659996819756,0.11171216300598516,0.1271660347782837,0.15820082175435926,41.66459667198173,42.51659368258087,43.73909500805454,41.36943778348015,42.822873038723934,41.512445228283546,42.90559435894809,42.42733233052522,40.088426973147676,22.818381457812308,9.578052725798912,-0.0038864899373497455,-0.00041484246940445575,-0.0034716474679452906,0.09275781185840054,0.10517744999999973,0.11759708814159887,-0.009856000000000005,45.54822276253326,23.74247298521655,34.430738813533424,37.23469099051578,-27.095763107970576,-0.00308200000000039,45.02691882745663,0.097603,2.4948003647428996,1
2018-10-21,0.100182,0.104149,0.099512,0.10312,0.10312,4673850.0,21,0.2161786823839843,0.1020926428571428,0.105079476190476,0.10005899999999963,0.10059200000000018,0.10701653846153833,0.10134861538461552,0.10865599999999996,0.10473289999999973,0.10949902000000036,0.1295694999999999,0.17074737499999976,0.1026066529423654,0.10441585673085282,0.1008384101452604,0.1020549391442812,0.10555313116048004,0.10232999518873767,0.10643061903714024,0.1041754952093216,0.111375215437123,0.12668987567376322,0.15765275387620642,46.003527708618705,45.10902382430005,55.366070918325775,46.559228672136456,44.755084543730966,46.24745678681067,44.47937969605755,45.19397936336394,40.807079472940686,23.02366518870689,9.631251361721187,-0.0034981920161988307,-2.1235638602832597e-05,-0.0034769563775959985,0.0927131057483299,0.10473289999999973,0.11675269425166955,0.006720000000000004,87.20944686140459,48.22005429156409,40.133967278686924,37.48710436469326,-20.934491419003685,0.003192999999999613,50.453511738566334,0.100038,3.0808292848717445,1
2018-10-22,0.102976,0.102976,0.099281,0.099927,0.099927,3162300.0,27,0.2160889546288193,0.10124707142857137,0.10450404761904744,0.09973799999999963,0.09976141666666688,0.10645088461538446,0.1005408461538463,0.10787746666666664,0.10411859999999973,0.10904012000000037,0.1289267999999999,0.1705249399999998,0.10224936588338336,0.10400777884622983,0.10053460676350694,0.10172756389131486,0.10513638070414816,0.10198671016177514,0.10601103071216346,0.10377087661795764,0.11092626581213776,0.12615991773962928,0.1570783682654979,42.49505243933051,43.00406434454627,44.04880086346802,42.3517180269519,43.185003765604144,42.41620774227907,43.204447417684975,42.948834498445976,40.296292556014826,22.959765938131877,9.625355113636925,-0.003408816812833309,5.451165181015114e-05,-0.0034633284646434608,0.09245799701117448,0.10411859999999973,0.11577920298882498,0.0014799999999999952,47.52019888129276,60.092622835076895,41.19141293966935,38.585373010629844,-29.033207436111194,0.0011809999999996268,44.71076226695415,0.10312,-3.0963925523661784,-1
2018-10-23,0.099812,0.100865,0.097782,0.098746,0.098746,2970030.0,24,0.2160036444333197,0.1004126428571428,0.1038627619047617,0.09988679999999962,0.09995691666666684,0.1057054615384614,0.09968330769230783,0.1070174333333333,0.10359634999999973,0.10858800000000036,0.12814792999999988,0.17032690999999978,0.10178225043226558,0.1035294353147544,0.09993840450900462,0.1012688617541895,0.10466301917050756,0.10152375156723584,0.1055423190533142,0.1032923169400569,0.11044860832930883,0.125617067883399,0.15649794669071682,41.24839107835381,42.24029604355594,40.384857479429996,40.87173871314679,42.610833054523575,41.06126629097753,42.73626363883675,42.13589855976013,40.10689496858016,22.935985980806322,9.6231651948334,-0.0033941574163180587,5.533683866032219e-05,-0.0034494942549783804,0.09195670284899717,0.10359634999999973,0.11523599715100227,0.00035000000000000314,32.84027346177753,55.85663973482499,45.004127043552465,42.10983575396952,-28.76064798857643,-0.0019310000000003766,45.27822346034228,0.099927,-1.181862759814667,-1
2018-10-24,0.098659,0.101241,0.0986,0.100677,0.100677,3581270.0,23,0.21590185790095973,0.09975428571428566,0.10345733333333314,0.1005015999999996,0.10014275000000017,0.1051760769230768,0.10001230769230783,0.10645469999999996,0.10305874999999973,0.10815678000000037,0.12710611999999988,0.17011926499999974,0.1016348837079635,0.1032701230134131,0.10018460300600307,0.1011778060996988,0.1043677584912107,0.10140278705763073,0.10522842750148748,0.10304323913624196,0.11006540800266927,0.12512320515303466,0.15594251438533654,44.120231647581654,43.945583986030385,48.74915241930418,44.31834166949867,43.87780076502882,44.19990064164177,43.76584552341631,43.95705626228232,40.57272524755041,23.06757110920777,9.656940904395656,-0.0031899523915118887,0.00020763349077319385,-0.003397585882285082,0.09196177548819558,0.10305874999999973,0.11415572451180385,0.0035820000000000023,52.11034482758621,44.15693905688553,53.04569735891885,46.41374578071349,-21.937403308342198,0.002704999999999625,47.955466037255725,0.098746,1.9555222490024837,1
2018-10-25,0.100737,0.100737,0.097193,0.097972,0.097972,3778190.0,25,0.21579324313175066,0.09986657142857136,0.1028165238095236,0.10008839999999963,0.10010741666666684,0.10454719230769216,0.09997576923076937,0.1059917333333333,0.10238169999999973,0.10805880000000036,0.1258533799999999,0.16989028999999978,0.10114649921356836,0.10278847546673918,0.09944706867066873,0.1006846051612836,0.10389399860297288,0.10091267462082633,0.1047602708884883,0.1025602639804094,0.10959115670844696,0.1245855575262419,0.1553656933466765,41.10459408095487,42.12061355100985,39.44579498629255,40.71658327671766,42.512501981850384,40.913109625033115,42.655690515095564,42.01219764184204,40.12679134972017,23.01197869748929,9.651862707364419,-0.0032093934416892594,0.00015055395247665817,-0.0033599473941659176,0.09181699954892716,0.10238169999999973,0.11294640045107228,-0.006026999999999991,11.198964922369198,32.049861070577684,46.17584579088602,48.07522339778571,5.034266316531199,8.399999999963992e-05,50.902598302398026,0.100677,-2.68681029430754,-1
2018-10-26,0.097962,0.098271,0.096544,0.097888,0.097888,2546610.0,29,0.21571948176838265,0.0998266428571428,0.10216771428571407,0.09904199999999964,0.1001735000000002,0.10391842307692294,0.09993669230769243,0.1054335333333333,0.10178144999999973,0.10793070000000037,0.12467311999999987,0.16968944499999974,0.10071203265175924,0.1023429776970356,0.09892737911377916,0.10025435821339382,0.10344910981756747,0.10048057824642256,0.10431689857310196,0.10211528645846564,0.10913220938654708,0.12405689302077175,0.1547937759999434,41.01132870594374,42.06378529245304,39.16725405376013,40.60556594975357,42.46988659987496,40.811617742432155,42.6209989111842,41.9516760882278,40.11282664485261,23.01023942280797,9.651704308501301,-0.0031947516041736512,0.0001321566319938132,-0.0033269082361674644,0.09165874009707416,0.10178144999999973,0.11190415990292528,-0.00469,20.895522388059693,28.068277379338397,32.91306089621704,44.04486801534057,-1.910262105730706,0.0006869999999996601,50.945784427636674,0.097972,-0.08573878250929257,0
2018-10-27,0.097704,0.098323,0.096683,0.097201,0.097201,2710450.0,33,0.2156409661863069,0.09974128571428566,0.10156333333333313,0.09849679999999963,0.0996070000000002,0.10334880769230756,0.0999448461538463,0.10473599999999997,0.10108539999999973,0.10779666000000036,0.1234025899999999,0.16946236999999975,0.100243894964858,0.10187552517912328,0.0983519194091861,0.0997846107959486,0.10298628686811803,0.1000120670683622,0.10385780834257924,0.101647259176707,0.10866431882236877,0.1235250931589743,0.15422071355218278,40.21181768217242,41.58309286097956,36.6287978519736,39.64775973780912,42.11136370614601,39.93899193617389,42.33005177134379,41.439037752233695,39.99670873599072,22.995882442118788,9.650402551665534,-0.0032016760721694237,0.00010018573119843256,-0.0033018618033678567,0.09178600668872758,0.10108539999999973,0.11038479331127188,-0.0043310000000000145,13.987651692569553,15.360713000999516,26.206551458472404,35.098486048525096,-3.996789190273837,-0.00221900000000036,46.47502654156553,0.097888,-0.70182249101014,0
2018-10-28,0.097185,0.099863,0.096981,0.09942,0.09942,3897390.0,35,0.2155295392912247,0.0999073571428571,0.10100609523809503,0.09863159999999964,0.09934383333333352,0.10285676923076907,0.09959261538461554,0.10423529999999998,0.10046814999999973,0.10778634000000037,0.1224244999999999,0.16917966499999978,0.10013404230287697,0.1016522956173848,0.09870794627279074,0.09972851682734113,0.10272211747047966,0.09992748605859618,0.10357149812692898,0.10143513925511588,0.1083017965156092,0.12304776458156888,0.15367543282032026,43.99054661604572,43.757917654396884,49.35186499103797,44.24931811912794,43.70538324295003,44.096815342865646,43.614738018816794,43.769404685387755,40.56356044745613,23.152303339343828,9.689941818095091,-0.002993600643138528,0.0002466089281834629,-0.0032402095713219906,0.09262933093548792,0.10046814999999973,0.1083069690645115,0.0014180000000000165,61.230572705982716,32.03791559553735,31.88461130731343,30.334741220667567,7.54453710614283,0.004248999999999671,46.97493456090762,0.097201,2.2828983240913203,1
2018-10-29,0.099213,0.099774,0.094593,0.095171,0.095171,4422080.0,34,0.21540094603613466,0.09927678571428568,0.10021590476190456,0.09753039999999964,0.0988137500000002,0.10231753846153832,0.09902284615384632,0.10359689999999996,0.09970529999999972,0.10765942000000037,0.1213462799999999,0.16876216499999974,0.09947230332916003,0.10106308692489528,0.0975289641818605,0.09902736039236557,0.10216277543562932,0.09924798805022528,0.10302953050583677,0.10083855456415246,0.10778686331891864,0.1224957494413398,0.15309329916041658,38.94122894748377,40.71706748107259,33.77191067190274,38.206490292321426,41.436544164001866,38.58820434783596,41.77346624835592,40.52691655405117,39.828674665141065,23.061704417717113,9.68178814206876,-0.0031354150432637428,8.383562244659859e-05,-0.003219250665710341,0.09307052662586307,0.09970529999999972,0.10634007337413637,-0.0024319999999999893,9.407552083333462,28.20859216062861,23.34405275846289,27.145071841416172,-31.347205454157933,-0.0008200000000003205,42.81435951669209,0.09942,-4.273787970227305,-1
2018-10-30,0.095423,0.096137,0.094839,0.095991,0.095991,2598120.0,31,0.21532497902111594,0.09880628571428568,0.09952842857142837,0.09713419999999964,0.09864616666666688,0.10172376923076908,0.09859661538461556,0.1029887333333333,0.09901014999999973,0.10758092000000036,0.1203006299999999,0.16829856499999976,0.09900812955193868,0.10060198811354117,0.09701630945457368,0.09856022802430932,0.10170560688484197,0.09878270404305024,0.10257543176352474,0.10037688270089984,0.10732428044366693,0.1219709029177489,0.1525251170792184,40.35677753432621,41.538438348937966,38.28391344221474,39.92178937167989,42.03954523424296,40.14226150520486,42.25957358293232,41.406493154448334,40.04249775581329,23.12034371438145,9.696525849265932,-0.0031453788605326355,5.909744414216416e-05,-0.0032044763046748,0.09421063729339203,0.09901014999999973,0.10380966270660738,-0.00404700000000001,26.527514231499,32.388546340271766,26.409762620288852,27.212808895354986,-23.89971336308545,0.00041099999999966164,46.54042948387991,0.095171,0.8616070021330025,0
2018-10-31,0.096035,0.09616,0.094263,0.09558,0.09558,3481270.0,32,0.21522306744072572,0.09838114285714282,0.09884680952380932,0.09667259999999964,0.09847758333333352,0.1011109615384614,0.09841030769230788,0.1024410333333333,0.0989691499999997,0.10747356000000036,0.1192313299999999,0.16784405499999974,0.0985510456116802,0.10014544373958288,0.09653753963638244,0.0981017314051848,0.10125185822670553,0.09832517489404306,0.10212411358523282,0.09992003672938556,0.10686372042626822,0.12144831078076378,0.15195849899882816,39.86051575510063,41.23842331036129,36.77691886705846,39.32900058749236,41.81544285226594,39.60133572615211,42.077632430646624,41.08669811612143,39.96988280601336,23.11142664204781,9.695728902911515,-0.0031501268215207013,4.347958652327821e-05,-0.00319360640804398,0.09406293039092517,0.0989691499999997,0.10387536960907423,-0.007540000000000005,23.517857142857146,19.817641152563237,26.934229571248327,25.562681649999963,-22.10502859689513,0.0004369999999996877,45.859365879910676,0.095991,-0.42816514048192866,0
2018-11-01,0.095912,0.100052,0.094691,0.095143,0.095143,2678860.0,29,0.21514560897428192,0.09817692857142854,0.09878695238095216,0.09626099999999964,0.09806966666666683,0.10054365384615373,0.09822107692307708,0.10187203333333332,0.09880394999999972,0.10741196000000036,0.1180773499999999,0.1671793949999998,0.09809663953012283,0.09969067612689353,0.09607269309092162,0.0976465419582333,0.10079935020991253,0.09787057848060833,0.1016737191603791,0.09946508085039647,0.10640408433112043,0.12092741353758035,0.1513931706505811,39.30983686618666,40.909300551327256,35.01814747887442,38.66763841802015,41.57075836194272,38.99958021795091,41.8795309627216,40.735457457405154,39.891427152865155,23.101858317266693,9.694877449422853,-0.003152808251679212,3.263852509181441e-05,-0.0031854467767710266,0.09360965821504924,0.09880394999999972,0.1039982417849502,-0.0047840000000000105,15.201243738123882,21.748871704160038,27.176947980359202,26.84031339063206,-11.995971971635857,-0.0005680000000003183,41.69976893423915,0.09558,-0.45720862105042004,0
2018-11-02,0.095162,0.096872,0.094213,0.095711,0.095711,3860650.0,36,0.2150331886073784,0.09804178571428568,0.09865666666666646,0.09551919999999964,0.09745225000000017,0.09995092307692297,0.09788823076923094,0.1014227,0.09866969999999972,0.10725674000000036,0.1169473599999999,0.1666048299999998,0.0977785542594398,0.099328887388085,0.09595212872728108,0.09734876627235126,0.10042243537954862,0.09756206726909286,0.10128902760164496,0.0991075493408349,0.10598474769068436,0.1204280786160441,0.1508391192013216,40.45542326394281,41.54455992482615,39.528716971154815,40.08630885927687,42.028626733489645,40.270020305029156,42.24473478852128,41.41892372693264,40.047442080940726,23.14362955046925,9.705235451546246,-0.0030736691071973628,8.942213565893073e-05,-0.0031630912428562944,0.09329534326102806,0.09866969999999972,0.10404405673897138,-0.003034999999999996,25.65507792430211,21.45805960176108,20.06184902402308,24.7243421918768,-7.882676443629541,0.00019199999999969242,41.066492445754825,0.095143,0.5969961006064617,0
2018-11-03,0.095686,0.096494,0.095235,0.095519,0.095519,2726840.0,36,0.21495401160584274,0.09771899999999996,0.09851966666666644,0.09558879999999964,0.09708491666666684,0.0993260769230768,0.0973035384615386,0.10089236666666664,0.09859089999999973,0.10697602000000037,0.11590035999999987,0.16603212999999978,0.09747728035818116,0.0989825339891682,0.09580775248485406,0.0970672637689126,0.1000592179440265,0.09727020051636533,0.10091676775637756,0.09876578273694586,0.1055743262126183,0.11993482953453828,0.15028867025404474,40.18073284399957,41.386997682400064,38.4462190643404,39.749611492242906,41.913332947297015,39.96700778264264,42.1522181226899,41.25007837108997,40.01163498486789,23.139338272430557,9.704857294917305,-0.002991954175113901,0.00013690965419391448,-0.0031288638293078147,0.09307497729149927,0.09859089999999973,0.1041068227085002,-0.005157999999999996,22.366843637609215,21.074388433345106,22.65370733487823,23.297501446420103,-20.76841766625289,-0.001880000000000298,39.62408184116026,0.095711,-0.2006039013279559,0
2018-11-04,0.096416,0.097399,0.095168,0.097399,0.097399,4165170.0,41,0.21483419134841214,0.09731035714285707,0.09853414285714264,0.09587039999999963,0.09697266666666683,0.0988249615384614,0.09710907692307706,0.10042189999999997,0.09826089999999972,0.10656702000000036,0.11490583999999987,0.16538103999999978,0.09746684297709034,0.09883857635378926,0.09633816832323604,0.09711830011215683,0.0998621647629875,0.09728860044259884,0.10068981499790157,0.09863561295247483,0.10525372518467248,0.1194885754843494,0.14976240487838266,44.158536988525114,43.58190611002528,53.430966784096476,44.678576399432075,43.48962232220461,44.38016809589714,43.40626226131628,43.61334416037855,40.54258923871275,23.280021282823714,9.739466069517805,-0.00274386465083068,0.00030799934278170817,-0.003051863993612388,0.09335085131765523,0.09826089999999972,0.1031709486823442,-0.0005730000000000041,54.56413769481069,34.19535308557404,28.26103202754057,23.658862795480555,-27.82993627474816,0.0007819999999996996,39.52100361948029,0.095519,1.9681948094096402,1
2018-11-05,0.097299,0.098234,0.09626,0.096617,0.096617,2385610.0,42,0.21476589458277415,0.0970739285714285,0.09818261904761882,0.09607779999999964,0.0966343333333335,0.09831430769230756,0.09694530769230784,0.09997936666666664,0.09796284999999973,0.10614184000000038,0.11395030999999987,0.16464528499999978,0.09735353058014497,0.09863661486708114,0.0964311122154907,0.09704117701797883,0.09962178218795137,0.09719265752222757,0.10042705273997243,0.09844336409985817,0.1049150300793912,0.1190356729995108,0.14923359487959276,42.88753701704921,42.88214273799873,47.64183624100731,43.09008723119631,42.98574677102914,42.965315152933066,43.0055432998124,42.860337076785676,40.39091116479752,23.2621334653588,9.73790579014207,-0.0025806051699725358,0.0003770070589118817,-0.0029576122288844176,0.09344844907689027,0.09796284999999973,0.10247725092310916,-0.0012710000000000082,41.171433464634205,39.367471599018074,31.79174729189598,27.568828884771523,-18.240934641243147,-0.0016400000000003356,43.140267425446474,0.097399,-0.8028829864783038,0
2018-11-06,0.096777,0.098363,0.096111,0.098257,0.098257,3341170.0,42,0.2146708125900589,0.09703899999999993,0.09797685714285692,0.09670059999999964,0.09665808333333352,0.0983857307692306,0.09675915384615401,0.0995505333333333,0.09779909999999972,0.10592134000000036,0.11298221999999987,0.16374816999999978,0.09747399316945896,0.09860210442461922,0.0970397414769938,0.09722822670752056,0.09952068721106608,0.09734470644762364,0.10028704933739356,0.09842561513796692,0.10465393086059156,0.11862421412823335,0.1487263650797958,46.356864809183705,44.828403460615114,58.859617692241706,47.34348722872849,44.38896790365232,46.79609872986559,44.12342239629602,44.95318774609296,40.86417060194364,23.38682469642193,9.768372753149656,-0.002292460503545521,0.0005321213802711175,-0.002824581883816639,0.09360347481481324,0.09779909999999972,0.1019947251851862,0.0010560000000000153,97.44578313253024,64.39378476399175,48.24065517077725,36.09781149673787,-2.6283257188925635,-0.00039300000000030977,46.434593496453935,0.096617,1.6974238488050686,1
2018-11-07,0.098346,0.100023,0.098078,0.09865,0.09865,3625010.0,48,0.2145690060628096,0.09689421428571422,0.09783961904761884,0.09728839999999964,0.09672158333333353,0.0983935384615383,0.09681130769230784,0.09911336666666663,0.09783149999999972,0.10559132000000038,0.11214112999999984,0.16291827999999978,0.09763079408019776,0.09860645856783566,0.09757649431799588,0.09744696106020972,0.09945619186209824,0.09753117695510598,0.10018143325111012,0.09844698512482722,0.10441848259154876,0.11822868513559508,0.1482280927904446,47.18066016666113,45.296351351235344,61.2471857635279,48.34571281969686,44.72749306800109,47.70258694628088,44.39349278864256,45.45586201070365,40.97870722947187,23.416942893233447,9.775707109565793,-0.0020092308018885285,0.0006522808655424878,-0.0026615116674310164,0.0936193020989356,0.09783149999999972,0.10204369790106384,-0.0007700000000000068,71.719876416066,70.11236433774351,57.45361486913004,45.82867244393435,-11.876721157789733,0.0034309999999996565,42.87767922594039,0.098257,0.39997150330257636,0
2018-11-08,0.098671,0.098829,0.094976,0.095219,0.095219,4638220.0,51,0.21443610968552548,0.09669757142857137,0.09770709523809502,0.09722839999999966,0.09655641666666682,0.09827134615384599,0.09660600000000014,0.09860639999999997,0.09771229999999972,0.10519116000000038,0.11144368999999983,0.1620833049999998,0.0973092215361714,0.09829850778894153,0.09679066287866392,0.09710419782017744,0.09914232579823913,0.09720086596151943,0.09986127626716754,0.09813955797008177,0.10405771856835076,0.11777304780617735,0.1477006391308382,41.25456536449201,42.0355089738445,38.0892689240551,40.97049460489296,42.388154429476735,41.11623577165581,42.538681179320456,41.94471367158635,40.283916955194634,23.336051480521988,9.768740266730855,-0.002038127978061674,0.0004987069514954738,-0.0025368349295571482,0.09334095372539901,0.09771229999999972,0.10208364627460044,4.800000000000637e-05,4.8147414305529495,57.99346699304977,53.94319442771878,53.21248815587529,-15.472376777384168,0.0014289999999996805,44.53361776326592,0.09865,-3.477952356817038,-1
2018-11-09,0.095656,0.095856,0.093745,0.09379,0.09379,3449470.0,47,0.2143358990946061,0.09640485714285707,0.0975255238095236,0.09650659999999966,0.09608725000000017,0.0981442307692306,0.09634361538461553,0.09806959999999997,0.09739989999999972,0.10463428000000036,0.11073486999999986,0.16120669999999976,0.0968399919980152,0.09788864344449227,0.09579044191910928,0.09659432123245784,0.09874585722059176,0.09671359939558807,0.09946958102412448,0.0977253143538835,0.10365506293821936,0.11729813596843125,0.1471642148608796,39.06495593689528,40.75534369925409,32.03536194212576,38.33202391520919,41.45048431742461,38.71841501209442,41.78727206216772,40.574118544332,39.99583113289759,23.302190318889927,9.76582703901558,-0.002151535988133932,0.00030823915313857265,-0.0024597751412725045,0.09283943243857784,0.09739989999999972,0.1019603675614216,-0.0022009999999999946,0.7167887862374889,25.75046887761885,43.173724646004146,51.52351131428424,-21.412895809384345,-0.00222700000000034,38.51292741841024,0.095219,-1.5007509005555586,-1
2018-11-10,0.093736,0.096986,0.093676,0.096017,0.096017,3256010.0,52,0.21424232562219708,0.09632028571428564,0.09733404761904738,0.09638659999999967,0.09615775000000017,0.0978372307692306,0.09608184615384628,0.09805683333333327,0.09704474999999972,0.10401150000000037,0.11007792999999984,0.16019597999999974,0.09673025973161316,0.09771849404044754,0.09586596127940618,0.09650550258131048,0.09854371964869607,0.09661408519621836,0.09924683386127772,0.09756261774875173,0.10335553105828918,0.11687672733539302,0.14665528734982608,44.02557093966035,43.561529004160754,47.60814176482528,44.379398153742144,43.47411538129006,44.1816861296876,43.39738868489277,43.590336663063326,40.67028249200326,23.476963999672872,9.807953808885452,-0.002038217067385606,0.0003372464591095189,-0.002375463526495125,0.0933324633235354,0.09704474999999972,0.100757036676464,0.00043699999999999295,36.88356703954614,14.138365752112227,42.31615136098653,46.47769014490306,-5.725892252635544,0.0015169999999996575,43.73601814100937,0.09379,2.3744535664783184,1
2018-11-11,0.095871,0.096023,0.093463,0.0945,0.0945,3576180.0,54,0.2141389445699433,0.09596885714285708,0.0969235714285712,0.09563519999999966,0.09603350000000016,0.0975265384615383,0.09603023076923092,0.0979252666666666,0.0967733999999997,0.10343584000000038,0.10941024999999986,0.15943876999999976,0.09643289176739807,0.09742590367313413,0.09541064085293743,0.09619696372264733,0.0982441848599038,0.09631207302533,0.09894058651538884,0.09727093986791824,0.10300825533051314,0.11643362382380107,0.14613632926674322,41.55648725455409,42.13722770432538,40.097937062476326,41.384562539812755,42.43657703541311,41.46960480867098,42.568617335314244,42.063314751799936,40.35512081918966,23.440215348283363,9.804820103432382,-0.0020472211372564576,0.0002625939113909334,-0.0023098150486473915,0.09315601901081903,0.0967733999999997,0.10039078098918036,-0.0006429999999999907,15.807926829268244,17.802760885017324,25.98858010033413,37.15948536910817,-24.62955546655981,0.0009099999999996886,38.71297522071093,0.096017,-1.5799285543185104,-1
2018-11-12,0.094694,0.095629,0.093165,0.09359,0.09359,3619940.0,52,0.214034013480244,0.09585592857142852,0.09662180952380928,0.09462319999999964,0.09586766666666684,0.09722107692307674,0.09584553846153862,0.0977650666666666,0.09651559999999967,0.10281670000000036,0.10878861999999984,0.15853486499999975,0.096053839531745,0.09707718515739466,0.09480376056862497,0.0957958923807016,0.09789943042583683,0.09592320545028286,0.09859538738536376,0.09692037416621174,0.1026389119842185,0.11598127483719115,0.14561348021931295,40.110681693152884,41.28884714128686,36.008930358922775,39.64592883091157,41.814919932523004,39.88784165890695,42.07059815538928,41.15523244255973,40.164681544312096,23.41800647230378,9.802931861583051,-0.0021035380451352448,0.0001650216028097175,-0.0022685596479449623,0.09275795424208984,0.09651559999999967,0.10027324575790954,-0.002121000000000012,7.503531073446232,20.065008314086906,13.145311031810172,27.15001416437685,-9.502915189036413,0.0011059999999996906,38.58130103274325,0.0945,-0.9629629629629544,0
2018-11-13,0.093628,0.093792,0.09195,0.092484,0.092484,5160220.0,56,0.21388302583172955,0.09560542857142852,0.09632361904761877,0.09407619999999964,0.0956460833333335,0.09700884615384596,0.09560738461538476,0.0976113666666666,0.09610594999999968,0.10231520000000036,0.10810655999999984,0.15768869999999974,0.09557786092751233,0.0966596228703588,0.09403050704574996,0.09528637047597828,0.0974982874313304,0.09543189038595674,0.0982011043282435,0.09649786234085823,0.10224068014170012,0.11551598226615767,0.14508482867484218,38.37222069131829,40.25684266296055,31.34680398441086,37.5678504962311,41.055836333124866,37.99116796725954,41.4614054172405,40.05179741578894,39.93107619209727,23.390801693627893,9.800626433277337,-0.002211916955352139,4.531415407425885e-05,-0.0022572311094263982,0.09247422374816668,0.09610594999999968,0.0997376762518327,-0.0030350000000000103,10.603653693407326,11.305037198707296,14.303093484381046,17.812328205508358,-20.72327601489081,0.016051999999999702,33.353384614855564,0.09359,-1.1817501869857971,-1
2018-11-14,0.092205,0.092323,0.074904,0.076432,0.076432,12529800.0,49,0.21348324184463013,0.09423771428571424,0.09516909523809496,0.09060459999999963,0.09403950000000016,0.09619457692307674,0.09416807692307708,0.0966924666666666,0.0950289499999997,0.10160662000000037,0.10728832999999986,0.15666717999999974,0.09302507947051067,0.09482074806396253,0.08816433803049999,0.09238569809505852,0.0959378216956763,0.09271762033082008,0.09679664598448584,0.09458682783220508,0.10122857503810404,0.11474204202326345,0.14440171595170942,22.922850509396728,29.17083644994901,9.630622681686011,20.59486163020319,32.23594578531473,21.793814909073486,34.063905998115985,28.434015384403683,36.765497567790156,22.999147827519568,9.76712199545354,-0.003552123600617768,-0.0010359139929530963,-0.0025162096076646718,0.08559180720147054,0.0950289499999997,0.10446609279852884,-0.020967,6.919663073996928,8.342282613616861,15.543668341932936,14.330690952707965,-58.8011300822994,0.0010239999999996918,23.30242099955719,0.092484,-17.35651572163833,-1
2018-11-15,0.07678099999999999,0.078681,0.070257,0.075408,0.075408,7403810.0,28,0.2132366985304536,0.09282807142857136,0.0940946190476188,0.08648279999999964,0.0923635833333335,0.09524726923076904,0.09260630769230783,0.09578679999999994,0.0939049499999997,0.10082210000000036,0.10649188999999984,0.15533356999999973,0.09067613554110926,0.09305595278542048,0.08391222535366666,0.08977374454197261,0.09441709416266324,0.0902448174264172,0.09541673334032548,0.0927602728005665,0.1002160034679823,0.11396315010201072,0.143715211315374,22.308937603188294,28.643681325751967,9.145608063907575,19.97129743397653,31.783618430980557,21.173642461859995,33.667930253677184,27.892086472873427,36.5768205433904,22.97436259706373,9.76498178340642,-0.004643349620690629,-0.0017017120104207654,-0.0029416376102698637,0.08113513858525084,0.0939049499999997,0.10667476141474856,-0.021208999999999992,19.991461616083225,12.504926127829194,12.165247257240354,14.00400302785136,-59.530632560103705,0.0024259999999997057,31.82404374267481,0.076432,-1.3397529830437516,-1
2018-11-16,0.075473,0.07573300000000001,0.07173,0.072982,0.072982,4864470.0,23,0.21307367372296615,0.09120457142857136,0.0929086190476188,0.08217919999999962,0.09032883333333352,0.0940881153846152,0.09087269230769247,0.09483513333333328,0.0926939999999997,0.09991920000000036,0.10594663999999986,0.15390471999999975,0.08831691746896136,0.09123104798674588,0.08026881690244445,0.08719039922782297,0.09282930940987336,0.08777870065121474,0.09396933118933674,0.09087662777194112,0.099148003331983,0.11315164217919862,0.14301139826745984,20.888875719022238,27.414098618052922,8.000169652645416,18.531240289557267,30.72300438435473,19.740427644617103,32.73631788349573,26.62953845304147,36.128774330754155,22.915271990667218,9.759889741078169,-0.0056389101820504,-0.002157818057424429,-0.0034810921246259704,0.07698512694584947,0.0926939999999997,0.1084028730541499,-0.02527500000000001,10.740186031846154,12.550436907308802,11.151699097755936,12.953538232309654,-64.92330543574509,0.0017979999999997165,32.276682556076935,0.075408,-3.2171652875026435,-1
2018-11-17,0.073253,0.07331,0.07053,0.071184,0.071184,3778360.0,24,0.21294567457119687,0.08946635714285707,0.09166971428571402,0.07769799999999963,0.08820941666666683,0.0929826153846152,0.088856153846154,0.09394119999999992,0.09128219999999967,0.09905406000000036,0.10534582999999983,0.15243422999999973,0.08603252847309985,0.0894085890788599,0.07724054460162963,0.08472787626969636,0.09122595315729017,0.08540802912961264,0.09249930982228276,0.08900113941270864,0.0980513757503366,0.11232059975980856,0.14229669778718662,19.883819603521108,26.529866560639768,7.19835738159621,17.51710305457906,29.95370757886157,18.72860428418441,32.056987765816935,25.72342236623068,35.797287680116256,22.87123831699769,9.756100416715848,-0.006498076887593796,-0.0024135878103742603,-0.004084489077219536,0.07321956785982131,0.09128219999999967,0.10934483214017808,-0.027466000000000004,3.9388145315487457,11.556820726492742,10.43875578937644,11.251900714790823,-66.46183258227504,-0.000624000000000291,29.696768331227393,0.072982,-2.4636211668630725,-1
2018-11-18,0.07137,0.07272200000000001,0.071125,0.07180800000000001,0.07180800000000001,3556880.0,26,0.21282556914424194,0.08763842857142852,0.09035485714285688,0.07356279999999964,0.0860053333333335,0.09194653846153827,0.0869477692307694,0.0930813666666666,0.0901140499999997,0.09820376000000036,0.10485411999999986,0.15090913999999972,0.08413592467668654,0.08780853552623627,0.07542969640108642,0.08274020299743537,0.08978758625675014,0.08346516782538227,0.09116438660794192,0.08736369756387924,0.09702222376012733,0.11151837006159453,0.14159531770970218,21.291980737464613,27.381471202072238,10.916671582018145,19.18001035547802,30.58017584112225,20.256256002732112,32.55888077950366,26.63313528686955,36.005139096663044,22.923154184228352,9.768319450927411,-0.0070473832593147545,-0.002370315345676175,-0.00467706791363858,0.07018491797279593,0.0901140499999997,0.11004318202720346,-0.023411,7.028913260219389,7.235971274538128,9.723807702738851,10.43808752995699,-72.37478435476108,0.011152999999999745,28.606415967302887,0.071184,0.8766014834794555,0
2018-11-19,0.071607,0.07178,0.060107000000000015,0.060655,0.060655,8746950.0,28,0.21251498038611644,0.08506971428571422,0.08871123809523784,0.07040739999999965,0.0828390833333335,0.0904072307692306,0.08405530769230785,0.09176859999999994,0.0883472499999997,0.09713214000000034,0.10429408999999988,0.14942109999999972,0.08100513471979501,0.08534003229657842,0.07050479760072427,0.0793424794593684,0.08762961690439827,0.08020657242175623,0.08919603908484891,0.08482001208160503,0.09559605812247528,0.11051117461483027,0.14078994141408327,15.930064846646669,22.498434490678182,5.871175690675565,13.794924060431173,26.226536999075932,14.874529093262876,28.65011003599372,21.655555611546326,33.99851141291866,22.647958698802057,9.744618975178712,-0.008287137445029874,-0.002888055625113036,-0.0053990818199168384,0.06469439045662168,0.0883472499999997,0.11200010954337772,-0.033135000000000005,2.9503607192849115,4.639362837017715,8.929947231796449,9.69750357463716,-78.63984255412197,0.009039999999999729,24.283392658860674,0.07180800000000001,-15.53169563279858,-1
2018-11-20,0.060269,0.061318,0.049574,0.051615,0.051615,7350030.0,21,0.212237448191928,0.08173814285714279,0.08659809523809499,0.06564879999999965,0.07920541666666682,0.08862426923076905,0.08043723076923093,0.0900517666666666,0.0861489999999997,0.09592422000000037,0.10364026999999988,0.14792563999999975,0.07708645009048899,0.08227412026961675,0.06420819840048286,0.07507671338869634,0.08496186750407247,0.07612206207579104,0.08677145591808448,0.08165762997859502,0.09387131074512332,0.10934491373136827,0.1399026285641919,13.071385158360842,19.539550763839475,4.0503622437057505,11.066595342413352,23.420024906513998,12.074340356169238,26.03250641362909,18.68371692841202,32.500980916883165,22.427540885976462,9.725397471467003,-0.00988515411537613,-0.0035888578363674354,-0.006296296279008697,0.057650712561151965,0.0861489999999997,0.11464728743884744,-0.04440199999999999,7.802286020107803,5.927186666537402,6.4921121126013634,8.3819556823788,-87.78844344061736,-0.002800000000000261,22.482562193999936,0.060655,-14.903965048223554,-1
2018-11-21,0.05189,0.054459,0.049623,0.054415,0.054415,4707370.0,15,0.2120587127947941,0.07857849999999995,0.08463785714285689,0.06193539999999964,0.07592416666666682,0.08695223076923059,0.0772984615384617,0.08853469999999992,0.0841125999999997,0.09476826000000034,0.10308058999999987,0.14644745999999972,0.07406359007842381,0.07974147297237888,0.06094379893365525,0.07189798825197383,0.08269913657784489,0.0730210532078209,0.08468394263304678,0.0790630937901574,0.09232400444139298,0.1082571926673808,0.13905200539439894,17.95724508076692,22.832630763980628,13.967242422089573,16.601227306890625,25.968171797988163,17.269332460411743,28.134014258628913,22.15787430380579,33.427386475868715,22.66300022410194,9.780793312967251,-0.010801148325871065,-0.0036038816374898922,-0.0071972666883811705,0.05265355374417478,0.0841125999999997,0.11557164625582465,-0.040085,20.39518031681833,10.382609018737043,8.423110969595799,7.948390104664449,-79.64960296739109,0.0016839999999997413,31.480892654592797,0.051615,5.424779618327991,1
2018-11-22,0.054268,0.057148,0.052456,0.052730999999999986,0.052730999999999986,3413770.0,14,0.21193038440358164,0.07554364285714281,0.08261823809523786,0.058244799999999625,0.07231700000000016,0.08524184615384597,0.0741400769230771,0.0870008666666666,0.0819635999999997,0.09363906000000034,0.10264416999999988,0.14506300999999974,0.07121924473463398,0.07728597542943533,0.058206199289103484,0.06894922082859324,0.08047927460911564,0.0701224741781322,0.08262246246317279,0.07655527533395193,0.09077133760055403,0.10715766409970988,0.13819308991783774,17.32960008299326,22.258638722642747,12.997706812503084,15.954311078444741,25.439492679252748,16.632824272098652,27.645873662914404,21.57575588214972,33.148293380514325,22.62129108963874,9.777166921147572,-0.011530053780522395,-0.003466229673712979,-0.008063824106809416,0.04806325696556354,0.0819635999999997,0.11586394303443588,-0.040859,13.638327285294592,13.945264540740276,10.36301352034497,8.426078867513956,-78.98865960215653,0.0012359999999997234,26.295105871758462,0.054415,-3.094734907654162,-1
2018-11-23,0.052425,0.053021000000000006,0.050577,0.051495000000000006,0.051495000000000006,5373590.0,12,0.211725722203074,0.0725225714285714,0.08051271428571402,0.054182199999999625,0.06873325000000015,0.08339857692307674,0.07071530769230787,0.0853614666666666,0.0797623999999997,0.09244038000000034,0.10217002999999986,0.14376918999999974,0.06858934543668277,0.07494134129948668,0.05596913285940233,0.06626395608573274,0.0783322913047367,0.06746140643839903,0.08061423907845196,0.07416858244500413,0.08923108906719897,0.1060554331274384,0.13733042235646625,16.866018118561232,21.83654050106527,12.248838211516599,15.47482919363837,25.050771073830532,16.161972852146246,27.28680073278363,21.147592169224502,32.942383001818065,22.590470793047267,9.774493684781332,-0.012068335219003969,-0.003203608889755641,-0.008864726329248326,0.04390731429217298,0.0797623999999997,0.11561748570782646,-0.04098899999999999,8.650815095019393,14.228107565710804,10.687393887304973,9.824506125748494,-78.91299886187656,0.005688999999999736,26.570275493539704,0.052730999999999986,-2.343972236445313,-1
2018-11-24,0.051495000000000006,0.05255,0.04481,0.045806,0.045806,11164900.0,15,0.2112916325551525,0.06893607142857139,0.07814542857142832,0.05121239999999962,0.06475125000000016,0.08149992307692289,0.06696961538461556,0.08362259999999992,0.07718274999999973,0.09112624000000033,0.10164083999999987,0.14243630999999973,0.06555156604512506,0.07229267390862425,0.052581421906268216,0.06311657822638925,0.07592293639327473,0.06436777694719918,0.07836854623468087,0.07146738411690849,0.08752814439789706,0.10486237504570696,0.13641973158675014,14.900330193566372,20.007093731093285,9.291900661423034,13.458060085763314,23.345690756657092,14.173188899184444,25.69923937835064,19.296884604857162,32.00890201804203,22.448289806701652,9.762146919415295,-0.01280635816688548,-0.0031533054701097236,-0.009653052696775756,0.039303621955377836,0.07718274999999973,0.1150618780446216,-0.030626,6.033438332929473,9.440860237747854,11.304009410033885,10.78480560589452,-87.99838763385263,-0.0026590000000002727,24.39458549095179,0.051495000000000006,-11.047674531507923,-1
2018-11-25,0.0458,0.049421,0.043121,0.048465,0.048465,7486450.0,9,0.21100057023023736,0.0656478571428571,0.07581523809523785,0.05058239999999962,0.061083000000000165,0.07967199999999981,0.06349846153846171,0.08197516666666659,0.07477514999999971,0.08989768000000034,0.10095504999999988,0.14114020499999974,0.06327335723910839,0.07012652173511295,0.05120928127084548,0.060862489268483214,0.07388901517895809,0.062095951669027864,0.0764392851872821,0.06927668086767913,0.08599625638229326,0.10374559534183156,0.1355445601281755,19.593219470275397,23.15928895578959,20.108954874115256,18.81539165420879,25.79710886300934,19.179109450172525,27.73000028668275,22.62023389537356,32.91517149297335,22.678022587874107,9.8156573608885,-0.01302652591047488,-0.002698778570959298,-0.01032774733951558,0.03598686376345369,0.07477514999999971,0.11356343623654573,-0.026943,38.097953945961365,17.594069124636775,17.363142995204598,13.118182097514396,-79.09657909657905,0.003220999999999738,29.8458507893828,0.045806,5.804916386499581,1
2018-11-26,0.048458,0.048896,0.04364,0.045244,0.045244,4247090.0,17,0.21083482753343435,0.06219457142857138,0.07336890476190452,0.04874819999999962,0.05848400000000015,0.0777359999999998,0.059864615384615565,0.08024326666666658,0.07212449999999973,0.08858012000000035,0.10031508999999987,0.14003314999999975,0.06086944294056061,0.06786447430464812,0.049220854180563656,0.058459644765639626,0.07176716220273897,0.05968853000202388,0.07442668614294133,0.06698785411837635,0.08439812868102686,0.10258714790932004,0.13464604709207426,18.284543394483407,22.056302658182076,17.138112777461405,17.401719939541987,24.799442043611172,17.82298806903906,26.81268492482666,21.49440398540785,32.381861564698966,22.596127215269078,9.808576367206602,-0.01330751743709934,-0.002383816078067007,-0.010923701359032334,0.03285030707787831,0.07212449999999973,0.11139869292212112,-0.02773800000000001,15.135096599415407,19.755496292768782,16.311126251724012,14.992759552320743,-79.89489687995766,-0.00033300000000026364,34.064610019093706,0.048465,-6.646033219849379,-1
2018-11-27,0.045031,0.045933,0.044206,0.045577,0.045577,3271710.0,11,0.2107068440872439,0.058844071428571385,0.0708603333333331,0.04731739999999962,0.05599808333333348,0.0758296153846152,0.05749115384615401,0.07844849999999992,0.06947084999999972,0.08725636000000034,0.09964281999999987,0.13904896499999975,0.05883045054848586,0.06583834027695283,0.048006236120375766,0.05647769941707969,0.06982715018772127,0.057672597144591886,0.07256541606920316,0.06494872515472146,0.08287573147784934,0.10145823408933352,0.13375978791702875,18.884674321449925,22.45629194112892,18.62950469111369,18.090979270803622,25.11038449489396,18.46486697227344,27.070415817287092,21.91627435723409,32.4971960124064,22.625303367841987,9.815336061861952,-0.013349450770641584,-0.0019405995292874,-0.011408851241354184,0.030572802340836494,0.06947084999999972,0.10836889765916297,-0.025607,24.80808080808079,26.013710451152548,18.54507695628125,17.406448734403195,-78.51989487604408,-0.0050250000000002645,39.6284359963669,0.045244,0.7360091945893377,0
2018-11-28,0.045617000000000005,0.052121,0.045562,0.050602,0.050602,9718430.0,14,0.21033743679808675,0.05699907142857138,0.0685723333333331,0.04713879999999961,0.054133083333333484,0.07409465384615364,0.05558300000000017,0.07696286666666659,0.06723999999999973,0.08605984000000033,0.09911388999999986,0.13808368499999976,0.05773332380868775,0.0644532184335935,0.048871490746917184,0.05557374566060589,0.06840306498863083,0.05666251183822162,0.07114842148409327,0.06358237037808133,0.08161009494930622,0.10045117994895067,0.13293234724123745,27.49402945288074,28.275081293682337,38.630882743211046,27.923388589074378,29.667571173886714,27.64873062158364,30.866629623324012,28.043054056150694,34.224047465818416,23.06727020154707,9.917726421796765,-0.012829319328024924,-0.001136374469336593,-0.01169294485868833,0.02945791438706733,0.06723999999999973,0.10502208561293212,-0.02120600000000001,79.340333015166,39.76117014088743,32.68298054031057,22.51306124943852,-53.025948431597904,0.0010009999999997382,41.401140580154106,0.045577,11.02529784759858,1
2018-11-29,0.050576,0.05236,0.048053,0.049601,0.049601,8532805.0,18,0.21001564538731568,0.05515571428571424,0.06640004761904739,0.047897799999999616,0.05233450000000015,0.07232857692307673,0.05378446153846171,0.07541653333333324,0.06503054999999971,0.08485398000000034,0.09855851999999984,0.13704643499999974,0.056649013967529374,0.06310301675781227,0.04911466049794479,0.05465486171282037,0.06701031943391743,0.05565372443276139,0.06975826525931307,0.062250811294454526,0.08035483632384323,0.0994442456925358,0.13210317960699625,26.884999059039398,27.83912490357468,36.48695642996615,27.2182910682146,29.298752606449515,26.99639790761599,30.539405020589427,27.590245511710588,34.04707278835073,23.040790841342,9.915472681479468,-0.012355457721097056,-0.0005300102899269792,-0.011825447431170078,0.02864328530203442,0.06503054999999971,0.101417814697965,-0.011053999999999994,70.13746076415192,58.09529152913293,45.503785026555065,32.24394750771554,-53.003758549158896,0.00177999999999974,43.203417640316374,0.050602,-1.9781826805264635,-1
2018-11-30,0.049695,0.052363,0.046893,0.047821,0.047821,4294646.0,19,0.20985318478376064,0.05335849999999996,0.06421104761904738,0.04776899999999961,0.05033558333333348,0.07042173076923057,0.05198730769230786,0.07382456666666658,0.06262074999999971,0.08388240000000033,0.09801541999999984,0.13603147499999976,0.05547194543852546,0.061713742507102064,0.04868344033196319,0.05360349837238647,0.06558888836473836,0.054534763799509764,0.06834295782322836,0.060876543552125524,0.07907899960526114,0.0984220032035747,0.13126455095419032,25.79630170103241,27.0618302822382,32.62352444477625,25.95570240695757,28.641247611242253,25.82937734944921,29.95587248520027,26.78278685815205,33.73070570980556,22.99338612897867,9.91144754302998,-0.011985389992351894,-0.00012795404894545316,-0.011857435943406441,0.028564997847331006,0.06262074999999971,0.09667650215266843,-0.0037940000000000053,47.9307577668233,65.80285051538043,47.47034579072745,41.885703785864266,-52.37183356576395,-0.001613000000000267,40.47007454390249,0.049601,-3.5886373258603554,-1
2018-12-01,0.047989,0.050434,0.046976,0.049434,0.049434,3128736.0,13,0.20973497820700795,0.051804928571428516,0.06199280952380928,0.048606999999999616,0.04940050000000015,0.06860699999999981,0.05026623076923094,0.07230093333333325,0.06036744999999971,0.08290214000000032,0.09745985999999984,0.13502102499999974,0.05466688604672207,0.060597402279183685,0.048933626887975465,0.05296203708432701,0.06439222996735032,0.053806083256722655,0.06712302506043942,0.059786777499542136,0.07791645060113325,0.09745194373419698,0.13045031661633769,28.603366674771127,28.945223963606878,39.58032609418732,29.180698132095213,30.117042439061304,28.83170639164794,31.187074534091142,28.766383596875094,34.295024227070584,23.138120232229873,9.94474084791618,-0.01143019288302332,0.00034179444830649726,-0.011771987331329815,0.029366331898095607,0.06036744999999971,0.09136856810190383,-0.004980999999999999,64.09219075640553,60.72013642912693,57.261764622125476,50.07863181313591,-45.44694721885571,-8.600000000026642e-05,47.05577688802067,0.047821,3.3729951276635806,1
2018-12-02,0.049221,0.050433,0.048344,0.04952,0.04952,2812048.0,15,0.2096292040821862,0.05021292857142852,0.05985090476190452,0.04939559999999961,0.04922591666666682,0.0667324999999998,0.04940969230769248,0.07076123333333323,0.058163949999999714,0.08192462000000032,0.09688141999999984,0.13402161999999976,0.053980634573825785,0.05959036570834881,0.04912908459198364,0.052432492917507484,0.06329058330310218,0.053193785648619415,0.06598734602428205,0.058808989166252414,0.0768028643030496,0.09650279633351982,0.12964503983408554,28.757321908756595,29.047558226065412,39.97684643489753,29.35841316328304,30.1969720129861,28.996732805709428,31.2536496252385,28.87425849069204,34.32543821678238,23.145898723230328,9.946524121289901,-0.010858090385594687,0.0007311175565881019,-0.01158920794218279,0.031089392570758944,0.058163949999999714,0.08523850742924048,-0.003210999999999992,58.197323922952535,56.74009081539381,63.93961324509983,56.223907885984175,-47.10059171597629,0.0030599999999997435,43.422661201883095,0.049434,0.17396933284783422,0
2018-12-03,0.049746,0.049787,0.04614,0.04646,0.04646,2816636.0,17,0.2095220960728715,0.04919899999999995,0.0576066190476188,0.048567199999999616,0.04856300000000014,0.06472519230769211,0.04901315384615401,0.06912593333333324,0.05586274999999969,0.08091192000000033,0.09626942999999982,0.13303483499999974,0.05297788329731569,0.05839669609849892,0.048239389727989086,0.051513647853275564,0.0620438734287983,0.052231816270245215,0.06472751724852192,0.057632894959942664,0.07561294805587117,0.09551184987146992,0.12881732799494044,26.572875120746136,27.567588189167928,31.226667188708078,26.76906306932289,28.972535920957718,26.63051792432105,30.18009113859217,27.328089585491604,33.75831292362511,23.06202495815333,9.939485918035901,-0.010530225575522743,0.0008471858933280367,-0.011377411468850782,0.033690664326679685,0.05586274999999969,0.07803483567331973,-0.005035000000000005,5.142214366061398,42.47724301513984,49.0999895152789,56.76712246083465,-36.186810105284565,-0.0008520000000002552,43.43942199166315,0.04952,-6.179321486268174,-1
2018-12-04,0.046469,0.048604,0.046067,0.047312,0.047312,2174059.0,12,0.2094394513746172,0.04889164285714282,0.05545557142857118,0.04810939999999962,0.048111416666666816,0.06288261538461519,0.0484667692307694,0.06745636666666657,0.054406749999999705,0.07977818000000031,0.09568162999999982,0.13200016999999975,0.05222243219100693,0.057388996453180824,0.047930259818659386,0.050867240491233166,0.06095262354518361,0.0515289853744959,0.06360393549055278,0.056649952582805266,0.07450310695564094,0.09455739739876756,0.12800632970643358,28.199919335027925,28.628284316151127,35.91344895577701,28.666775174283853,29.79562246835989,28.38288383223684,30.86336033949777,28.448233750718924,34.06768392168545,23.14034809013176,9.957314759876976,-0.010085383053950443,0.0010336227319202689,-0.011119005785870714,0.034183110212292464,0.054406749999999705,0.07463038978770695,0.0015060000000000006,19.77445997458699,27.704666087866997,39.02738935736593,50.688997372581476,-13.863204355810357,0.004116999999999746,43.69589845170457,0.04646,1.8338355574687881,1
2018-12-05,0.047393,0.047419,0.043195,0.043195,0.043195,2798960.0,19,0.20933138940414425,0.048090214285714236,0.053872857142856896,0.047184199999999614,0.04741975000000015,0.06093665384615365,0.04773323076923094,0.06567563333333322,0.052796099999999714,0.07859052000000033,0.09499754999999982,0.13092240499999974,0.05101877456553934,0.0560986331392553,0.046351839879106266,0.04968689580027422,0.059637244023318166,0.0503384160352822,0.062287229975033234,0.0553685285273,0.07327533805541972,0.09354032022255436,0.12716243587850887,25.29771118533937,26.65249528411253,25.741384883330365,25.242480397551788,28.15821772014784,25.245168297071785,29.42549550175697,26.38479474810446,33.30111978869927,23.025947189320423,9.947751169681355,-0.009950348223043942,0.0009349260502614174,-0.01088527427330536,0.03458392305680312,0.052796099999999714,0.07100827694319631,-0.005270000000000004,0.0,8.305558113549482,29.44123780400127,39.18953889221529,-34.67672147360606,0.006758999999999738,32.58486528722331,0.047312,-8.70180926614813,-1
2018-12-06,0.043222,0.043424,0.036436,0.036436,0.036436,5956432.0,13,0.2090937621429401,0.046926285714285684,0.052017047619047366,0.04458459999999961,0.04663891666666682,0.058645076923076724,0.046574846153846335,0.06361493333333322,0.0509687999999997,0.07728860000000032,0.09416489999999984,0.12977683999999975,0.04907440462346743,0.05431112103568664,0.043046559919404176,0.04764829644638588,0.057918633354924226,0.048352356601670456,0.06061940868632141,0.05356543057231904,0.07183065813167779,0.09240954160428594,0.12625968527275255,21.420079371564764,23.82452719356224,16.522061725884967,20.819405338416928,25.746056677116776,21.1176508615471,27.270207482457266,23.452447618297395,32.091905845262,22.83872626326005,9.932011935532774,-0.010270336908538341,0.0004919498918136162,-0.010762286800351956,0.033992668736562294,0.0509687999999997,0.06794493126343712,-0.008807999999999995,0.0,6.591486658195684,16.622799652720165,28.36380893802904,-43.53343485346363,0.0006039999999997436,27.211631342879706,0.043195,-15.647644403287408,-1
2018-12-07,0.036494,0.036882,0.033622000000000006,0.035832,0.035832,3870115.0,11,0.2089367189008418,0.04580749999999996,0.05024799999999975,0.04184699999999962,0.045586166666666816,0.05638861538461519,0.045807615384615565,0.06152099999999991,0.04920119999999971,0.07604520000000031,0.09333710999999983,0.12869334499999974,0.04730875067367177,0.052631200941533306,0.04064170661293612,0.04583040468540344,0.05628258643974465,0.04656373423000325,0.05902022102913939,0.05187653242257437,0.07041894604808258,0.09128919424578524,0.1253599073098396,21.11026838826122,23.590198162400732,15.910979320388744,20.47213159803738,25.54299968762756,20.79052470444566,27.087002446131137,23.210407025340896,31.986039130308857,22.82197814434101,9.93060084537448,-0.010452181754341212,0.00024808403680859516,-0.010700265791149808,0.033798684052416345,0.04920119999999971,0.06460371594758307,-0.009744999999999995,13.671512527064634,4.557170842354896,7.7176373735425825,17.927224943421262,-42.56365662110378,-0.0014010000000002493,31.673212267710646,0.036436,-1.6577011746624182,-1
2018-12-08,0.035956,0.038006,0.03567,0.037233,0.037233,3417297.0,11,0.20879950256282626,0.045195142857142816,0.048631285714285474,0.04000159999999961,0.04491858333333349,0.054221038461538265,0.04494361538461555,0.05958813333333325,0.047472449999999715,0.07483780000000033,0.09257473999999984,0.12775616999999972,0.04596531725051553,0.051231364492303005,0.039505471075290746,0.04450772704149522,0.054871505962726524,0.045230772197145636,0.057614593865969115,0.0504819102870911,0.06911753639913816,0.09021877455774988,0.12448302265999045,23.84757771099688,25.37379922029388,23.75976070492273,23.67142507871087,26.931133099401933,23.741357597540837,28.242470859635876,25.09323892698144,32.512767746811086,22.95434062669489,9.960421573370976,-0.010363778921231309,0.000269189495934798,-0.010632968417166109,0.03533918136460243,0.047472449999999715,0.05960571863539699,-0.013369000000000006,24.10225604058197,12.591256189215553,11.509645708446698,11.950027578236408,-26.369536464581167,-0.0011180000000002577,31.601508521437825,0.035832,3.9099129269926314,1
2018-12-09,0.03703,0.039413,0.036941,0.038351,0.038351,3991418.0,14,0.20864068842826444,0.04447271428571425,0.047038095238095004,0.038209399999999616,0.044316416666666816,0.05213899999999981,0.044413384615384785,0.05774016666666657,0.04635724999999969,0.07360406000000032,0.09177825999999983,0.12698124499999974,0.04495007495044679,0.050060422265730015,0.03912064738352716,0.04356053826588056,0.05364776478030234,0.044247947597553405,0.05637178135848722,0.049326585497844334,0.06791100555995627,0.08919168991304195,0.12362598760864725,26.04168223978149,26.802211781467715,30.01511755263604,26.236739591622772,28.04284874581552,26.107052961581555,29.168077079344908,26.601203330450183,32.93551933935282,23.06069236096761,9.984323276978023,-0.010087226514421774,0.00043659352219546817,-0.010523820036617242,0.035270749989922114,0.04635724999999969,0.0574437500100773,-0.011250000000000005,34.27556715227941,24.016445239975358,14.409867143985185,11.212383408658084,-32.657410397158486,0.0015209999999997448,30.733458587409235,0.037233,3.0027126473826993,1
2018-12-10,0.038371,0.038758,0.036717,0.03683,0.03683,2618102.0,19,0.2085361892490353,0.04387171428571425,0.04590357142857119,0.03693639999999961,0.04316875000000015,0.05061584615384596,0.043740538461538636,0.05576726666666657,0.045617999999999714,0.07227826000000033,0.09088863999999984,0.12613474499999972,0.043867398290387216,0.0488576566052091,0.03835709825568478,0.04252507084036048,0.05240200442620587,0.04318824079790292,0.055111021270842886,0.04813643449804963,0.06669214259682073,0.08815482476624904,0.12276234594089952,24.992075641386773,26.090449951878604,26.469569515060634,24.99846673495703,27.452749553602427,24.972052389081828,28.64857221271931,25.857610539764337,32.65169026217895,23.017035292695173,9.980700764325936,-0.009876933585845396,0.0005175091606174752,-0.010394442746462873,0.034046532932033406,0.045617999999999714,0.057189467067966016,-0.010990999999999994,32.72801469087937,30.368612627913603,20.95547008216106,15.624994311530909,-28.746156474205602,0.0005619999999997571,31.096376002392773,0.038351,-3.965998279054006,-1
2018-12-11,0.036769,0.037339,0.035797,0.036268,0.036268,2596663.0,15,0.2084320866736202,0.043206785714285684,0.04517276190476168,0.03690279999999961,0.04205766666666682,0.04911046153846134,0.04263792307692325,0.053826199999999914,0.044710649999999706,0.07100508000000033,0.09002259999999987,0.12535333999999973,0.04285414518500225,0.04771314236837191,0.03766073217045652,0.041562444557228094,0.051206892987227665,0.042199634969631084,0.053895342479175615,0.04700610740299728,0.06549903896557285,0.08712736288968967,0.12190170568278112,24.599561589452364,25.824980502326962,25.152199881118463,24.534954761138238,27.23286549258514,24.54739813241828,28.455068634879826,25.58019288041054,32.54598488968367,23.000785292706237,9.979356245256195,-0.009644448429999564,0.0005999954531706477,-0.010244443883170213,0.03319782741363855,0.044710649999999706,0.05622347258636086,-0.013165999999999995,45.691590398894824,37.56505741401789,30.09378816194003,21.81970846269536,-31.557001932268815,-0.0014060000000002404,29.381515772331408,0.03683,-1.5259299484116196,-1
2018-12-12,0.036549,0.03841,0.036114,0.037674,0.037674,1715171.0,14,0.20836376500138826,0.0422833571428571,0.0443755714285712,0.037271199999999616,0.04121208333333348,0.047752461538461334,0.04172046153846171,0.051962333333333235,0.043957799999999714,0.06978364000000031,0.08918581999999986,0.12454652499999973,0.04216345916033529,0.04680049306215628,0.03766515478030435,0.040964222317654536,0.05020445646965524,0.04155311568825521,0.05284880425471267,0.046117335269378494,0.06440786096692294,0.08614808837702254,0.12106361905907186,27.645564206941568,27.751676284955842,34.881769151572534,28.14581567675663,28.71619687340241,27.85287383664412,29.68289357925613,27.620061637652828,33.09866691629449,23.13790080848285,10.009836320861686,-0.009240234152000695,0.0008033677849356122,-0.010043601936936307,0.03268657987084938,0.043957799999999714,0.055229020129150035,-0.011846000000000002,53.53994122361744,43.98651543779722,38.067473901250594,29.705577381783822,-49.9536321483771,0.00144299999999975,34.34302446209172,0.036268,3.8766957097165378,1
2018-12-13,0.037751,0.03825,0.036009,0.036231,0.036231,2205383.0,14,0.20827570424616704,0.041328357142857104,0.043589857142856916,0.03707079999999961,0.040111833333333485,0.04640811538461519,0.04082892307692325,0.05008723333333323,0.043194599999999715,0.0684947200000003,0.08832574999999987,0.12371940499999973,0.04137246460562392,0.04583963005650571,0.03718710318686957,0.040236034268784616,0.049169385620051145,0.04079281344707589,0.05177668785118282,0.04517577952943769,0.0633028860270436,0.08515963118143792,0.12021951339679253,26.469719485739297,26.99768487527714,30.06803714176735,26.724105046820288,28.10558262989868,26.566520944450897,29.152312161247874,26.82762202920772,32.8171852928244,23.095269787901653,10.006341730069176,-0.008933351351266529,0.0008882004685358234,-0.009821551819802352,0.032005446560418184,0.043194599999999715,0.05438375343958124,-0.010229000000000002,12.002212389380464,37.07791467063093,35.64746517101029,34.6029090780669,-50.79401261302329,0.0007359999999997507,40.24712472465252,0.037674,-3.8302277432712195,-1
2018-12-14,0.035862,0.036625,0.034994,0.035495,0.035495,2400125.0,10,0.20817934176822694,0.04044792857142853,0.04282795238095215,0.03649959999999961,0.03894308333333348,0.04501146153846133,0.03975669230769248,0.04872266666666657,0.042679049999999705,0.0672451800000003,0.08765198999999986,0.12297012999999972,0.040588802658207385,0.04489920914227792,0.036623068791246376,0.039506644381279286,0.048156468166714025,0.04003598295463648,0.05072625637691296,0.0442538005266341,0.06221238069264974,0.08417617313824115,0.11937648341274484,25.86844936970612,26.611354350262843,27.726151289660734,25.998469185024405,27.792563760375515,25.909254886387448,28.880231053659703,26.42164435050789,32.672629570328766,23.07336971014801,10.004551352966187,-0.008649823785434732,0.0009373824274940963,-0.009587206212928828,0.031054800582701776,0.042679049999999705,0.05430329941729763,-0.011817,13.3103081827843,26.284153931927413,31.454413377111262,35.056450816457314,-48.761769127304326,-0.00032300000000025364,37.05318750772279,0.036231,-2.031409566393416,-1
2018-12-15,0.035509,0.035994,0.035072000000000006,0.035818,0.035818,1594767.0,11,0.2081153446136232,0.039475357142857104,0.0423523333333331,0.03629719999999961,0.03805625000000015,0.0440561923076921,0.03870269230769248,0.0474029999999999,0.042046699999999715,0.0660037800000003,0.08696723999999988,0.12215512999999972,0.039952695637113074,0.0440736446747981,0.03635471252749759,0.03893916063031325,0.047242507561772236,0.03943341396111698,0.04976443338485406,0.04345039095266895,0.06117730693999681,0.08321858555134529,0.11854505571709564,26.651874022985023,27.09102329015641,30.573822554515772,26.941601294896483,28.15721375975017,26.76556533962973,29.179972376794172,26.9311701004256,32.80512320105673,23.10568908175476,10.011652789819207,-0.008303346931458995,0.0010270874251758662,-0.009330434356634864,0.0303718549028746,0.042046699999999715,0.05372154509712482,-0.0073769999999999955,24.12177985948492,16.478100143883246,29.73316641083237,32.278348319651236,-56.76171419042849,0.0005159999999997529,35.39262695164406,0.035495,0.9099873221580568,0
2018-12-16,0.035781,0.037084,0.035288,0.035302,0.035302,3556198.0,13,0.20797302469609816,0.03845978571428567,0.04172552380952358,0.036103999999999616,0.03705541666666681,0.04342876923076903,0.037844384615384793,0.046146999999999896,0.04154959999999972,0.0647658000000003,0.08628122999999986,0.12135010999999972,0.039332602885498,0.04327622243163464,0.036003808351665056,0.0383795974564189,0.04635802552015948,0.0388432119666717,0.04883137316647638,0.04267435371908143,0.06016258902078125,0.08226974227310083,0.11771676660548275,26.178344853550623,26.79789083643967,28.426669164133557,26.360181898820816,27.92327710600541,26.243740344085893,28.978359762430237,26.62193262623314,32.70026510373615,23.09003673803947,10.010384584159416,-0.007978428063740578,0.0010816050343154283,-0.009060033098056006,0.029604456782609194,0.04154959999999972,0.053494743217390235,-0.0011340000000000028,9.016393442623023,15.482827161630759,22.39812701957801,27.861902269173807,-58.22753706282249,-0.0034680000000002487,29.279575936418627,0.035818,-1.4406164498297014,-1
2018-12-17,0.035381,0.039395,0.035267,0.03877,0.03877,18693393.0,17,0.2072370629185945,0.037910499999999965,0.04141723809523786,0.03632319999999961,0.03668666666666681,0.04282703846153825,0.03718730769230787,0.04506653333333323,0.04120924999999971,0.06355280000000031,0.08566956999999986,0.12055158499999975,0.0392575891674316,0.04286656584694058,0.036925872234443366,0.03843965938620061,0.04579594955570322,0.03883275311429003,0.04818225231702629,0.04230251050774034,0.059323663961142775,0.08140836123798993,0.11693122663925905,34.55187869917847,31.98001482643318,54.30714505110586,36.35991394129807,31.87369666506016,35.364548380559576,32.23026898003516,32.122194575663016,34.14334223799841,23.442084277610178,10.087315397033343,-0.007356290169502608,0.0013629943428427188,-0.008719284512345327,0.029359754485543062,0.04120924999999971,0.053058745514456364,0.002937999999999996,85.79868211770052,39.64561847326951,28.849875198394624,26.99372287626827,-30.97559010714568,-0.0005630000000002577,43.20008078187517,0.035302,9.823806016656267,1
2018-12-18,0.038657,0.039355,0.037185,0.039333,0.039333,10510593.0,23,0.20682802236847006,0.03734057142857138,0.04111990476190453,0.03694359999999961,0.03692808333333348,0.04231173076923056,0.03689023076923094,0.04398403333333323,0.04064579999999971,0.0624360400000003,0.08504772999999986,0.11971344499999975,0.03926764394510738,0.0425453325881278,0.03772824815629558,0.03857709640370821,0.045317212551577064,0.038904216955105736,0.04761133281270201,0.04201969998319365,0.05853971635482345,0.08057518576793071,0.11615910498115695,35.818158573475955,32.7892148124518,57.31402951438397,37.84430388189681,32.497414724262725,36.73237161084275,32.746840138186,32.9785411914399,34.376347681525665,23.499500373811998,10.099854419726404,-0.0067401161478688465,0.0015833346915811836,-0.00832345083945003,0.02963482817808876,0.04064579999999971,0.051656771821910655,0.0021000000000000046,98.59122926607591,64.4687682754665,46.16767857373371,32.47189359723538,-32.51823776337769,0.0002779999999997368,49.70070399250991,0.03877,1.452153727108585,1
2018-12-19,0.039405,0.042012,0.038932,0.039055,0.039055,6860618.0,21,0.2065642709880033,0.037044857142857095,0.04057004761904738,0.037655599999999616,0.03719666666666682,0.04183326923076902,0.03709169230769248,0.043264033333333236,0.04011849999999971,0.0612973200000003,0.08443911999999985,0.11878649999999975,0.03923929141909307,0.042228029625570734,0.03817049877086372,0.03865062003390695,0.04485334495516394,0.03892575739009064,0.04705931134091478,0.04173734760384186,0.05777560983110488,0.07975300387153604,0.11539189995646885,35.455237205191594,32.5886634255256,55.163059103279046,37.377933418259225,32.34556463591726,36.32361076861121,32.61997134524538,32.76422872111595,34.3151986657541,23.490714245198134,10.099155495257307,-0.006202724921256994,0.0016965807345544288,-0.007899305655811423,0.029934185342037206,0.04011849999999971,0.05030281465796221,0.0007040000000000032,57.39193083573482,80.59394740650376,54.98400310432382,43.33385229215065,-20.001932553869835,-0.0028270000000002603,42.80902615095496,0.039333,-0.7067856507258496,0
2018-12-20,0.039099,0.041882,0.038835,0.041882,0.041882,9552935.0,27,0.20620030520617788,0.03743385714285709,0.04020247619047596,0.038868399999999616,0.03758408333333348,0.041682346153845945,0.03755707692307709,0.0429395999999999,0.039821549999999706,0.0602233600000003,0.08384845999999982,0.11782864499999975,0.039591652563214,0.04219657238688248,0.03940766584724248,0.03914775541330588,0.044633245328855514,0.039348077762934835,0.04672529125440415,0.0417511240225236,0.0571523310141988,0.07900308300279275,0.1146604581658572,41.87230493245122,36.712460292174846,69.2469787852109,44.863320197785605,35.526947220115645,43.240695237658265,35.255744912545204,37.126887756336046,35.505168184396894,23.783392816203932,10.16269135902109,-0.005485489915549625,0.0019310525922094388,-0.007416542507759064,0.03025528142152317,0.039821549999999706,0.04938781857847624,0.005052000000000001,98.07264640474428,84.68526883551836,69.77417641337567,56.975286030477676,32.48240486699295,0.00040699999999974085,55.6851690898813,0.039055,7.238509793880432,1
2018-12-21,0.041792,0.044044,0.040781,0.041475,0.041475,6069138.0,35,0.2059716203582667,0.03783692857142852,0.03990028571428548,0.04010299999999961,0.0378444166666668,0.04141349999999978,0.037883384615384784,0.042508266666666565,0.03942359999999971,0.0591500000000003,0.08328097999999982,0.11692779499999975,0.03984276555478546,0.042130974897165885,0.04009677723149498,0.03950579304202805,0.04439930123042177,0.03965192379680129,0.04638656278637808,0.041724826496568966,0.05653753371952434,0.07825995264630181,0.11393224465176907,41.239857270323036,36.376829990370275,65.68256965574155,44.04223744216915,35.27892307478329,42.5244907207695,35.05176106019035,36.766260752617036,35.41096242619718,23.770170758311444,10.161652266644033,-0.004893508188393715,0.002018427455492279,-0.006911935643885994,0.03094009877643148,0.03942359999999971,0.04790710122356795,0.005206999999999996,70.73031787626748,75.39829837224887,82.11696130010456,68.95838027260129,34.0575774035852,-0.0016170000000002571,51.839152733137425,0.041882,-0.9717778520605624,0
2018-12-22,0.041337,0.043561,0.040626,0.043092,0.043092,7004938.0,28,0.2057089897485764,0.03825542857142853,0.03959828571428548,0.04096739999999961,0.038366250000000136,0.04133073076923055,0.038248076923077086,0.04218696666666656,0.03910219999999971,0.0580976200000003,0.08267717999999982,0.11600976999999975,0.040275996814147404,0.04221834081560536,0.04109518482099665,0.04005751718940835,0.04430246410224237,0.04014336325440111,0.046174010348547234,0.04185503349689573,0.05601025788738613,0.07756355754439484,0.11322736659553255,44.78960439902376,38.70901640595899,72.44476476002669,48.1282887220519,37.09091178954082,46.32806526685611,36.558694449413,39.2287414710695,36.09805575125754,23.93984637183024,10.198313881108405,-0.004244946912834023,0.0021335909848415767,-0.0063785378976756,0.03182844873153125,0.03910219999999971,0.04637595126846817,0.005417999999999999,86.12042571803467,84.97446333301548,82.18131002017138,78.02414924455049,34.906166219839356,-0.0008080000000002668,54.56903468218997,0.041475,3.8987341772152018,1
2018-12-23,0.043214,0.045742000000000005,0.04311,0.0439,0.0439,6261083.0,31,0.20547757555024146,0.038651785714285666,0.03933066666666644,0.041880799999999614,0.039002250000000134,0.04126623076923056,0.03879192307692325,0.04193379999999989,0.038974199999999716,0.0570652400000003,0.08202062999999983,0.11513471499999975,0.04075919723892775,0.0423712189232776,0.042030123213997767,0.04064866839103783,0.04427265194652072,0.040680025646629515,0.04602730000347967,0.04204979221147709,0.05553534581337099,0.07689695244450584,0.11253754205229344,46.519325234997396,39.86298646615483,75.35653615079406,50.10071701668226,37.99175855882874,48.173698270408146,37.30974384388214,40.445568087608024,36.44266277325399,24.025193085099172,10.216713665352717,-0.003623983555482886,0.0022036434737541712,-0.005827627029237057,0.032170727091197227,0.038974199999999716,0.045777672908802206,0.007669000000000001,73.33140292456923,76.72738217295715,77.12934475187005,80.4758720240486,33.681335356601146,-0.0019990000000002645,54.30230385191664,0.043092,1.8750580154089036,1
2018-12-24,0.043881,0.049117,0.043881,0.045899,0.045899,10896241.0,25,0.2050815169165658,0.03929957142857138,0.03930395238095215,0.04324959999999961,0.039687666666666815,0.04108534615384593,0.0395327692307694,0.04193689999999988,0.03890354999999972,0.05603524000000031,0.08130112999999982,0.11426927999999975,0.04144450427373738,0.04269192629388872,0.043319748809331836,0.04145641171549355,0.04439312217270437,0.04142559341139673,0.04601902258390034,0.04241638342943165,0.055157449899121136,0.07628313160402057,0.11187447198212136,50.6201357836036,42.66101887947285,81.24139829064572,54.71581324104328,40.19208953985748,52.52343987503662,39.15131892677905,43.390082760515696,37.29597326829611,24.237618281659604,10.262429856546156,-0.00293671045721082,0.0023127332576209896,-0.00524944371483181,0.03244398304451514,0.03890354999999972,0.0453631169554843,0.010404000000000005,68.70258704532193,76.05147189597527,79.39147599378747,79.5673769219429,53.49495664484182,0.005241999999999733,49.14983788361168,0.0439,4.5535307517084345,1
2018-12-25,0.045837,0.045837,0.039459,0.040657,0.040657,6943539.0,33,0.20482332807884265,0.03961307142857138,0.03898704761904738,0.043004599999999615,0.04005650000000013,0.04074134615384594,0.03976223076923095,0.04167663333333322,0.03877664999999972,0.0549160400000003,0.08052893999999983,0.11340584999999975,0.04133950370390573,0.042506932994444295,0.042432165872887895,0.04133342529772531,0.04411637238213368,0.04131579435262577,0.045673085643003535,0.04224882310281911,0.054588804805037965,0.0755776636514657,0.1111658404201102,41.6476840655622,37.826091437017546,46.385226288987496,43.33088405156225,36.65053781250086,42.459706296314046,36.264646549838545,38.1909214200879,36.00307204307867,24.059451089874145,10.248677008860547,-0.00278294708440837,0.001973197304338752,-0.004756144388747122,0.03257759240525885,0.03877664999999972,0.04497570759474059,0.004838999999999996,12.404224477117454,51.479404815669525,62.2577916082621,72.92620411797314,20.2884482041327,0.0009389999999997177,40.988696381455654,0.045899,-11.420728120438362,-1
2018-12-26,0.040757,0.042367,0.038223,0.039718,0.039718,5986363.0,26,0.2045988215782509,0.03975907142857139,0.03882147619047596,0.04265319999999962,0.0404084166666668,0.04042969230769208,0.040030461538461716,0.04149243333333321,0.03894074999999972,0.053745260000000315,0.07983329999999983,0.11256337999999977,0.041123303210051636,0.042253393631313,0.0415274439152586,0.041084898328844495,0.04379056702049415,0.041087538016536376,0.045288886569261375,0.042007792331122056,0.054005635989154116,0.07486757130193172,0.11045491663483548,40.277490184440936,37.03835241622718,42.46853450698518,41.64916123360175,36.059478000154904,40.94623831150858,35.77638051446721,37.34917419237504,35.77646698466404,24.027496278268494,10.246205056413652,-0.002705668691649656,0.0016403805576779727,-0.004346049249327628,0.03282944179740306,0.03894074999999972,0.045052058202596376,0.004416000000000003,13.723150357995255,31.6099872934782,50.85635810460765,64.168541902219,9.656997070774036,0.003284999999999733,41.966319350231664,0.040657,-2.3095653884939726,-1
2018-12-27,0.039762,0.040168,0.036433,0.036433,0.036433,3946193.0,29,0.20444898542601456,0.03977349999999996,0.0388213333333331,0.04132139999999961,0.0404596666666668,0.03992965384615362,0.04010261538461557,0.04118763333333321,0.038970799999999715,0.05250092000000031,0.07904611999999983,0.11188661999999976,0.04049792944871142,0.04172426693755727,0.03982929594350573,0.04036922166286842,0.04324556205601311,0.04042260401417404,0.044717539048663865,0.04147685972815805,0.053316513009187286,0.07410649068209149,0.10971838015090676,35.85584278238048,34.41188216777509,31.354143213394593,36.30847822119803,34.063739652325424,36.09849305277364,34.115876899262354,34.55179551843512,34.99059585898198,23.91526423086475,10.237523390767503,-0.0028763403931446885,0.0011757670849463515,-0.00405210747809104,0.032918226102994885,0.038970799999999715,0.04502337389700455,-0.002336999999999999,0.0,8.709124945037559,33.632272961000716,48.91547422462342,0.8779554937414317,-0.003475000000000269,34.48747068964859,0.039718,-8.270809204894514,-1
2018-12-28,0.036422,0.040361,0.035573,0.039908,0.039908,3989707.0,21,0.2042986189670517,0.040088714285714235,0.03901542857142834,0.04052299999999962,0.04084350000000014,0.03955996153846132,0.04041723076923096,0.040831166666666543,0.039104549999999724,0.051394700000000314,0.07829292999999983,0.11119854999999976,0.040419272188883235,0.0415591517614157,0.03985553062900382,0.04029826448396558,0.04299833523704917,0.04034908915500632,0.04440724620681458,0.04132744451595252,0.05279068896961132,0.07342929284680255,0.10902374950263903,42.953766688628114,39.190630379111404,48.47238422504082,44.468830434428064,37.8428133978889,43.692887582459036,37.297077681259154,39.57836257322575,36.49573409466493,24.29308404553506,10.318308125347471,-0.0027000707530835874,0.0010816293800059622,-0.003781700133089549,0.0330956013232546,0.039104549999999724,0.04511349867674485,0.0005749999999999991,32.00679267572356,15.243314344572928,25.36735091123158,36.618660658946574,17.139860954674447,0.00034599999999973535,42.626839939579035,0.036433,9.538056157878838,1
2018-12-29,0.040052,0.04086,0.039246,0.039562,0.039562,3400698.0,24,0.20417165142824348,0.040356142857142806,0.0391263333333331,0.03925559999999962,0.04090950000000015,0.03929465384615363,0.04074492307692327,0.040496533333333216,0.03916509999999972,0.050310140000000315,0.07747220999999982,0.11062439999999976,0.040304969230365466,0.04137759251037791,0.03975768708600255,0.040184993024893964,0.04274379188615664,0.04023664784714828,0.04409464967734268,0.04115930694300466,0.05227191685315597,0.07275865338448963,0.1083325878160456,42.45262184500917,38.895028121878646,47.06992310145547,43.86264500744985,37.61987232935558,43.14309443827658,37.112705812099726,39.26310251832529,36.41012029374979,24.280958656346,10.317378963839301,-0.0025587988612626802,0.0009783210174614957,-0.003537119878724176,0.03316372205649293,0.03916509999999972,0.045166477943506506,0.0005070000000000005,38.86399064692126,23.6235944408816,19.399631631551443,26.13308516792784,14.52852153667065,-0.00019200000000027526,38.750059293280344,0.039908,-0.8669940863987202,0
2018-12-30,0.039347,0.040867,0.038946,0.039754000000000005,0.039754000000000005,4945517.0,23,0.20398731875014056,0.040674142857142805,0.03919314285714263,0.03907499999999962,0.04094458333333347,0.03900396153846132,0.040820615384615566,0.04022763333333322,0.039311299999999716,0.04918488000000031,0.07659818999999983,0.11004285499999976,0.04023150666631674,0.04122999319125265,0.03975645805733504,0.04011868640567951,0.042522325820515405,0.04016769815469852,0.043814607762675414,0.041025468186528025,0.05178101815303221,0.07210509589172745,0.10765021380792576,42.84905845638433,39.161794081667814,48.07042426887827,44.318938761864345,37.83092779056867,43.567448217838354,37.29045967187676,39.54368929134176,36.49444186947874,24.302134619420467,10.321882569869981,-0.0024036394148359013,0.0009067843711106199,-0.0033104237859465212,0.03340777430590725,0.039311299999999716,0.04521482569409218,-0.002127999999999998,61.53959375919934,44.13679236061471,29.22670548796782,24.66456267691688,17.495873614713645,0.0015979999999997244,39.660258640863574,0.039562,0.48531419038473356,0
2018-12-31,0.039783,0.039888,0.038005,0.038156,0.038156,3104639.0,26,0.20387098643049986,0.04063028571428566,0.03925628571428548,0.03876259999999962,0.04086966666666681,0.03881015384615363,0.04073007692307711,0.039851699999999886,0.03940569999999972,0.048058000000000316,0.07574691999999983,0.10940448499999976,0.039954772444141175,0.04095053926477513,0.039222972038223364,0.039816734650959584,0.042198894278254996,0.0398803127040273,0.0434495362941157,0.040752185502096784,0.0512467037156584,0.0714328365671388,0.10695872909341904,40.3691449513411,37.72574074282235,40.43653581532418,41.29269791004264,36.75608356472787,40.8356739353609,36.40546889372275,38.009185387057656,36.08819355540951,24.24513661904476,10.317548756175718,-0.002382159627295419,0.0007426113269208818,-0.0031247709542163004,0.03364850788105021,0.03940569999999972,0.04516289211894922,-0.003318999999999996,48.791084246316615,49.73155621747907,36.24029226563209,28.288876461717052,-2.6043434000677337,-0.0014710000000002638,36.84193600582688,0.039754000000000005,-4.019721285908339,-1
2019-01-01,0.03818,0.039736,0.037985000000000005,0.039627,0.039627,2063140.0,24,0.2037939724998334,0.04065128571428566,0.039416238095237865,0.03940139999999962,0.04068175000000015,0.0389328846153844,0.04077407692307712,0.03952193333333322,0.03950334999999972,0.04697874000000031,0.07489771999999982,0.10881809999999977,0.03991106945158902,0.04083021751343194,0.039357648025482236,0.03978754470465811,0.04200838359097685,0.039844125174880535,0.043202921049334035,0.04064502497808757,0.05079102906014239,0.07080301802125485,0.10628876163975318,43.58915324403672,39.852720062107295,49.325905980726674,45.035480308286935,38.428350631133426,44.29804573581835,37.809388288847344,40.25023867982454,36.749292257400825,24.409966902178613,10.352370626415588,-0.0022208388863187434,0.0007231456543180456,-0.002943984540636789,0.03380386768650292,0.03950334999999972,0.04520283231349651,-0.0034650000000000032,76.57725727238375,62.30264509263323,51.55574372010884,39.00758049123618,1.2007841855906862,-0.002188000000000273,42.60950709275948,0.038156,3.855225914666116,1
2019-01-02,0.039774,0.042018,0.039394,0.041815,0.041815,2823165.0,30,0.20368995725567826,0.04084842857142852,0.039613428571428334,0.03978279999999962,0.04071008333333349,0.03916299999999979,0.04076892307692327,0.039367099999999884,0.039782549999999715,0.045965360000000316,0.07414027999999984,0.10821834499999974,0.04016492685804381,0.04091974319402904,0.04017676535032149,0.04009946090394148,0.041994058880534126,0.040125678721326184,0.043113377755828616,0.04075645117065065,0.05043902792052896,0.07022899786241812,0.10564723167318847,48.05901416146226,42.89212608613591,59.98518338775771,50.15597918895796,40.844410696093675,49.07211533522082,39.850330617360186,43.443478075019215,37.72658065119835,24.656247246423067,10.404374074119692,-0.001894597976592645,0.0008395092512353151,-0.00273410722782796,0.034212406527429094,0.039782549999999715,0.045352693472570337,-0.0020850000000000035,94.96652615918669,73.44495589262901,64.14769041680147,50.647908800847404,10.45692202773368,0.0021649999999997366,49.65871178576831,0.039627,5.521487874429032,1
2019-01-03,0.041688,0.041739,0.039431,0.03965,0.03965,2247479.0,33,0.2036068392251149,0.04068899999999995,0.039776238095237865,0.03980039999999961,0.04042325000000016,0.039255961538461316,0.04062853846153865,0.03911169999999989,0.03999029999999972,0.04522972000000031,0.07341816999999982,0.10761582499999976,0.04009626994363797,0.04080431199457185,0.040001176900214326,0.04003031307256587,0.04182042488938345,0.04005772461827958,0.04288993402964613,0.040651074868683926,0.05001592878639057,0.06962347315227123,0.10499054280081843,44.33467893063086,40.757161724646075,47.99712553646461,45.60204408214382,39.26136541375957,44.965422169825494,38.55656598901332,41.15813765341769,37.14729167715925,24.576224704535537,10.398375673388394,-0.0017901118168175828,0.0007551963288083017,-0.002545308145625885,0.03479623151659631,0.03999029999999972,0.04518436848340312,-0.0062490000000000046,41.284403669724654,70.94272903376502,64.63177302136215,60.111735719424104,-8.674024560857992,-0.0002450000000002589,51.61695572399576,0.041815,-5.177567858424014,-1
2019-01-04,0.039795,0.040737,0.039011,0.039895,0.039895,2792562.0,48,0.20350343243993865,0.0405761428571428,0.039985761904761684,0.03982859999999962,0.04008950000000015,0.03931534615384594,0.04038261538461558,0.03900169999999989,0.04019414999999971,0.044519460000000316,0.07267077999999982,0.10699490999999978,0.040069433951152915,0.040721647267792586,0.039965784600142884,0.0400094956767865,0.0416778008235032,0.04003447824423964,0.04269671247934638,0.04057906773833308,0.04961902961829682,0.0690347905155926,0.1043428259570292,44.852844356882066,41.10470208618381,49.371143428583906,46.20088237936781,39.5367570460506,45.52104377062304,38.78894762957872,41.52365167429709,37.258493297874615,24.60419275013461,10.404250312210745,-0.0016683051467166962,0.0007016023991273509,-0.0023699075458440467,0.03538369978474515,0.04019414999999971,0.04500460021525428,-0.0007619999999999987,47.35928589139592,61.203405240102406,61.79571144780146,63.525058295321635,-6.1791161517402085,0.00023699999999973745,45.1903462862699,0.03965,0.6179066834804514,0
2019-01-05,0.039781,0.040609,0.039615,0.039658,0.039658,3306635.0,36,0.20338121817010832,0.040330857142857085,0.04016861904761882,0.040128999999999616,0.03956941666666682,0.03942411538461517,0.040056307692307884,0.03910909999999989,0.04041194999999971,0.04385298000000032,0.07188608999999982,0.10638226499999977,0.040014576090999183,0.04062495206162963,0.03986318973342859,0.03995541941881935,0.04152818594768815,0.039980695637919686,0.042500666512936935,0.040491347001348967,0.04922840100581459,0.06845307189152146,0.10369919584800402,44.42424720977768,40.86177704274737,47.90194093531292,45.67396794399743,39.35749603000961,45.047261482001765,38.6428583735353,41.263304304460654,37.19356450095642,24.595282101976473,10.403587185193066,-0.0015727665288687992,0.0006377128135801984,-0.002210479342448997,0.03617371211022935,0.04041194999999971,0.04465018788977007,-6.000000000000451e-05,41.48276717084047,43.37548557732035,60.33404803270624,62.253844167289884,-14.1959487391483,-0.00261900000000026,43.99321949330871,0.039895,-0.5940594059405946,0
2019-01-06,0.039763,0.042486,0.039485,0.042277,0.042277,3607019.0,31,0.2032492951369592,0.04021492857142851,0.04050076190476167,0.04065899999999962,0.03970441666666682,0.03965523076923055,0.039777692307692486,0.03932393333333322,0.040587299999999715,0.04327484000000032,0.07116444999999982,0.10578313499999976,0.040316232612199285,0.04077513823784512,0.04066779315561906,0.040312585662077904,0.0415836536552668,0.040308739118216884,0.0424862364153281,0.04066140919169669,0.048955797044802254,0.06793473383426361,0.1030880297201632,50.072913121501074,44.64880347264224,62.64349105191368,52.20023507265911,42.35673421123355,51.103664387288774,41.172830991894706,45.24662267756196,38.40348144299405,24.898849613615827,10.46696284030092,-0.0012710679931889,0.0007515290794080781,-0.002022597072596978,0.036344905040871935,0.040587299999999715,0.04482969495912748,0.005843999999999995,93.98561151079114,60.942554857675844,63.815718880387706,61.98182612029842,-6.242067612784048,-0.0019390000000002734,51.35653443901239,0.039658,6.603963891270359,1
2019-01-07,0.042345,0.049615,0.042332,0.044216000000000005,0.044216000000000005,11710198.0,39,0.2028329587634872,0.040094714285714234,0.04076009523809501,0.04113919999999962,0.04007925000000015,0.03990684615384594,0.04005146153846173,0.03955669999999988,0.040831449999999714,0.042723000000000316,0.07046337999999983,0.10520007499999977,0.04083620159723938,0.04108794385258648,0.04185052877041271,0.04091311094483515,0.04177864227339519,0.040866919244185895,0.0425978340659521,0.04099994164963034,0.04876992265088844,0.06746505593655543,0.10250223837966406,53.79792411152047,47.2678961208436,70.14794917593522,56.401083165441825,44.468313627830334,55.0532431059573,42.971797725795,47.98861081569904,39.28671913937242,25.124253614394757,10.514060032474022,-0.0008655313285600362,0.0009256525952295537,-0.0017911839237895895,0.0363383650921404,0.040831449999999714,0.045324534907859024,0.004308000000000006,49.085250848736365,61.517876510122655,54.639463818297656,59.59641024379715,-6.487799236729388,0.0008479999999997379,46.8417481596565,0.042277,4.586418146982996,1
2019-01-08,0.044229,0.04452,0.042494,0.043368,0.043368,2713827.0,39,0.2027356093914136,0.040288357142857084,0.04095223809523787,0.041882799999999616,0.04065716666666682,0.040181346153845936,0.04033223076923095,0.03972393333333322,0.04104709999999971,0.04237726000000031,0.06975469999999982,0.10471969499999977,0.04117377471760747,0.041295221684169534,0.04235635251360848,0.04129078618409128,0.04189637247536592,0.04122421649501648,0.04264752219072938,0.04122547101633221,0.04855808254693203,0.06698788651206918,0.10191383799777684,51.98067480697769,46.26490530819189,63.45777834426814,54.1465224505644,43.740613961003135,53.035598541625355,42.38602871284838,46.90984785720197,39.03702042475133,25.090989785248265,10.511629699062503,-0.0006055862912746347,0.0009484781060119641,-0.0015540643972865983,0.0364993343299994,0.04104709999999971,0.045594865670000026,0.003806000000000004,41.08826857789515,61.386376979140884,54.60023679993174,57.68513983287232,12.581797930106445,0.0008979999999997322,45.3652993067025,0.044216000000000005,-1.9178577890356596,-1
2019-01-09,0.043466000000000005,0.043976,0.042199,0.04247,0.04247,2846348.0,42,0.2026332632719052,0.04048492857142851,0.04111485714285692,0.04239779999999962,0.04087066666666681,0.04044961538461517,0.04079661538461557,0.03991193333333322,0.04107649999999972,0.04219436000000031,0.06905928999999983,0.10424573499999977,0.041346604755259815,0.041402019712881384,0.04239423500907232,0.04147220369423108,0.04193886340311659,0.04140218556715698,0.0426360691461662,0.041343997586205335,0.048319334211758234,0.06650238380885988,0.1013223570226746,50.062002025671895,45.20085729564075,56.59835273149483,51.77233589392107,42.96737935445205,50.90789055594377,41.763074315765785,45.765916936816794,38.77085199311695,25.055509739312054,10.50904443339036,-0.0004666597088855071,0.0008699237507208731,-0.0013365834596063802,0.03649850643814412,0.04107649999999972,0.04565449356185532,0.002715999999999996,29.466929911155,39.88014977926217,51.021765603883566,53.42048874070426,12.79642890356192,0.005006999999999735,39.82130444797105,0.043368,-2.0706511713705855,-1
2019-01-10,0.042437,0.043988,0.037076,0.037463,0.037463,5514325.0,37,0.2024311789598216,0.040558499999999935,0.04090442857142835,0.041958799999999616,0.040695750000000135,0.04051288461538441,0.040608538461538654,0.03995176666666656,0.04087589999999972,0.041855320000000314,0.06831178999999983,0.10375782499999976,0.04082879078789183,0.04104392701171036,0.04075049000604821,0.04085540312588784,0.04160731796584869,0.04083944477184885,0.04230232274963935,0.04097437876847149,0.047893595615218686,0.06592734650571414,0.1006869405348868,41.01736339175185,39.847619128067066,32.844056164042584,40.93145020267139,38.97773088085248,41.02509002487081,38.50270731093578,40.04835347242112,37.323533655754794,24.857563359534424,10.494581128146413,-0.0007519148399608503,0.000467734895716424,-0.0012196497356772745,0.03602779908479899,0.04087589999999972,0.04572400091520043,-0.0006930000000000061,3.086370523965216,24.54718967100512,43.3424862745085,49.654829559441225,4.434303426898675,-0.0009820000000002743,35.221688633482216,0.04247,-11.789498469507887,-1
2019-01-11,0.037423000000000005,0.039074,0.037313,0.038445,0.038445,3001343.0,19,0.20232056864340234,0.040453999999999934,0.04076014285714264,0.041192399999999615,0.040586666666666806,0.04063376923076903,0.040522615384615567,0.039977466666666565,0.04064354999999971,0.0415696000000003,0.06760432999999982,0.10325411499999976,0.04051095201617292,0.040807660919736685,0.03998199333736548,0.04048457187575125,0.041373072190600636,0.040497381233013295,0.04205346321740455,0.04073348555242659,0.04752306245383756,0.06538314162441286,0.10006761774349487,43.174718905011204,41.27657415355443,38.881159780038864,43.447475504354365,40.11031919577099,43.34798137684494,39.460534033904594,41.552053739678286,37.78811965312918,24.974973538005692,10.51885481893643,-0.00088850031484939,0.00026491953666230744,-0.0011534198515116975,0.035797220147228186,0.04064354999999971,0.045489879852771226,-0.0011819999999999956,10.917936039556599,14.4904121582256,26.728951180261603,40.36440101955116,-7.055702917771746,-0.0007440000000002722,34.422188912644124,0.037463,2.6212529695966547,1
2019-01-12,0.038405,0.039951,0.038109,0.039189,0.039189,2928090.0,22,0.202213330797622,0.040427357142857084,0.040574285714285487,0.04018699999999962,0.04067275000000013,0.040649884615384414,0.04047915384615404,0.04007606666666656,0.040407999999999715,0.04132348000000029,0.06688192999999983,0.10278786999999977,0.04033469174734986,0.04066050992703335,0.03971766222491032,0.04028525312563567,0.041211289065370964,0.04031046962829711,0.04186865913886232,0.040586391690290734,0.0471962364752557,0.06486444575066211,0.09946186035301237,44.81325857053105,42.363323781937616,43.49904028937371,45.357813947188966,40.97228797833307,45.111929095425175,40.189836743482154,42.6954583829006,38.14245616356555,25.064569925658503,10.537328602782996,-0.0009260359397352882,0.00018190712942112728,-0.0011079430691564155,0.03577483784239005,0.040407999999999715,0.045041162157609366,-0.0026259999999999964,28.385276732939328,14.129861098820376,22.588956357102187,30.886797937290712,-1.76501206643624,0.0017679999999997422,36.714457042560475,0.038445,1.9352321498244285,1
2019-01-13,0.039311,0.039608,0.037242,0.037421,0.037421,2266541.0,21,0.20212991356632254,0.04026071428571424,0.04026576190476168,0.03899759999999961,0.0404889166666668,0.040576346153845935,0.040422615384615584,0.04014026666666656,0.03998409999999971,0.0411557800000003,0.06614100999999982,0.10230381499999976,0.03994619951436988,0.040366009024575766,0.03895210814994021,0.0398445987986148,0.04093052691238051,0.039897688252826094,0.041581713387967977,0.040284925815024936,0.046812893868382915,0.06432101118134206,0.09884453835945003,41.74828617927404,40.49754756862608,35.788253967434954,41.72897674275639,39.56697790014453,41.782578249114344,39.03512242398769,40.70838810874485,37.623051210911754,24.99293376857995,10.532135628709986,-0.001085928113765719,1.7611964312557165e-05,-0.001103540078078276,0.0359541679436611,0.03998409999999971,0.04401403205633832,-0.002229000000000002,4.991319444444415,14.764844072313444,15.36956653041204,21.562491355925218,-10.273459861728746,-0.0018660000000002702,30.409444164950617,0.039189,-4.51147005537268,-1
2019-01-14,0.037479000000000005,0.039796,0.037379,0.039287,0.039287,2641451.0,16,0.2020332375122733,0.04034149999999995,0.039950904761904535,0.03836099999999961,0.04027825000000013,0.04058526923076902,0.040396461538461735,0.040255899999999886,0.0399155999999997,0.040972220000000295,0.06543494999999983,0.10187115499999977,0.039858306245787234,0.040267917295068886,0.03906373876662681,0.03975881436805867,0.0408087841781301,0.03981044707385094,0.04143366736293778,0.04018988526121305,0.046517760775505165,0.06382528818765212,0.09825192603746546,45.93013143547294,43.26058727557489,47.56113822142142,46.61263577949544,41.75649937348784,46.288173234349664,40.88740876675924,43.616443599456616,38.524270895990064,25.220760050278745,10.578879123624462,-0.0010499698100714314,4.2856214405475766e-05,-0.0010928260244769071,0.035887253524574114,0.0399155999999997,0.0439439464754253,-0.0006079999999999973,31.987847222222282,21.78814779986867,15.873749992625502,17.944090960046527,4.922313617965912,0.0016699999999997273,34.91073248060849,0.037421,4.986504903663724,1
2019-01-15,0.039347,0.039417,0.037357,0.037617000000000005,0.037617000000000005,5473150.0,27,0.2018324405207865,0.040197928571428516,0.03980614285714263,0.03839179999999962,0.04010883333333346,0.040421230769230564,0.04007353846153865,0.04033306666666656,0.039810549999999716,0.0408196800000003,0.06469989999999984,0.10138480499999976,0.0395594654130156,0.04002692481369899,0.03858149251108455,0.03942930446528042,0.04057235572049084,0.03949709749187223,0.041187430758877284,0.03994484856966895,0.046168711333328484,0.06330631218393623,0.09764859344007774,42.972029272229854,41.45572131533602,39.73680379567895,43.10968169467309,40.396272238330525,43.07513878393582,39.769956939041634,41.694746643469365,38.02278870818621,25.151705026418945,10.573910219444146,-0.0011430512552104213,-4.018018458681145e-05,-0.0011028710706236099,0.03565300039403303,0.039810549999999716,0.04396809960596639,-0.002040999999999994,13.842746400885966,16.940637689184218,18.02502516800965,16.42278056368235,-8.672764929236982,-0.0018560000000002602,31.641272591212527,0.039287,-4.250769974800816,-1
2019-01-16,0.037527,0.040039,0.037416000000000005,0.039473,0.039473,5036821.0,24,0.20164903800177905,0.040030642857142806,0.03979447619047597,0.038597399999999615,0.040073666666666785,0.04034423076923056,0.04005992307692327,0.0403564999999999,0.0399625499999997,0.0406976000000003,0.06397697999999984,0.10088104499999977,0.039547936691280185,0.039976568012453625,0.03887866167405636,0.03943602685523728,0.040490921963417435,0.03949365499303334,0.041076822322820686,0.039899910610652865,0.045906134418296,0.06283436540801672,0.09706973181380832,47.03400514049157,44.16779932010066,50.57965882463446,47.830039287309035,42.55592777991912,47.441637627366866,41.60283235282995,44.545890849659074,38.92405463858396,25.381039413531102,10.620800732992326,-0.0010548951081801664,3.838076995475487e-05,-0.0010932758781349212,0.03611413802542189,0.0399625499999997,0.04381096197457752,-0.002803999999999994,79.76403289238476,41.864875505164335,31.79424453857529,21.89767323307009,-10.252144983365298,0.0002929999999997379,36.178461989694966,0.037617000000000005,4.933939442273427,1
2019-01-17,0.039525,0.040029,0.038606,0.03918,0.03918,3153712.0,28,0.20153462239866374,0.03999707142857138,0.03992528571428548,0.03859559999999961,0.04003383333333346,0.04019376923076903,0.04000492307692327,0.0403513999999999,0.0399261499999997,0.040469160000000295,0.06326449999999982,0.1003797149999998,0.03949887846577617,0.039904152738594205,0.03897910778270424,0.0393966381082777,0.040393816632793934,0.03944884713688572,0.04095444668909032,0.03983134769535258,0.04564236444110792,0.06236596213261045,0.09649371458183012,46.47410149529378,43.831982944505796,48.91248043912478,47.16081819241968,42.30463553384615,46.83092286633862,41.39732746099181,44.1877185268741,38.833123408435775,25.36864586774189,10.619917251225782,-0.0009971785245162304,7.687788289495261e-05,-0.001074056407411183,0.03606182696270065,0.0399261499999997,0.043790473037298765,-0.005036000000000007,69.28852341794779,54.29843423707283,39.974893875576974,29.93138786072059,-2.2410833492274,0.00017099999999974083,44.71592452261588,0.039473,-0.7422795328452358,0
2019-01-18,0.039228,0.039275,0.038538,0.039009,0.039009,1794341.0,29,0.20146946360752024,0.03993378571428567,0.03988247619047595,0.03891319999999961,0.039761500000000116,0.04000565384615365,0.039955000000000185,0.04034986666666656,0.039898499999999705,0.0402573200000003,0.06255564999999984,0.09977649999999977,0.03943356133700601,0.03982277521690382,0.03898907185513616,0.03933700147623497,0.04029123762295734,0.03938601183161633,0.04082893399947159,0.03975302886722377,0.04538223250224095,0.0619034480309746,0.09592172737206067,46.1307149836676,43.629165692795745,47.808848661913146,46.74727980918991,42.153775427800525,46.45506384396225,41.27437176109545,43.97106331951635,38.7791943997188,25.361346111855564,10.619399125894148,-0.0009542361467223676,9.585620855105236e-05,-0.00105009235527342,0.036015338428646834,0.039898499999999705,0.043781661571352576,-0.00435900000000001,61.595824011931235,70.21612677408793,51.29579478907434,41.02164440107549,-4.239640156952707,-0.003288000000000277,44.17127406554639,0.03918,-0.4364471669218939,0
2019-01-19,0.039263,0.04324,0.038833,0.042297,0.042297,7454958.0,31,0.2012034884540096,0.04012228571428567,0.04001271428571405,0.03951519999999962,0.03960158333333346,0.03986711538461519,0.039956538461538654,0.0403636999999999,0.040025649999999705,0.0401468400000003,0.062014619999999826,0.09919506499999978,0.03981535315873854,0.040047704742639835,0.04009171457009077,0.03979238586450652,0.04043981261384939,0.03980186728424257,0.04092364793498955,0.039995311832250066,0.04526124299234914,0.061515201535311724,0.09538814799522424,53.2473882669951,48.435395683815095,65.67773250695282,54.97190111333468,45.99893932247137,54.08569799543976,44.546863896068565,49.017805047454424,40.40244083654074,25.77612034994665,10.703586985313324,-0.0006474267493428719,0.0003221324847444383,-0.0009695592340873103,0.035998542835353135,0.040025649999999705,0.04405275716464627,-0.00017299999999999954,83.97076321604624,71.61837021530842,61.69237798783914,50.987688884163425,11.019249237964127,0.002214999999999731,49.81035470657518,0.039009,8.428824117511336,1
2019-01-20,0.042235,0.042453,0.039146,0.040082,0.040082,11083286.0,35,0.20080748405791127,0.039965499999999946,0.040028333333333097,0.04000819999999962,0.03932775000000012,0.039844999999999804,0.03963853846153865,0.04031726666666657,0.040121949999999705,0.0399598000000003,0.061430969999999835,0.0985519349999998,0.03985090607090674,0.040050822493308935,0.040088476380060516,0.03983694188535167,0.04041330797578647,0.039841886243636486,0.04086934806821603,0.040003567848226264,0.045058135424021734,0.06109078170292932,0.0948378380649235,48.612016232020856,45.686350598061715,51.44041476228003,49.40343837988925,43.954943964951774,49.01785518004735,42.88336632637731,46.081783749207716,39.67951480303152,25.67902692208574,10.69676569295567,-0.0005763660904348003,0.000314554514922008,-0.0008909206053568082,0.03619215362255476,0.040121949999999705,0.04405174637744465,0.0026190000000000037,45.776098901098855,63.780895376358785,68.07904848788169,60.35574042159834,-9.32257379486076,0.0005929999999997326,49.18899910622776,0.042297,-5.236778022081944,-1
2019-01-21,0.040007,0.040159,0.03916,0.039489,0.039489,2273628.0,30,0.20072600479312905,0.03962785714285709,0.040091809523809294,0.04001139999999962,0.03907933333333345,0.03983619230769212,0.03934015384615404,0.040197166666666576,0.040115049999999715,0.039759180000000297,0.060841899999999824,0.0978918749999998,0.039802651928119166,0.03999974772118995,0.03988865092004034,0.039783412364528335,0.040344840718320805,0.039791473923116986,0.040780293354137576,0.039954561386490416,0.04483973795641303,0.06066302364940598,0.09428710335780983,47.4277136909683,44.97048591089819,48.09123710749985,47.99343717374471,43.4185562228432,47.72846658254225,42.4448843044443,45.318733104034,39.48657719691985,25.652898627449776,10.694931849047952,-0.0005614283537924702,0.00026359380125147045,-0.0008250221550439407,0.03618111207875853,0.040115049999999715,0.04404898792124089,0.0010439999999999963,20.225435984687238,49.99076603394412,56.17132910634221,61.9809185273543,-21.293751970809407,-3.1000000000280796e-05,47.015023582023574,0.040082,-1.4794670924604514,-1
2019-01-22,0.039414,0.039956,0.038458,0.03952,0.03952,3052653.0,27,0.20061653973754265,0.03935299999999995,0.04008671428571405,0.04007939999999961,0.03925075000000011,0.039954923076922895,0.03911323076923096,0.04005116666666657,0.0400002999999997,0.039620380000000295,0.060266149999999824,0.09723372499999977,0.03976496500436995,0.03995613429199087,0.039765767280026884,0.03974288738537013,0.0402837414058526,0.03975269193410028,0.04069898410548354,0.03991317458777705,0.04463112078165173,0.06024434991377418,0.09374215705574207,47.49935341477051,45.01766809199218,48.302387772994535,48.07736155883047,43.45601511613317,47.805760226277755,42.476657030512094,45.36838826511509,39.502262641660046,25.656892567910678,10.695736217707028,-0.0005408540204824702,0.00022733450764917643,-0.0007681885281316465,0.03614198637331467,0.0400002999999997,0.043858613626684737,0.000330999999999998,22.208281053952323,29.40327197991282,46.75528063354311,57.001886075922286,-17.996445608455588,0.0004839999999997208,51.88233953650268,0.039489,0.07850287421813373,0
2019-01-23,0.039469,0.039995,0.038882,0.039036,0.039036,3791103.0,33,0.20048079523284912,0.03910771428571423,0.03995438095238072,0.04008479999999962,0.039300000000000106,0.03992138461538443,0.03923423076923095,0.03982239999999991,0.0399695999999997,0.039454860000000286,0.059616519999999826,0.0965511299999998,0.03966776967045396,0.0398724857199917,0.039522511520017935,0.03963413547992857,0.04019131611653018,0.03965030737208596,0.04059169480835557,0.0398296341508459,0.04441170428041049,0.05982438258874894,0.09319781718454066,46.440726492258044,44.39507516196001,44.88190087005511,46.7999776647917,42.99451895237277,46.64601800766757,42.10168905881597,44.702908923151426,39.339871663815345,25.635176614520002,10.69422482238408,-0.000557180636601616,0.00016880631322402449,-0.0007259869498256405,0.036089839052430316,0.0399695999999997,0.04384936094756908,0.0016150000000000053,12.086992890004225,18.17356997621461,36.85351440915771,46.59337471634762,-16.377336894315007,0.00038899999999972285,47.74152040283872,0.03952,-1.224696356275301,-1
2019-01-24,0.039013,0.039242,0.038329,0.038647,0.038647,2896290.0,37,0.20037688130997408,0.039192285714285666,0.039906619047618816,0.03935479999999962,0.03925483333333344,0.039886192307692116,0.03924976923076942,0.03975539999999991,0.039907199999999705,0.039363900000000285,0.05897720999999982,0.0958380799999998,0.03953166704772676,0.03976107792726518,0.039230674346678616,0.03948226848301648,0.040076922330120536,0.03950697774750225,0.040466230627171335,0.03971700232695582,0.04418563744588458,0.059405028478080636,0.09265502298369946,45.566214735762365,43.88405787175746,42.01254875145195,45.74179567495457,42.61677852326918,45.686705724112464,41.79527008169355,44.156311531449965,39.20773719757565,25.61757556825025,10.693004323366567,-0.000594653847104061,0.00010506648217726362,-0.0006997203292813247,0.03598250305028162,0.039907199999999705,0.043831896949717786,-0.0006400000000000018,7.710960232783685,14.002078058913428,21.6015538125052,35.07011628506862,7.2415902140674735,4.699999999971394e-05,50.638007311523495,0.039036,-0.9965160364791448,0
2019-01-25,0.038717,0.039049,0.03814,0.0386,0.0386,1747112.0,35,0.20031420706647235,0.03920335714285709,0.03984495238095215,0.03905839999999962,0.039353083333333434,0.0398418076923075,0.039204461538461716,0.03971813333333325,0.0398542999999997,0.039407180000000284,0.05834788999999984,0.0951248299999998,0.03940744477469652,0.03965552538842289,0.03902044956445242,0.03934653487024472,0.03996752067603754,0.03937740949785907,0.0403458286512248,0.039610621152960025,0.043966592840163625,0.05899304771613845,0.09211716205848852,45.45540862960296,43.820212866848145,41.626702648625006,45.606820196368005,42.56985169679136,45.56477655488894,41.757326570157495,44.087922105753925,39.19151447839457,25.61542935218791,10.692856141122801,-0.0006209858057928189,6.298761879080465e-05,-0.0006839734245836235,0.03588716867002944,0.0398542999999997,0.04382143132996997,0.0009829999999999978,22.783556215948597,14.193836446245518,17.003045275475145,25.152704499045967,1.0055141096336693,0.00016499999999970702,49.47545090153367,0.038647,-0.12161357932051198,0
2019-01-26,0.038458,0.039012,0.038095,0.038435,0.038435,2895134.0,41,0.20021040378506824,0.039149499999999934,0.03978671428571405,0.03884759999999962,0.03928208333333345,0.039852538461538266,0.03928246153846172,0.03978486666666658,0.0396621999999997,0.039459240000000284,0.05775221999999984,0.0944999099999998,0.039277785471403655,0.0395445685349299,0.038825299709634935,0.03920629873636092,0.03985400062596069,0.03924277956959349,0.04022254938340384,0.039498657233630496,0.043749667630745434,0.058585957662353534,0.0915830111922349,45.04340479152484,43.58699247459254,40.076143478605374,45.10067755707028,42.399643966727155,45.109623208765605,41.620256805919226,43.837646349625594,39.13353327949449,25.607822315293532,10.692333358597091,-0.0006477018895997694,2.9017227987083314e-05,-0.0006767191175868527,0.035818873283157984,0.0396621999999997,0.043505526716841415,-0.0010379999999999973,17.89473684210564,16.129751096945988,16.536905446958823,18.38050151164634,-5.08223240765685,0.0008569999999997052,41.31101058942564,0.0386,-0.4274611398963901,0
2019-01-27,0.038415,0.038695,0.037481,0.037578,0.037578,1513138.0,39,0.20015600433951555,0.039160714285714215,0.039562952380952136,0.03845919999999962,0.03927883333333345,0.03977373076923058,0.03915100000000018,0.03970719999999992,0.0393302999999997,0.03946614000000029,0.05715196999999982,0.0938980899999998,0.039051147408549834,0.039365789577209,0.03840953313975663,0.038955791238459235,0.03968540798700063,0.03900495391679442,0.04005193329415198,0.039315737497094265,0.04350764144914758,0.058169958500722777,0.09104564789678976,42.880508370129064,42.36025709794745,32.525013551214144,42.449868388265116,41.50456711592695,42.72254227353403,40.89970294383861,42.52123623470634,38.82919917170359,25.56799062533669,10.68960531096878,-0.0007296167485413978,-4.2318104763636206e-05,-0.0006872986437777617,0.03603543464219325,0.0393302999999997,0.04262516535780615,-0.0016019999999999993,3.8583929992044568,14.845562019086248,12.866927836009252,15.468959519481025,1.1274685816878434,0.0024619999999997005,41.330976487272856,0.038435,-2.2297385195785058,-1
2019-01-28,0.037516,0.037826,0.034902,0.035116,0.035116,2983344.0,35,0.2000475546087507,0.038862785714285655,0.039129619047618816,0.03767519999999962,0.03891575000000012,0.03951607692307673,0.03895861538461557,0.03955899999999992,0.038917699999999715,0.03940144000000029,0.056502749999999824,0.0933084549999998,0.038526461087409855,0.03897944507019,0.03731168875983775,0.03836505412485012,0.039346933321296886,0.03844938907153808,0.03973348598485185,0.038915762497371005,0.04317855747074963,0.05771344447100549,0.09048913398736898,37.358861882956624,39.05236075830777,19.717472855430753,35.88561772073872,39.045519364527394,36.71218738559854,38.9004664558436,38.98950065375945,37.96406849188326,25.453115595970374,10.681736762625283,-0.0009818791964467666,-0.0002356644421352039,-0.0007462147543115628,0.03568565055408938,0.038917699999999715,0.04214974944591004,-0.0038929999999999937,4.930875576036997,8.894668472449046,11.435704373215806,13.613179218727911,-28.723917085600014,-0.002125000000000307,34.09821760501591,0.037578,-6.5517057852999105,-1
2019-01-29,0.035125,0.0384,0.034436,0.037241,0.037241,6216262.0,21,0.1998230651685854,0.038835928571428514,0.03883785714285691,0.03739399999999962,0.038754166666666784,0.03942342307692289,0.03878692307692326,0.03947523333333325,0.038656249999999705,0.03940966000000029,0.05584395999999983,0.0927067299999998,0.03835506627575521,0.038821404609263636,0.037288125839891835,0.03819212272102703,0.03919093826046008,0.03827676206131835,0.03957268043744205,0.038756261307145184,0.04294571207973984,0.057308049530985575,0.08995930180839018,44.024486721534565,43.07205554620504,42.97508169223151,43.98490621035163,42.11925483771461,44.03108221642887,41.452935397021974,43.26048612210546,39.15751048047464,25.743954909820157,10.738731262919774,-0.000998815539433054,-0.00020208062809719293,-0.0007967349113358611,0.03581132662673352,0.038656249999999705,0.041501173373265886,-0.005055999999999998,60.806416648601825,23.198561741281107,22.054795656379433,15.452475955201445,-2.510683760683586,-0.00026600000000030766,41.02998094425408,0.035116,6.051372593689486,1
2019-01-30,0.0372,0.03769,0.036536,0.037507,0.037507,3364634.0,22,0.19970222474823116,0.03869549999999994,0.03860152380952357,0.037175399999999616,0.03862900000000012,0.03933157692307673,0.03865823076923095,0.039453599999999915,0.0386584499999997,0.039434440000000286,0.05521975999999983,0.0920732799999998,0.03824199077232118,0.03870191328114876,0.037361083893261225,0.038086719225484414,0.039066202093018594,0.03816679605255858,0.03943941073180063,0.038637284039798034,0.042732429253083376,0.056915949540272986,0.08943738835756042,44.81209640932249,43.56019931537989,45.35309114280608,44.92832495442772,42.49619339784983,44.89021739925543,41.76760180965135,43.777787278885114,39.3065915182818,25.780563697026786,10.745896154752925,-0.0009794828675341873,-0.00014619836495866092,-0.0008332845025755262,0.035817346398678465,0.0386584499999997,0.04149955360132093,-0.0025750000000000013,67.11101398601397,44.282768736884286,30.920287210392512,21.470262413329195,-14.686986403705188,0.0004559999999996789,44.25999403109382,0.037241,0.7142665341961729,0
2019-01-31,0.037547,0.037643,0.036064,0.037051,0.037051,3218691.0,17,0.1995865629280928,0.03854342857142851,0.038581904761904526,0.03689859999999962,0.03819183333333345,0.0392313076923075,0.03850761538461557,0.03936773333333324,0.0385887499999997,0.03942198000000029,0.05460280999999982,0.09137536999999983,0.03808319200267836,0.03855183025558978,0.03725772259550749,0.03792737780617912,0.0389169278639061,0.03800739661647879,0.03928531971684575,0.03848620936934107,0.042509628105903634,0.056522584202841834,0.08891613076196282,43.68314996075652,42.89956410170827,41.769848205454394,43.56566013214713,42.00916517714782,43.65313695315513,41.37369524401793,43.070957447968645,39.13890141179982,25.758575989226603,10.74441029289384,-0.0009895500577269886,-0.00012501244412116994,-0.0008645376136058188,0.03565859628573318,0.0385887499999997,0.04151890371426622,-0.002437999999999996,61.399389528058244,63.10560672089136,39.62121774758303,30.86543353811827,-15.71333677762177,-0.0012970000000003257,46.5967650301339,0.037507,-1.2157730556962676,-1
2019-02-01,0.037117,0.038439,0.03675,0.038348,0.038348,2705315.0,23,0.19949002891053846,0.03849621428571424,0.03857728571428548,0.037052599999999616,0.03804733333333344,0.03908019230769212,0.03820384615384634,0.039252166666666574,0.0385466999999997,0.03946432000000029,0.053979519999999816,0.09054281999999983,0.03811849973565458,0.03853330023235434,0.037621148397004985,0.03799208891292079,0.03887478505917232,0.038056054242696105,0.03922484747704925,0.03847304657226097,0.042346427003711336,0.056162691446349916,0.08841296528174429,47.69856156894053,45.36841129432352,54.137415120530356,48.38900473466485,43.9079297331965,48.039265278860796,42.95489817966836,45.68978567094258,39.882973226069566,25.94003042293922,10.779675041430938,-0.0008826961462515269,-1.4526826116566705e-05,-0.0008681693201349602,0.03562870320339088,0.0385466999999997,0.04146469679660851,-0.0011719999999999994,97.72670497127152,75.41236949511459,58.39488014199644,42.978795033323934,-4.504258943781725,-0.0003160000000003299,50.76752456442676,0.037051,3.500580281233967,1
2019-02-02,0.038192,0.038735000000000006,0.037562,0.038664,0.038664,1358614.0,22,0.1994417350401598,0.038236714285714235,0.03855228571428549,0.03776219999999962,0.03797858333333344,0.03886665384615366,0.03809476923076942,0.039219299999999915,0.0386088499999997,0.03952770000000028,0.05338643999999982,0.08961990999999983,0.03819123310423397,0.03854518202941304,0.03796876559800333,0.03809545984939451,0.03885917135108548,0.03814290363659666,0.03918866376885252,0.03849123261299802,0.04220201810160501,0.055816182704838034,0.08791795070182644,48.65422886718894,45.96473566671548,56.81880145491121,49.52759650613513,44.36878843956745,49.07927631518942,43.339633462629976,46.32148444728751,40.06507003975716,25.98454601752501,10.788305628213227,-0.0007637115016909668,8.356625475519477e-05,-0.0008472777564461616,0.035739257821058516,0.0386088499999997,0.04147844217894089,-0.00037200000000000427,98.34845312863438,85.8248492093214,77.07839565251592,58.3648311806984,-31.043322225070373,0.0012799999999996564,52.762495409260254,0.038348,0.8240325440700857,0
2019-02-03,0.038684,0.038712,0.036935,0.037384,0.037384,1842633.0,19,0.19937602090812884,0.03804399999999995,0.038550523809523576,0.03779079999999962,0.037800583333333436,0.03863649999999982,0.03793284615384634,0.039135599999999916,0.0385136999999997,0.039559020000000285,0.05278139999999982,0.08872725999999981,0.038083602023669436,0.038439620026739126,0.03777384373200222,0.0379860044879492,0.03874989939915322,0.03803448883136857,0.039072233848281394,0.03838578188795059,0.042013076215267564,0.055451188987910564,0.08741512532170878,45.07938418931247,43.929918466813966,44.244941443851964,45.15612670044014,42.88660717218519,45.13820311424457,42.14975650960721,44.13798441813704,39.569856638552736,25.920804648188124,10.784058965922275,-0.000763894911204023,6.670627619371084e-05,-0.0008306011873977339,0.03561275800421385,0.0385136999999997,0.041414641995785546,-0.0012630000000000002,49.41969299887677,81.83161703292757,74.80105092257091,70.0914422390277,-25.055720653788818,-3.4000000000339314e-05,52.822678016903076,0.038664,-3.3105731429753704,-1
2019-02-04,0.037372,0.037579,0.037058,0.037418,0.037418,1740277.0,27,0.1993138813489967,0.037896071428571376,0.038461523809523585,0.037772999999999626,0.037665750000000116,0.03844219230769212,0.03777115384615403,0.03906093333333325,0.0385037499999997,0.03960134000000029,0.05218356999999982,0.0877930799999998,0.03799485508718018,0.03834674547885375,0.03765522915466815,0.03789861918211086,0.03865124018440113,0.03794641899831592,0.038965509083876144,0.03829361218433625,0.041832877148002164,0.055094096136664814,0.08691764148766191,45.1939874462061,43.99890581940792,44.63547497151499,45.29507004542389,42.939187230972735,45.26393445848094,42.19331815208895,44.211330173658,39.59008700790548,25.92567953181603,10.784996457534277,-0.0007526210022902671,6.238414808597335e-05,-0.0008150051503762405,0.035588528107250085,0.0385037499999997,0.0414189718927493,-0.0011820000000000025,50.69262448521144,66.15359020424086,71.5173730224104,74.46560653249902,-20.286022137329574,0.00031399999999966177,60.81478450934564,0.037384,0.09094799914401985,0
2019-02-05,0.037433,0.037433,0.036797,0.037104000000000005,0.037104000000000005,2071017.0,21,0.1992398845975903,0.03772349999999995,0.038437095238095006,0.037783599999999626,0.03753716666666678,0.038428384615384434,0.03762253846153865,0.038888499999999916,0.0383852999999997,0.03956802000000029,0.05156040999999981,0.0869924549999998,0.03787607440888949,0.03823376861713977,0.0374714861031121,0.03777637007717073,0.03853662980037142,0.03782607342712793,0.03884541172362607,0.038180315785828034,0.04164743098533541,0.0547378566092061,0.08642198336340658,44.27970530236293,43.4813049723566,41.42019933418224,44.17536756502681,42.56338409100564,44.25520818354145,41.89227815317052,43.65550598686606,39.46562977880872,25.909775627531573,10.783944690935924,-0.0007602597232006862,4.379634174044348e-05,-0.0008040560649411296,0.035443506411804666,0.0383852999999997,0.04132709358819472,-0.0013309999999999989,17.833753148614896,39.3153568775677,62.80424574652174,69.7075565638343,-23.02706824247024,0.0007769999999996807,59.20885048906433,0.037418,-0.8391683147148332,0
2019-02-06,0.037099,0.037165,0.035986000000000004,0.036327,0.036327,2513864.0,14,0.19914981333593065,0.03752999999999995,0.03828728571428548,0.037379399999999625,0.03734775000000011,0.0383469230769229,0.03744407692307712,0.03862553333333325,0.0382426499999997,0.03950790000000029,0.05097196999999982,0.08615912499999981,0.03766953115437089,0.038060426015581614,0.037089990735408064,0.03755339006529832,0.038372953518862433,0.03761192008039537,0.03868293354790826,0.03800380952051108,0.041438786632969314,0.05437328519120201,0.08592352581750204,42.02563008115699,42.1945259541716,34.12159265648155,41.42988369948055,41.627190903776714,41.77432385653582,41.141702296653115,42.274600234036896,39.15495078043585,25.870112708785648,10.781329947162817,-0.0008195634535641122,-1.2405910898386071e-05,-0.0008071575426657261,0.03518856626114016,0.0382426499999997,0.04129673373885923,-0.001251000000000002,12.404510731174753,26.976962788333694,45.73980689850238,60.02047522247813,-25.118219749652155,-0.000982000000000316,55.19051805349823,0.037104000000000005,-2.094113842173373,-1
2019-02-07,0.036256,0.037774,0.036254,0.037309,0.037309,3440894.0,18,0.1990271573351801,0.03743442857142853,0.03819819047619025,0.037108399999999625,0.037253916666666775,0.0382746153846152,0.03734476923076942,0.03842356666666658,0.0381576499999997,0.03947298000000029,0.050385149999999816,0.08534288999999981,0.0376214603337881,0.037992114559619636,0.037162993823605384,0.03751579159371396,0.03829414214709484,0.037568645783196034,0.03859429267384967,0.03793763718522431,0.041276834215990134,0.05403537855375247,0.08543979919245227,45.764183239051526,44.37410327975348,48.0142116391241,46.02292787786297,43.26499263922343,45.901937073781326,42.487421225648376,44.600086954031255,39.76620758596177,26.01468278205301,10.808798136514019,-0.0007783505533808799,2.3045591427877013e-05,-0.0008013961448087568,0.03509874787328689,0.0381576499999997,0.04121655212671252,0.0021929999999999936,48.532648569332025,26.256970816373887,35.776645986641896,48.106899543888645,-11.759535946563394,-0.0026550000000003238,57.379284416839035,0.036327,2.7032234976739122,1
2019-02-08,0.037277,0.040712,0.037173000000000005,0.039964,0.039964,3269324.0,37,0.19891234918185066,0.0375318571428571,0.03824366666666644,0.037624399999999635,0.03745275000000011,0.03837242307692289,0.037462384615384814,0.03834003333333325,0.0380409999999997,0.03943462000000029,0.049828989999999816,0.08453015999999983,0.037933798955949685,0.038171376872381486,0.03809666254907025,0.037892439040834884,0.03841783532138411,0.037910839242739455,0.03868266088844001,0.03813062411996485,0.041225350521245416,0.05375673739427223,0.08498730367809952,54.30090925509551,49.74156213057972,69.13302140506917,56.10509314267364,47.407983809326545,55.15766171123336,45.94054244557685,50.28562106563701,41.38997410878233,26.40660358774837,10.88334892558738,-0.0005253962805492202,0.0002207998914076294,-0.0007461961719568497,0.03551527017326642,0.0380409999999997,0.04056672982673298,0.0027229999999999967,84.1726618705036,48.36994039033679,42.72723976096727,41.414564215370476,9.752609752609958,-1.3000000000318312e-05,59.05497363302475,0.037309,7.116245409954702,1
2019-02-09,0.040004000000000005,0.040853,0.039451,0.039977,0.039977,2222011.0,42,0.19883480923614905,0.03764199999999996,0.03813319047619025,0.03813619999999962,0.03785783333333345,0.03839896153846136,0.03764692307692327,0.03842383333333325,0.038035749999999716,0.039404660000000286,0.04927732999999982,0.08367733999999982,0.03820622576182306,0.038335524429437724,0.03872344169938017,0.03821314072686029,0.038533329001281584,0.03820600506520525,0.038766166637572916,0.03830646944187297,0.04117639559884363,0.05348387130725693,0.08453943995990948,54.3386140252936,49.766425958426616,69.20652415539162,56.14854111050023,47.42750429997072,55.198081015851955,45.956959983193634,50.31183808071782,41.397864087275885,26.408531469751267,10.88371547471351,-0.00032018827442129033,0.00034080631802844747,-0.0006609945924497377,0.0355275070944103,0.038035749999999716,0.04054399290558912,0.00247,82.00123279227445,71.56884774403669,48.98896142237986,42.49761572332965,11.146450773456893,-0.0001280000000003223,54.98107987709445,0.039964,0.03252927634871394,0
2019-02-10,0.039919,0.040184,0.039029,0.040105,0.040105,2087679.0,40,0.19876187875500664,0.03782249999999996,0.03813428571428549,0.038736399999999616,0.03809650000000011,0.038494653846153665,0.038030692307692515,0.03847916666666658,0.038066549999999706,0.0393449200000003,0.048721269999999824,0.08283431499999983,0.038459395660246656,0.03849638584494339,0.039183961132920116,0.03850419599965102,0.038649749075260725,0.03847729005589021,0.03885254298353594,0.038477758066456494,0.041134380085163486,0.053218943162558784,0.08409730622896511,54.73262101741558,50.021468424916726,70.04920984104156,56.60669020952454,47.626270002229646,55.6222289662531,46.123432792840006,50.58126980107264,41.476986109607054,26.427698019400825,10.887342456755952,-0.00014555307560970565,0.00041235321347202566,-0.0005579062890817314,0.035469609332342014,0.038066549999999706,0.0406634906676574,0.003054000000000001,84.6311896445449,83.60169476910765,62.34844872156586,51.35488330163764,19.282716520412333,0.0010339999999996882,62.19265229103428,0.039977,0.32018410586087676,0
2019-02-11,0.040298,0.040298,0.039066,0.039071,0.039071,1758317.0,46,0.19870039237301532,0.03810499999999995,0.03811438095238072,0.03928519999999962,0.03822683333333344,0.03847919230769212,0.038171461538461744,0.03847523333333325,0.038044099999999706,0.0392483400000003,0.04815678999999982,0.08202857499999983,0.038540942905547104,0.038548623495403084,0.03914630742194674,0.038591396615089334,0.03868095284746363,0.038562105762191615,0.038866636984598135,0.03853425729822254,0.04105346321907865,0.05293878587221108,0.08364928328141323,50.92902817975751,47.96075141923239,55.362770012689886,51.86463314238402,46.162172243804285,51.389770662039034,44.967186736220725,48.35715890387291,41.02063713788707,26.37165960051016,10.883746260595169,-8.955623237430488e-05,0.0003746800453659412,-0.0004642362777402461,0.03549269989731767,0.038044099999999706,0.04059550010268175,0.0007229999999999945,61.25244618395289,75.96162287359074,72.11803581212149,61.15181531868905,33.870000856384614,-0.001667000000000321,58.47180490177679,0.040105,-2.578232140630843,-1
2019-02-12,0.039047000000000005,0.043138,0.038769,0.040738,0.040738,8126548.0,38,0.1984193308749259,0.03835478571428568,0.03817238095238072,0.039970999999999625,0.03853408333333344,0.038539115384615186,0.038420000000000204,0.03858579999999992,0.0381291999999997,0.0391451200000003,0.047590179999999815,0.08124800999999984,0.03883388385147416,0.038747657723093715,0.03967687161463116,0.03892164328969097,0.03883332671061447,0.03887294779616424,0.038987370082365996,0.03874413755553468,0.04104109211244812,0.05269718615196927,0.08322230533831458,56.18819779593209,51.34606086517192,68.2435369556078,58.00844784552973,48.79741639790036,57.062370042498024,47.17334787513397,51.93483874606597,42.06877362650635,26.625003857575244,10.931414286706627,8.831657907650002e-05,0.0004420422854533969,-0.0003537257063768968,0.035336382399954194,0.0381291999999997,0.04092201760004521,0.0020739999999999995,59.76529756915327,68.5496444658837,74.36456561208573,69.610350048591,31.170336037080215,0.0003439999999996779,55.36707624450653,0.039071,4.266591589670088,1
2019-02-13,0.040756,0.042302,0.039792,0.040394,0.040394,3438410.0,48,0.1983006731810808,0.03856099999999996,0.038237047619047386,0.04005699999999962,0.03870458333333344,0.03859238461538442,0.038677153846154035,0.03862269999999992,0.0382165499999997,0.0391398600000003,0.04702794999999981,0.08048912999999983,0.03904189933794427,0.03889732520281247,0.03991591440975411,0.039148159706661585,0.03894893213945785,0.03909024096814077,0.03907812039963271,0.038901267312150434,0.04101571595117564,0.05245355870341542,0.08279615304639105,54.887571294093895,50.63396975703833,63.69224072945546,56.39916837133669,48.290878787207824,55.61994736126732,46.773514720705826,51.166784987893294,41.91199778498922,26.605923407906946,10.930201771118051,0.00019922756720374551,0.00044236261886451385,-0.00024313505166076842,0.035251568595998754,0.0382165499999997,0.04118153140400065,0.003009999999999999,37.193865873197524,52.7372032087679,64.96880641262453,70.48380261227723,25.55545720102713,0.0005759999999996879,51.930888354321795,0.040738,-0.8444204428297963,0
2019-02-14,0.040359,0.040663,0.039567000000000005,0.039818,0.039818,2736338.0,48,0.19820588415893028,0.038758642857142825,0.0382928095238093,0.04002519999999962,0.0388007500000001,0.03849703846153826,0.038790230769230966,0.03869606666666658,0.038277449999999706,0.0391418600000003,0.04644355999999981,0.07971288999999983,0.03914537942621837,0.038981022911647685,0.039883276273169406,0.039251212059482884,0.039013307536535036,0.03919420654412066,0.03912585456739834,0.03898857518718372,0.04096874669818836,0.052203349620179466,0.08236850973249661,52.69911400830482,49.43143111013856,56.165782187591354,53.69697636022077,47.43469802365879,53.19521381985775,46.0974880278446,49.87012349238703,41.64692421084783,26.57371741794681,10.928161968228347,0.0002379045229478419,0.0003848316596868882,-0.0001469271367390463,0.035230407363058984,0.038277449999999706,0.041324492636940435,0.0024,24.010070954451823,40.32307813226755,53.370574045059996,64.2346486899234,24.23578873609557,-0.0005200000000003119,49.1221364191834,0.040394,-1.425954349655889,-1
2019-02-15,0.039897,0.040874,0.039705,0.040338,0.040338,3316269.0,43,0.1980913679839877,0.03890078571428568,0.0383755714285712,0.040071799999999616,0.03904691666666677,0.03850688461538442,0.03891900000000019,0.038724899999999916,0.038372599999999715,0.039219960000000297,0.04586043999999982,0.07900078499999982,0.039304395502722585,0.03910438446513426,0.040034850848779606,0.03941841020417783,0.03911143290419911,0.03935760560924628,0.03920405749853393,0.03911709183602336,0.040944011533553516,0.0519683922019581,0.0819502957053076,54.45559391859107,50.54233107735771,61.140449325074464,55.76954024278442,48.29412995228879,55.098313950897065,46.81458467705866,51.04609284706867,41.98479522312188,26.65467043050089,10.94324101302914,0.00030697729997871537,0.0003631235493742094,-5.614624939549394e-05,0.035189050150875124,0.038372599999999715,0.041556149849124285,0.0032339999999999943,35.91210803387501,32.372014953841465,43.62675772292604,53.988712726870155,18.703007518797282,-0.0009550000000003168,43.660486450461825,0.039818,1.3059420362649954,1
2019-02-16,0.040235,0.041874,0.040183,0.041293,0.041293,4895069.0,43,0.19792350375243847,0.0390885714285714,0.03851166666666645,0.04051619999999962,0.03936983333333344,0.03857626923076904,0.0392196923076925,0.03879533333333325,0.038558349999999714,0.039247660000000295,0.045321179999999815,0.07838243499999982,0.03956954276902624,0.03930334951375842,0.040454233899186405,0.03970680863430432,0.03927303046685103,0.0396340905222111,0.039338827982499484,0.03932432118497352,0.04095769735576711,0.05175699829696883,0.08154574549928463,57.55689752916939,52.547968901019296,68.91510901159296,59.386404020495576,49.85766394523175,58.44046991882762,48.124288872535544,53.164753993958776,42.607301911394956,26.804358812806672,10.971059321134133,0.0004337781674532831,0.0003919395334790217,4.183863397426146e-05,0.035144801559205165,0.038558349999999714,0.041971898440794256,0.004966000000000004,57.7706569008927,39.23094529640653,42.930399866314,46.64257721143331,23.30880397198367,-0.0007450000000003149,45.10145040650831,0.040338,2.367494670038184,1
2019-02-17,0.041285,0.042255,0.040891,0.042038,0.042038,3337965.0,38,0.19780968772728846,0.03942099999999997,0.038724047619047394,0.04077619999999961,0.0397810000000001,0.0386731153846152,0.039575076923077115,0.03889629999999991,0.038904449999999716,0.039297180000000285,0.044803659999999815,0.07776926499999982,0.039898670399822735,0.03955195410341675,0.04098215593279093,0.04006545345979596,0.03947784302486206,0.03997750616189523,0.039512968112660814,0.03958276678640461,0.04100006216534488,0.05156454288514767,0.08115263360376936,59.842456865982044,54.070163087025136,73.8186498792603,62.011684685561335,51.05662400879422,60.886322617018564,49.13401014137762,54.76822094270661,43.09317142349927,26.921869491395263,10.992856869578505,0.0005876104349338968,0.0004366174407677082,0.00015099299416618852,0.03555746477527978,0.038904449999999716,0.042251435224719636,0.004729000000000004,90.34734917733087,61.343371370699536,49.04681018794953,45.20132259239648,43.31720029784097,-0.002246000000000317,46.484273866268,0.041293,1.804179885210555,1
2019-02-18,0.041867,0.044726,0.041775,0.044284,0.044284,9503573.0,63,0.1974904121521903,0.039911428571428535,0.03916061904761882,0.04155419999999961,0.040444083333333436,0.03887496153846135,0.04012738461538482,0.03896253333333325,0.03925659999999971,0.03938778000000029,0.04428632999999981,0.07718212999999982,0.040483381013179706,0.039982140094015226,0.042082770621860624,0.04071446061982735,0.03983385465265006,0.040592719567338766,0.0398207766215214,0.040030503282937516,0.0411288440412137,0.051420373719105135,0.08078578152810996,65.79253854499468,58.295444281251,83.33123560848834,68.63361177628087,54.46530589578888,67.1609557833698,52.04199706562357,59.19091449076536,44.5370141957382,27.27736700062633,11.058834817114546,0.0008806059671772892,0.0005836903784088807,0.0002969155887684086,0.03523289987517753,0.03925659999999971,0.04328030012482189,0.0043199999999999975,91.43244814886594,79.85015140902985,59.89452664308321,50.62391223244888,52.99475146650229,-0.0018610000000003207,54.50621843941552,0.042038,5.342785099195968,1
2019-02-19,0.044301,0.047488,0.04401,0.046145,0.046145,9097534.0,65,0.19719053524249955,0.04055721428571425,0.03958461904761882,0.04281959999999961,0.04118041666666677,0.039163346153845965,0.04088261538461558,0.03916463333333325,0.03968849999999971,0.03954756000000029,0.04380277999999981,0.07660651499999982,0.04123826354475575,0.04054240008546839,0.04343684708124042,0.04154992821677698,0.040301346900601914,0.04138590248629037,0.04022879103303615,0.04061283630361013,0.041325556039597484,0.05131591087318227,0.08044109713479543,69.7690920350195,61.37947630639732,87.75493425242719,72.87749044413849,57.03976633484138,71.27311177223383,54.27993898226834,62.39031625416565,45.70135811725378,27.5722245657655,11.113701845845823,0.0012485813161750778,0.0007613325819253354,0.00048724873424974246,0.034713584502196346,0.03968849999999971,0.04466341549780308,0.006168,82.74444301683151,88.17474678100945,71.64140105555916,60.19424596219727,62.33882644970026,-9.900000000032104e-05,57.363344587908614,0.044284,4.2024207388673185,1
2019-02-20,0.046063,0.047254,0.044594,0.046244,0.046244,5359106.0,59,0.1970146148033609,0.0412655714285714,0.040000666666666435,0.0440007999999996,0.0417037500000001,0.03945734615384596,0.04156992307692327,0.03938979999999992,0.0401481499999997,0.03967990000000028,0.04332931999999981,0.07605896999999981,0.04190569507212165,0.041060727350425805,0.044372564720826936,0.0422720931065036,0.04074154342648325,0.042079916416820316,0.04061686903090479,0.04114913760802821,0.04151843619490738,0.05121547699450539,0.08010082751156364,69.96807741240015,61.537987375024926,87.95892822639597,73.08733901407028,57.17352912665918,71.47772641902026,54.396918861264865,62.554296687445905,45.76314006071845,27.587999349799947,11.116633306077548,0.0015305496800203516,0.0008346407566164872,0.0006959089234038643,0.034540747251022935,0.0401481499999997,0.04575555274897646,0.0061389999999999995,82.97056810403832,85.7158197565786,81.05309306959181,70.8630069227447,71.73236889692616,0.00126199999999968,61.807436660970495,0.046145,0.21454112038141737,0
2019-02-21,0.046249,0.046281,0.044014,0.044982,0.044982,3756318.0,59,0.1968907872912583,0.04181364285714282,0.040378333333333113,0.04473859999999962,0.04212083333333344,0.039709153846153665,0.04195592307692327,0.03957186666666659,0.0404798499999997,0.03974324000000029,0.04285429999999981,0.0754804299999998,0.04231586906250543,0.04141720668220528,0.04457570981388463,0.0426890018593492,0.041055651320817815,0.042494499785845984,0.04089849038374964,0.041514172121549335,0.04165426222647964,0.05109204180649538,0.07975138644179684,64.1968148054863,58.340288569604475,70.09592768888885,66.032015052819,54.9102571620414,65.11106470888882,52.623352360640624,59.105003918812066,45.095972854386645,27.5108543313445,11.111938374864526,0.001633350538531378,0.0007499532921020108,0.000883397246429367,0.03454548700844379,0.0404798499999997,0.04641421299155561,0.005911000000000007,62.01303622858872,75.90934911648618,81.90156893513101,78.19868768676065,54.39914923785921,-0.0011210000000003162,61.11854013375835,0.046244,-2.729002681428938,-1
2019-02-22,0.044921,0.046322,0.044449,0.046103,0.046103,3461354.0,61,0.19677726139302384,0.04225214285714282,0.04074761904761882,0.04555159999999961,0.04262066666666677,0.040037038461538284,0.04242715384615403,0.03980743333333325,0.0408517999999997,0.039872300000000284,0.04255100999999981,0.0749196699999998,0.042820819854171376,0.041843187892913886,0.04508480654258976,0.04321423234252625,0.041429529000757234,0.043009999816439416,0.04123426519770128,0.04195120334806845,0.04182872253132357,0.05099324889943607,0.07941657662645557,66.80285501326955,60.261838528291854,75.41737979337903,68.91920460971797,56.498731977067614,67.85041375692562,53.99998433465337,61.105320199095466,45.81173796714283,27.6922555190857,11.145438621177812,0.0017847033417690075,0.0007210448762717124,0.0010636584654972949,0.034480239450861185,0.0408517999999997,0.047223360549138234,0.005365000000000003,75.75704533520036,73.58021655594247,78.98350816670491,80.64605672380921,48.834619362024,-0.003410000000000316,63.07591189816243,0.044982,2.4921079542928215,1
2019-02-23,0.046028,0.050497,0.045855,0.049513,0.049513,11262717.0,63,0.1964163428281447,0.04293328571428568,0.04126423809523787,0.046597399999999616,0.04349083333333344,0.04059076923076905,0.043150846153846345,0.04016963333333325,0.0414582499999997,0.04006466000000028,0.04229205999999981,0.0743919749999998,0.04371311054028186,0.042540443539012616,0.046560871028393166,0.044183273520599135,0.042028304630330776,0.04393899984266236,0.04176837712043023,0.04267137445777622,0.04213006674578147,0.05096393704004129,0.0791190286003217,73.168191691001,65.35439368510403,85.09761101728978,75.72006557004423,60.85503125720744,74.42789461261191,57.84981978098283,66.36079844989072,47.91842197550347,28.243946431947627,11.247697028381056,0.002154968890268359,0.0008730483398168513,0.001281920550451508,0.034225723474149365,0.0414582499999997,0.04869077652585005,0.009119000000000002,84.83120086326502,74.2004274756847,77.66325870958471,79.5161119371402,59.71943887775578,0.003584999999999699,66.11327248757678,0.046103,7.396481790772835,1
2019-02-24,0.049548,0.05347,0.044786,0.045928,0.045928,22316274.0,69,0.1957036856971192,0.04334921428571424,0.04167109523809501,0.04655399999999961,0.04392333333333345,0.040924884615384426,0.043678307692307884,0.04041389999999991,0.041883749999999706,0.040190060000000284,0.04202151999999981,0.0739840799999998,0.04400842913491095,0.042848403217284205,0.04634991401892878,0.0444516929789685,0.042317170954009976,0.04422314272228202,0.04203673988685409,0.04298152927132134,0.04227900530477043,0.050864215514495915,0.07878876960927372,60.17207414848575,57.270882986603525,56.853374755921536,60.61427180582228,54.85744421821435,60.430168953893244,53.02847138134928,57.74733061359817,46.000666407057544,28.016966074841694,11.23403686216711,0.002134522024958521,0.0006820811796056105,0.0014524408453529107,0.034650728068405766,0.041883749999999706,0.04911677193159365,0.0061099999999999965,20.24111675126901,60.27645431657813,65.16259345647221,73.9364534442539,29.976833976834122,-0.0017410000000003115,50.96981363031936,0.049513,-7.240522691010454,-1
2019-02-25,0.045533,0.048274,0.045454,0.047669,0.047669,7162056.0,47,0.19547498868245905,0.043963357142857096,0.04215923809523787,0.04683899999999961,0.044529583333333435,0.041315730769230584,0.04421146153846172,0.04072169999999991,0.0424119999999997,0.04029790000000028,0.041786369999999816,0.0735660999999998,0.04449650525025616,0.04328663928844018,0.04678960934595252,0.04494666328989642,0.042713602735194416,0.0447154080476703,0.04240011150705705,0.04342795505500502,0.04249037764575983,0.050800943920149465,0.07847912016042523,63.541549972633035,59.8005224815549,63.84626207556079,64.3553644696749,56.99491368874776,63.973695966698344,54.91410474229685,60.37025981857389,47.05036235343797,28.29959427568564,11.286621291733011,0.0022330605547020016,0.0006244957674792727,0.0016085647872227287,0.035105967510569894,0.0424119999999997,0.04971803248942951,0.007331000000000005,38.652707275803756,47.9083416301126,56.29902129082532,66.37495781896071,42.70812636598472,0.0005649999999997046,51.92705055714681,0.045928,3.790715903152786,1
2019-02-26,0.047684,0.047909,0.045704,0.047104,0.047104,4431970.0,40,0.19533360471228428,0.04441807142857138,0.042635428571428345,0.047263399999999615,0.045136750000000114,0.04170238461538443,0.04472761538461557,0.04103923333333325,0.0429508499999997,0.04035566000000028,0.04153932999999982,0.0731967249999998,0.04484417121688867,0.043633672080400164,0.04689440623063501,0.04527856124529697,0.04303881734740225,0.045056635469431686,0.04270358818402111,0.04377805457357597,0.04267130401259278,0.05072773710984948,0.07816692991007274,61.72580716487578,58.62064111756563,60.05577191302991,62.275715223565314,56.09972496689221,62.032258071653565,54.184665586075255,59.11970241292683,46.749545364320774,28.263221364918717,11.284441040766769,0.0022397438978947267,0.0005049432885375979,0.0017348006093571284,0.03595120371496843,0.0429508499999997,0.04995049628503097,0.005810999999999997,29.43132690389089,29.44171697698789,49.78267942588575,57.08143139106107,33.45244351024717,0.0014269999999997065,52.03499263398141,0.047669,-1.185256665757628,-1
2019-02-27,0.04712,0.047889,0.044718,0.045677,0.045677,3480178.0,39,0.19522216668536532,0.04479542857142852,0.04308066666666644,0.0471781999999996,0.04558166666666677,0.04198426923076904,0.04517830769230787,0.04139126666666658,0.0433692499999997,0.04040184000000027,0.041389549999999824,0.0728418199999998,0.044955215054636836,0.04381942916400015,0.04648860415375667,0.04533985951525128,0.043234238284631715,0.04514525897379858,0.042895421204406835,0.04395890651894969,0.042789174443471495,0.05062772251361484,0.0778436470253954,57.295292127293244,55.7121853152403,50.897507395446546,57.216702246788685,53.880133206446544,57.30232985932357,52.36916344427418,56.041110364241426,45.992019330367356,28.17085904397539,11.278910707796786,0.002105621230619574,0.00029665649700995637,0.0018089647336096176,0.036802560058390096,0.0433692499999997,0.0499359399416093,0.003638999999999997,10.957495429616024,26.34717653643689,36.82276944476888,47.634823387159955,26.26659374533897,-0.0007850000000003133,49.67357316900972,0.047104,-3.029466711956519,-1
2019-02-28,0.045843,0.046641,0.045255,0.046462,0.046462,4910771.0,39,0.19506522871607224,0.045269999999999935,0.04351652380952358,0.0465679999999996,0.04601241666666677,0.04228419230769212,0.0456493846153848,0.04169863333333325,0.043694149999999696,0.040481680000000284,0.041338019999999816,0.0724891449999998,0.0451561197140186,0.044059662876363766,0.04647973610250445,0.04551249651290493,0.04347333174502936,0.0453333648346845,0.04312552306218705,0.04419729637428781,0.04293320681823732,0.05054523295888979,0.07753139183111285,59.02860550903669,56.9433088296002,55.38840459787974,59.19229328985489,54.899498499399044,59.14770141986949,53.259390647051106,57.32471511482375,46.47864290366539,28.30104168595017,11.302942833365275,0.0020391647678755717,0.0001841600274127633,0.0018550047404628086,0.03719419203173273,0.043694149999999696,0.05019410796826666,0.0021780000000000068,19.926873857404047,20.105232063636986,23.841904043596692,36.8157843047504,32.693632516484755,0.00020799999999969454,51.81338508261125,0.045677,1.7185892243360978,1
2019-03-01,0.046575,0.047199,0.045991,0.046254,0.046254,3902633.0,42,0.19494104667887072,0.045692571428571374,0.043816047619047394,0.0466331999999996,0.0463637500000001,0.042625346153845965,0.04603100000000018,0.04199019999999992,0.0440079999999997,0.040657500000000284,0.041256409999999834,0.0721684999999998,0.04530250375214945,0.04425914806942161,0.04640449073500297,0.04562657397245802,0.04367930717132349,0.04546488414401529,0.04332736028398143,0.04439317291006992,0.043063434001835856,0.05046025804881277,0.07722017400194754,58.35617860563104,56.50727637622547,53.82318984663063,58.41796522231776,54.56763383329611,58.427137328862294,52.98823029804128,56.86276450045492,46.36573451798442,28.287321522432734,11.302127593769296,0.0019472668011345368,7.380964853738264e-05,0.001873457152597154,0.03765934915287388,0.0440079999999997,0.05035665084712552,0.00010900000000000491,43.194600674915755,24.69298998731193,28.432600828326038,29.69909143889717,29.56521739130451,-0.00023800000000029356,48.77747857054688,0.046462,-0.44767767207610776,0
2019-03-02,0.046183,0.046816,0.045513,0.046492,0.046492,2225302.0,41,0.1948702313860389,0.04606392857142851,0.044126285714285486,0.0463977999999996,0.0465477500000001,0.04297434615384596,0.04637361538461556,0.042304899999999916,0.044327349999999696,0.04081844000000029,0.04119401999999983,0.0719190949999998,0.04546110325186285,0.0444621346085651,0.04643366049000198,0.04575971643823371,0.04388765478826249,0.04561161498058453,0.043531530588240684,0.04459306120434898,0.04319788757039132,0.050381678681509535,0.07691442102680379,58.92974904349722,56.90286295095056,55.547999808961535,59.08148733845326,54.89164032440072,59.04199116137786,53.26953961217463,57.276406226917,46.51736946813077,28.32747697777844,11.309483744181303,0.001872061649971224,-1.116402100744202e-06,0.001873178052071968,0.038165537987819464,0.044327349999999696,0.050489162012179935,0.00024799999999999817,55.59385772485109,39.57177741905696,31.820830918135506,28.03177859668604,26.94759757424986,0.0006549999999996975,45.55337765588288,0.046254,0.5145500929649272,0
2019-03-03,0.046341,0.046732,0.045524,0.045837,0.045837,2595144.0,44,0.19478759713304086,0.046335285714285655,0.04439923809523787,0.0461443999999996,0.046522083333333436,0.043310230769230566,0.0464930769230771,0.04255453333333325,0.0446656499999997,0.04095140000000029,0.04113743999999983,0.0716537349999998,0.045511222818281134,0.044587122371422816,0.04623477366000132,0.04577160621696698,0.044032050729872665,0.04564381284050103,0.04368027055028968,0.04471153156583956,0.04330138217547401,0.05029168504425193,0.07660519295688535,56.62984801902937,55.44879474401779,49.44822729298392,56.39835229759346,53.7951959395289,56.56262572871789,52.378220874322594,55.73210809700639,46.15109763278439,28.28345527954769,11.306890096547153,0.001739555487094313,-0.00010689805198212415,0.0018464535390764368,0.03899562643096146,0.0446656499999997,0.05033567356903794,0.0008550000000000017,35.28855250709561,44.69233696895415,32.99227603877645,31.081902595079303,19.78336718221129,0.0028609999999996967,54.11343970007788,0.046492,-1.4088445323926613,-1
2019-03-04,0.045801,0.046132,0.04228,0.042976,0.042976,4219983.0,36,0.1946514047554708,0.046241857142857085,0.04458519047619025,0.0456041999999996,0.04624975000000011,0.04356596153846134,0.046249307692307874,0.042698266666666575,0.0447775499999997,0.041062500000000286,0.041109139999999836,0.07137498999999979,0.04517319310917699,0.044440656701293484,0.04514851577333421,0.04534151295281822,0.0439538247498821,0.04526269672042945,0.04363483374059357,0.044546242845283406,0.0432886220901613,0.0501468199938707,0.07627057412149346,47.88395177220447,49.643874297486136,31.384213218228684,46.422343261946686,49.32605778549458,47.23260360428155,48.7002972834499,49.598829790426905,44.586966945087966,28.090870471120194,11.295518616641207,0.0013876882029361171,-0.0003670122689122559,0.0017547004718483732,0.039350782134785364,0.0447775499999997,0.05020431786521404,-0.003126999999999998,14.149217320593662,35.01054251751345,33.63062041697198,32.81457579129461,-6.600060551014074,-0.003803000000000306,43.880226101004354,0.045837,-6.2416824835831335,-1
2019-03-05,0.043002,0.047295,0.042971,0.046779,0.046779,7867147.0,35,0.19440132705259375,0.046287142857142805,0.044872857142856916,0.0456675999999996,0.046399500000000114,0.0439301923076921,0.046290461538461725,0.04301143333333324,0.0450967999999997,0.041212340000000285,0.04109227999999983,0.0710236649999998,0.04538730069462005,0.04465323336481225,0.04569201051555614,0.0455626648062308,0.044163096990631576,0.04547931147465382,0.043837683176684315,0.044758886383827835,0.04342549965525302,0.05008013048904158,0.07597712562277212,57.2802947990997,56.051022772147334,56.64667469603813,57.29907215110717,54.53937953619465,57.31232942663433,53.21289898796264,56.309581524273064,47.02141223487074,28.742275865025377,11.41453611308313,0.0013995678155992244,-0.0002841061249993189,0.0016836739405985436,0.0400155967608387,0.0450967999999997,0.050178003239160704,-0.0027340000000000003,89.71086739780667,46.3828790751653,47.5874191250525,38.070105193600284,2.9136029411766113,1.9999999999700813e-05,50.46545523536973,0.042976,8.849125093075205,1
2019-03-06,0.046907,0.047966,0.046336,0.046759,0.046759,5514229.0,42,0.19422811615128927,0.046323928571428516,0.04517595238095215,0.04576859999999959,0.046454166666666775,0.044191538461538254,0.046427153846154035,0.043322799999999904,0.045443849999999696,0.04139518000000029,0.041107429999999834,0.0707112599999998,0.04557019393533738,0.04484466669528386,0.046047673677037416,0.04574671637450298,0.04435538610243665,0.04566212412113185,0.04402615522980145,0.044949373394891856,0.04355622515896858,0.050014365528862535,0.0756863980046351,57.222162360103844,56.01175839231614,56.515363107478215,57.23287703586832,54.5087535434851,57.250392468148355,53.187473714838895,56.26821141841261,47.010333624922254,28.740892959155413,11.414455168056898,0.001391330272066338,-0.00023387493482576434,0.0016252052068921024,0.04096873093545278,0.045443849999999696,0.04991896906454661,0.0008309999999999983,78.77242349630663,60.87750273823565,54.70298368933068,45.30700774378502,2.3753516904202874,-0.00076400000000032,50.83280018556128,0.046779,-0.04275422732422651,0
2019-03-07,0.046823,0.048264,0.046712,0.047523,0.047523,6988307.0,56,0.19400989900312493,0.046505428571428524,0.04554285714285691,0.04597479999999959,0.04628833333333344,0.04448176923076903,0.0465363846153848,0.04367009999999991,0.045803099999999694,0.04155618000000029,0.04112688999999983,0.0703848549999998,0.0458305680772924,0.045088151541167146,0.04653944911802495,0.046019990778425605,0.04459002416892282,0.045927963532398725,0.04425175811820136,0.045194480690616434,0.043711784956656084,0.04996503155799397,0.07540616518866858,58.928181195608275,57.21128851434981,60.69223881756925,59.18421277813454,55.50002706989929,59.070055677755185,54.054036183675,57.520029445471316,47.49236531770868,28.872928585753318,11.438565654251835,0.0014299666095027865,-0.0001561908779114528,0.0015861574874142393,0.04194240113229,0.045803099999999694,0.04966379886770938,-0.00014600000000000032,87.61697860962568,85.36675650124631,61.10760786628559,54.4660035602229,11.995468064013732,0.0012109999999996984,49.09096247307087,0.046759,1.633910049402254,1
2019-03-08,0.047573,0.047905,0.04593,0.046312,0.046312,4445311.0,54,0.19387068599998344,0.046520357142857086,0.0458273333333331,0.04606979999999959,0.046320333333333435,0.04472049999999979,0.04629015384615403,0.04400293333333324,0.046054049999999694,0.04169882000000029,0.041083989999999834,0.07009893999999979,0.045894759000320084,0.04519941049197013,0.04646363274534997,0.04606491527405244,0.0447175779341878,0.04598282588491319,0.044384676949285135,0.04530091110103392,0.043813754174042124,0.04989269429941983,0.0751166710076868,55.190168904553225,54.73285742097029,51.31651346407823,54.88408571188086,53.5782825123274,55.068768564077956,52.46334811541953,54.90431389670536,46.8040010087229,28.787534580080518,11.433608376341837,0.0013473373398646404,-0.00019105611803967894,0.0015383934579043196,0.0428272807521739,0.046054049999999694,0.049280819247825486,-0.0007920000000000009,67.37967914438501,77.9230270834391,67.52583319374347,61.112141583119886,0.9824660367603464,-0.0016710000000002972,46.90784172739684,0.047523,-2.5482397996759554,-1
2019-03-09,0.046244,0.048851,0.046193,0.047983,0.047983,4112605.0,55,0.19374296511858832,0.04641107142857138,0.046145904761904534,0.047071199999999584,0.04634650000000012,0.04506326923076901,0.046448230769230964,0.044358733333333226,0.046351299999999686,0.041878300000000285,0.04106780999999984,0.0698131649999998,0.046173191133610736,0.04545246408360922,0.04697008849689998,0.046360005231890516,0.044959461050173885,0.046268565044211306,0.0446168268235248,0.045556348139030686,0.0439772540103542,0.04985487857071845,0.07484668423149092,59.03215944199256,57.4005443581866,61.23281161869888,59.30407072195429,55.77268247468179,59.17785387784557,54.37763674365861,57.69182925272389,47.86749638296955,29.079855463082467,11.486804267270285,0.0014005441817166386,-0.00011027942095014476,0.0015108236026667831,0.04362589406407809,0.046351299999999686,0.0490767059359213,0.0023060000000000025,85.23809523809524,80.07825099736864,81.7436087772438,70.12568327909092,-7.832497184396309,0.0007459999999996914,46.90219638533101,0.046312,3.6081361202280116,1
2019-03-10,0.048051,0.048195,0.046566,0.047237,0.047237,5053543.0,55,0.19358595994974528,0.04650457142857138,0.04639347619047595,0.047162799999999575,0.04635758333333345,0.04531323076923055,0.046415000000000185,0.04460116666666657,0.046498949999999685,0.04197710000000028,0.04106196999999984,0.0695386949999998,0.04631503231579597,0.04561469462146292,0.04705905899793332,0.046494927503907366,0.045128167639049886,0.04640691289503826,0.044785870254265135,0.04571641022102777,0.044105087186418736,0.04980303939110026,0.07457196100530693,56.706524132179396,55.86088254837357,55.20837435835258,56.621230429798345,54.57661960271623,56.68546606254975,53.385873521375025,56.067241642347234,47.43565516829377,29.026130427220448,11.483709558574887,0.0013667598648574725,-0.00011525099024744861,0.001482010855104921,0.043929618612514834,0.046498949999999685,0.049068281387484536,0.0007749999999999978,44.74495035946602,65.7875749139821,72.75042536957565,74.00662244685428,7.840670859538977,-1.900000000029656e-05,49.658297446123655,0.047983,-1.554717295708885,-1
2019-03-11,0.047329,0.048012,0.045982,0.047256,0.047256,4231324.0,56,0.1934545348612572,0.04647507142857138,0.046534999999999764,0.04726219999999957,0.046489166666666776,0.04557715384615362,0.04642669230769249,0.0448437999999999,0.046554499999999686,0.04212058000000028,0.04104018999999984,0.0692500249999998,0.04644049467368984,0.045763904201329926,0.047124705998622216,0.046612015580229316,0.04528578485097212,0.046528211052889935,0.04494523346366738,0.04586303781902513,0.04422865239479447,0.04975260296751412,0.07430016039828895,56.75301704482096,55.892450065192826,55.3426574032022,56.67530868512601,54.602369224489976,56.73544512499827,53.40823765202561,56.10030100239433,47.4479716822634,29.029503288366513,11.484319968518665,0.0013262307292571868,-0.00012462410067818721,0.0014508548299353742,0.04396939770134605,0.046554499999999686,0.049139602298653336,0.0010019999999999962,45.39541252995552,58.459486042505596,66.07502317630545,73.52301910770828,-2.7582982702195684,-0.0025480000000003,54.62538043796243,0.047237,0.04022270677646045,0
2019-03-12,0.047334,0.050829,0.046336,0.049804,0.049804,8166363.0,56,0.1932048476804846,0.04666792857142852,0.04670923809523785,0.04771839999999958,0.04676766666666677,0.04596123076923055,0.04674415384615403,0.0451670999999999,0.04673249999999969,0.04232688000000028,0.041043029999999835,0.0689622249999998,0.0468889620505312,0.04613118563757266,0.04801780399908148,0.04710309010634788,0.04562046745460382,0.046996180902477085,0.045258702272463036,0.046238367550546534,0.044447293477351546,0.04975362073053364,0.07405641750875372,62.53410361681683,59.919601954848396,69.87596730916579,63.31880692950384,57.92407608220108,62.91531779520753,56.31276387805325,60.306243174452284,49.080011824790496,29.483401560688094,11.566511493126841,0.0014826226517440574,2.541425744694665e-05,0.0014572083942971108,0.04377411349100363,0.04673249999999969,0.04969088650899575,0.0033120000000000024,79.0773627270872,56.40590853883626,64.36709999979776,67.73084951522627,15.92356687898107,0.0011209999999997056,54.163798216924754,0.047256,5.391907905874382,1
2019-03-13,0.049869,0.051015,0.048627,0.048683,0.048683,13459375.0,54,0.1927964883175828,0.04688264285714281,0.046825380952380716,0.04819259999999958,0.04697008333333344,0.04628219230769209,0.04691500000000018,0.045487499999999896,0.0469175499999997,0.04251014000000028,0.04106525999999984,0.0686673449999998,0.04712816711046037,0.046363168761429686,0.04823953599938765,0.04734615316690974,0.04584732171722576,0.04723715505926608,0.04547962470649768,0.04647118968858973,0.04461339961549463,0.04973242032002802,0.07380394569274623,58.82728066462465,57.49990072423457,59.63058511228422,59.00631647377437,56.0503627478531,58.92732051737836,54.760796637999064,57.7502983467552,48.40541902958689,29.399850231055193,11.561764668331303,0.0014988314496839836,3.329844430949823e-05,0.0014655330053744851,0.04395719543557055,0.0469175499999997,0.04987790456442885,0.0028459999999999944,53.66580568249547,59.37952697984607,61.62432530741985,64.02214949450767,18.054054054054237,-0.002396000000000301,50.93986341875628,0.049804,-2.2508232270500472,-1
2019-03-14,0.048815,0.051595,0.048556,0.051079,0.051079,5600482.0,55,0.1926283947369172,0.047212428571428516,0.04711571428571405,0.04881179999999959,0.04735233333333344,0.04665857692307671,0.047286153846154026,0.0458321999999999,0.0471663499999997,0.04275100000000029,0.041102929999999836,0.0683922799999998,0.04765494482906565,0.04679188069220881,0.049186023999591766,0.047920437295077466,0.046234853441875695,0.04778599005079949,0.045840874725433314,0.0469100287658669,0.04486695257174974,0.04975908526418588,0.07357782683013184,63.74832638801391,61.024197546559286,70.66314572016174,64.5904871428158,58.99449815867896,64.15693298449565,57.356472559763105,61.41993184106426,49.906485469440526,29.829124883974217,11.639658928183696,0.0016855838532017775,0.00017604067826183377,0.0015095431749399435,0.04370092023098418,0.0471663499999997,0.05063177976901522,0.008102999999999999,90.80705505077492,74.51674115345253,62.73811726995579,62.90984752572445,25.28339083292277,-0.00038000000000029677,54.60257652932988,0.048683,4.921635889324816,1
2019-03-15,0.051038,0.052033,0.050323,0.051459000000000005,0.051459000000000005,3068452.0,55,0.1925370229860798,0.04758421428571424,0.047370761904761666,0.04965619999999959,0.04782083333333344,0.047020923076922856,0.04766823076923096,0.04620103333333323,0.0472636499999997,0.04300724000000028,0.04118556999999984,0.06809155999999979,0.04816215218519023,0.047216164265644366,0.04994368266639451,0.04846483155737325,0.04662182726099602,0.048310705757828136,0.046203334420566636,0.04734326412149862,0.04512546423560269,0.0497927469421228,0.0733577390009763,64.46993849982215,61.55390362080148,72.11356922122377,65.40027867147617,59.44197084185173,64.91981918748657,57.7537200975076,61.969993689694206,50.14114332402274,29.897403056200535,11.652061868385287,0.0018430042963772306,0.0002667688971498294,0.0015762353992274012,0.04343098022695086,0.0472636499999997,0.051096319773048536,0.004680000000000004,90.51396463394484,78.32894178907175,71.89192012485155,65.4181209007424,28.23740031465324,-0.00017500000000028604,58.03025043754772,0.051079,0.7439456528123278,0
2019-03-16,0.051565,0.05229400000000002,0.051118,0.051634000000000006,0.051634000000000006,2819823.0,54,0.1924534025525393,0.047951499999999946,0.04747176190476167,0.05053179999999959,0.04854233333333344,0.047303615384615166,0.04811415384615403,0.0465948999999999,0.047548949999999694,0.04326792000000028,0.041337549999999834,0.0677512249999998,0.04862506522716487,0.04761778569604034,0.05050712177759634,0.04895239593316197,0.04699309931573705,0.0487854620781384,0.04655369994182041,0.04775190563373685,0.04538070093224573,0.049829207398714416,0.07314158239400141,64.81551533470648,61.80434820885133,72.85522640240465,65.79059378811753,59.65253551621507,65.28625273664908,57.940173562850845,62.23038997550376,50.25061353274498,29.929116135646,11.657801129512324,0.001959296617424923,0.00030644897455801737,0.0016528476428669054,0.04330723919944311,0.047548949999999694,0.05179066080055628,0.004875000000000011,88.9224572004026,90.08115896170744,80.59732905894097,71.74245548458276,27.991290146978965,0.0006449999999997152,56.34234776169176,0.051459000000000005,0.34007656580967716,0
2019-03-17,0.051596,0.051709000000000005,0.050753,0.050989,0.050989,2109063.0,58,0.1923906882523476,0.048319499999999946,0.04771276190476167,0.05076879999999958,0.04889316666666677,0.04748992307692285,0.04873053846153864,0.04694993333333323,0.0477149499999997,0.043519000000000266,0.04148911999999985,0.0674131149999998,0.04894025653020955,0.047924259723673035,0.050667747851730886,0.049265719635752436,0.04728909195901579,0.04910025320983291,0.046839848332670714,0.04806020033528572,0.045600634229020415,0.04985217358883889,0.07292115868858846,62.41809564881319,60.28794418658771,65.18732774418531,62.95492030965863,58.4902725572177,62.6871796842161,56.9823523173681,60.623953315882524,49.83923010418255,29.87879962749917,11.654996603674226,0.0019766276767366475,0.00025902402709579355,0.001717603649640854,0.0432022559289689,0.0477149499999997,0.052227644071030505,0.003465999999999997,65.08828250401244,81.5082347794533,77.79951301432602,76.76292073270618,28.06100217864936,4.799999999970106e-05,56.10851801713067,0.051634000000000006,-1.2491768989425722,-1
2019-03-18,0.051027,0.05172,0.050281,0.050941,0.050941,8694947.0,56,0.19213241547375792,0.04888842857142851,0.047868571428571184,0.05122039999999959,0.04924166666666677,0.0476705769230767,0.04905069230769248,0.047271533333333234,0.047906799999999694,0.04378626000000027,0.041626199999999836,0.0671004699999998,0.04920702232618161,0.04819850883970276,0.050758831901153934,0.04952345507640591,0.04755960366575536,0.04936321703699964,0.04710443876282098,0.04833456220811565,0.045810060337686274,0.04987373450787178,0.07270245064193584,62.234551139821214,60.172842593634826,64.58034162552872,62.736918935812426,58.40233434455692,62.48781039632306,56.910006193299274,60.50191364801514,49.80827810911455,29.87502453349907,11.654786905463435,0.0019638514106505513,0.00019699820880775745,0.0017668532018427934,0.043182195929728606,0.047906799999999694,0.05263140407027078,0.004629000000000001,63.804173354734786,72.6049710197166,79.82718654877387,79.40800954068028,51.23174889046134,3.899999999970593e-05,56.03840549956902,0.050989,-0.09413795132283687,0
2019-03-19,0.051067,0.051272000000000005,0.050268,0.050902,0.050902,6223841.0,56,0.1919479048597538,0.049182928571428516,0.04804942857142833,0.051184999999999585,0.0495232500000001,0.04789826923076901,0.0493693846153848,0.04756699999999989,0.0481680499999997,0.04410198000000027,0.04175170999999985,0.0667649849999998,0.0494330193493574,0.04844428076336615,0.050806554600769285,0.049735538910805004,0.04780718857940311,0.04958304317457112,0.04734944271360673,0.04857908009305702,0.04600974424601231,0.04989409620078522,0.0724855307350509,62.07564571601284,60.07521491828264,63.999315678834,62.54627785227214,58.32834189485382,62.31439965502192,56.84940730664421,60.39818628685237,49.782655761124296,29.871927309530754,11.654615679364607,0.0019283503314018945,0.0001291977036472808,0.0017991526277546137,0.0433851169437232,0.0481680499999997,0.0529509830562762,0.002918999999999998,31.293188548864226,53.39521480253713,67.92441324839174,75.18370427049722,34.9910888568278,0.00014199999999969792,50.47634351146865,0.050941,-0.07655915667144075,0
2019-03-20,0.050871,0.05116,0.049941,0.05076,0.05076,7056134.0,55,0.19173901592329695,0.04946871428571424,0.04829147619047595,0.05104519999999959,0.04989391666666677,0.04807738461538438,0.0496183846153848,0.04778286666666656,0.04838294999999969,0.04437236000000027,0.04189100999999985,0.0663898249999998,0.04960995010277641,0.048654800693969234,0.050791036400512864,0.049893148309142696,0.048025915351299166,0.0497511798639181,0.04756947866756758,0.048786786750861115,0.046196028785384376,0.049911242810670664,0.07226935629987627,61.46342101301315,59.70571406956521,61.578674008660535,61.80546917178393,58.05025821031128,61.643624031791106,56.622562048628815,60.004886354144745,49.68772860936572,29.860542988011407,11.653989166441367,0.0018672329578435234,5.4464264071127757e-05,0.0018127686937723954,0.04353696220869704,0.04838294999999969,0.05322893779130234,0.0035229999999999984,34.806629834253826,43.301330579284254,56.78294628845354,68.17818202853971,33.607727845443364,0.0011709999999997,58.35060622724785,0.050902,-0.2789674276059917,0
2019-03-21,0.050805,0.051641,0.049032,0.049589,0.049589,8947763.0,62,0.19147401663853086,0.04961628571428566,0.04844038095238072,0.05063619999999959,0.0500277500000001,0.04808030769230746,0.04987046153846172,0.04789766666666656,0.048549699999999696,0.04461400000000027,0.042024219999999855,0.06602340999999981,0.04960715675573956,0.04873972790360839,0.05039035760034191,0.04984635626158228,0.04814169939935108,0.049728011311929804,0.047699770366434184,0.04886318801268386,0.04632908648007519,0.0499048617649148,0.07204368111281283,56.53676403947379,56.693239973318654,44.80771860925619,55.891475880230274,55.773168389387514,56.264895713704945,54.76055800967064,56.80214016047428,48.90336070052122,29.766059660188304,11.648799399494045,0.001704656862231195,-8.648946523296037e-05,0.0017911463274641554,0.04378330212807853,0.048549699999999696,0.05331609787192086,0.0023330000000000017,20.72172619047624,28.940514857864738,43.142800086468256,55.950053207771184,16.780376868096393,-0.0015460000000002974,47.78083437810624,0.05076,-2.3069345941686303,-1
2019-03-22,0.049602,0.051873,0.049206,0.051135,0.051135,7285329.0,56,0.1912599732092968,0.049960785714285666,0.048672809523809285,0.05066539999999958,0.05035258333333344,0.0482805769230767,0.05011292307692326,0.04806069999999989,0.048781849999999696,0.04489568000000027,0.042158829999999856,0.06567232499999981,0.04981086918830762,0.04895747991237126,0.05063857173356127,0.050044609144415775,0.04836342536976952,0.04992900969593983,0.04792139808472876,0.049079551059094915,0.04651755367693498,0.04992922093788679,0.07183563453457588,60.96293854184442,59.51826635602811,61.44392040860343,61.201360860888755,58.03029012935414,61.0918116254765,56.70297381925208,59.77818495871441,49.966965486134065,30.061146578572746,11.700972641191218,0.0016811837746462527,-8.797004225432215e-05,0.0017691538169005746,0.043985252948604316,0.048781849999999696,0.05357844705139509,0.0013309999999999989,74.02323125659973,43.18386242710991,44.92978983698572,48.28517873730252,38.13552621175009,-0.0027940000000002962,50.7912260699977,0.049589,3.117626893060965,1
2019-03-23,0.051033,0.05458,0.050953,0.053929,0.053929,11411984.0,50,0.1909317361031554,0.05038549999999995,0.04902695238095214,0.05126299999999958,0.050908666666666776,0.04852134615384592,0.050627692307692485,0.04835893333333322,0.04918644999999969,0.04520730000000027,0.042335809999999856,0.06533077999999981,0.05035995329653327,0.049409436283973866,0.05173538115570751,0.05064220773758258,0.048775690157194,0.050500436882234136,0.04830898530506885,0.04954140333918112,0.046808198630780666,0.0500084244836712,0.07165745906657013,67.39278147226341,63.9683781732139,76.68486589425653,68.60164646338261,61.698793627133945,67.97161730045183,59.91695289593457,64.42853075834354,51.81584773321116,30.59342860300336,11.795576468385196,0.0018665175803885762,7.789101079040055e-05,0.001788626569598175,0.0440805840453217,0.04918644999999969,0.05429231595467767,0.005246000000000001,88.26604181687098,61.003666421315614,49.822163529412954,45.96491781762233,43.18082788671049,0.0012519999999996976,56.756503547977,0.051135,5.463967928033631,1
2019-03-24,0.054075,0.054075,0.052118,0.052677,0.052677,6232115.0,44,0.19075288697711068,0.050774071428571384,0.049352666666666434,0.05161799999999959,0.05114808333333345,0.048735692307692084,0.051044692307692485,0.04857806666666655,0.04967149999999969,0.045487560000000274,0.042507629999999866,0.06507980999999981,0.0506688928569955,0.049706487530885336,0.05204925410380501,0.05095525270103141,0.04906467607147593,0.050811374470486406,0.04859079270474182,0.04984003159259244,0.04703834770408339,0.05006126756320246,0.07146859877735054,62.45394894270257,60.829273734740134,63.2422056353518,62.78799935312645,59.287316712118006,62.62764891338567,57.92592953921685,61.10450747131176,50.955212494020856,30.48841213705511,11.789887854600249,0.0018905766295554821,8.156004796584576e-05,0.0018090165815896364,0.04525286365405915,0.04967149999999969,0.05409013634594023,0.0015980000000000024,65.6993511175199,75.9962080636635,56.703396043144075,50.48511646984759,38.10591202017396,-0.006550000000000293,56.11199946420757,0.053929,-2.321570954403007,-1
2019-03-25,0.052628,0.071774,0.052167999999999985,0.059227,0.059227,100289617.0,46,0.18810274513683053,0.05162914285714281,0.050126523809523565,0.05331139999999959,0.05202675000000012,0.04925684615384592,0.05176953846153865,0.04890186666666655,0.05029389999999969,0.04592442000000028,0.042741719999999865,0.0648544799999998,0.0518099738093961,0.050571988664441216,0.05444183606920334,0.05222782920856504,0.049817440806922166,0.05201360668898835,0.04927699962701655,0.05073402858377411,0.04751633406862914,0.05024276721541628,0.07134679182434207,73.38634998014521,69.13152626096749,82.5005337118878,74.86186349943551,66.41812505065457,74.10009640862164,64.33313916661014,69.69358720619344,54.948266347565315,31.726747249961978,12.012992626077349,0.002410388401642885,0.0004810974560425989,0.0019292909456002864,0.04434793209952653,0.05029389999999969,0.05623986790047285,0.007767999999999991,44.82895083985575,66.26478125808218,58.70786024426447,55.07780660560718,57.53352237227873,-0.0003790000000002819,46.179952786022405,0.052677,12.434269225658268,1
2019-03-26,0.059007,0.062344,0.056224,0.059605999999999985,0.059605999999999985,28698517.0,43,0.18735452527972365,0.05232928571428567,0.050737333333333114,0.05531479999999959,0.052737333333333435,0.04976238461538439,0.05260976923076942,0.04935779999999989,0.0509362499999997,0.046368180000000266,0.042984759999999865,0.0646329949999998,0.052849443968143284,0.05139326242221928,0.05616322404613555,0.053362932407247335,0.05054251926566866,0.05309823430484716,0.04994338674785419,0.05157897824246229,0.047990438614957415,0.050428177765606055,0.07122996802509489,73.85824688675774,69.52309362907691,83.11479702611945,75.3629491896139,66.76787325912973,74.58623188449033,64.65496519525087,70.09480593103909,55.163713139197206,31.797753886204212,12.025931876889675,0.00282041314157868,0.0007128977567827153,0.002107515384795965,0.04391895623839786,0.0509362499999997,0.05795354376160153,0.007971999999999979,46.08294930875569,52.20375042204376,63.78010486792035,59.73045371844297,52.59147977250793,-0.0022680000000003114,46.40487382682468,0.059227,0.6399108514697494,0
2019-03-27,0.059577,0.061874,0.059191,0.061874,0.061874,12702330.0,44,0.18703020000129766,0.05327149999999995,0.05145709523809501,0.057462599999999586,0.05360525000000009,0.05036315384615361,0.05344015384615403,0.04983129999999989,0.051653799999999694,0.04686358000000028,0.04321579999999986,0.0644426849999998,0.05405271810572418,0.052346056747472065,0.058066816030757036,0.05467232742151698,0.05138188820895247,0.05435191511844042,0.050713103731863586,0.05255945650508493,0.04853489200260613,0.05065482771084158,0.07113687381588997,76.52683421108503,71.76820099635295,86.5141307713497,78.18232710263166,68.78794668276957,77.32860157536248,66.52284571162336,72.3913997267695,56.435360401944436,32.22379431310573,12.103669495258785,0.0032904392125645138,0.0009463390622148392,0.0023441001503496746,0.04329868186862367,0.051653799999999694,0.060008918131375724,0.010885,52.45185149608567,47.787917214899025,59.46582891581754,60.65126467600079,66.67172100075837,0.002759999999999707,49.91582336240897,0.059605999999999985,3.8049860752273457,1
2019-03-28,0.06168,0.061829,0.058567,0.059114,0.059114,17524310.0,49,0.18658144661949752,0.053845428571428516,0.05200904761904738,0.058499599999999576,0.054228583333333434,0.050848615384615166,0.05402900000000018,0.05023163333333322,0.052293899999999685,0.04731932000000028,0.04341360999999986,0.0642306699999998,0.05472755569162762,0.052961324315883705,0.058415877353838026,0.055355661664360525,0.051954637230511545,0.05503221295866322,0.051255097039485296,0.053183698742695885,0.04894975898289609,0.05082233607300314,0.07101724323065724,67.53762022393506,65.60673472582755,66.85834466167805,67.93344800132807,63.8807289203042,67.74778060157676,62.37755049014007,65.92255232123141,54.51612517943625,31.9782700002354,12.090603075272002,0.00340102443384898,0.0008455394267994445,0.002555485007049536,0.04370365839076431,0.052293899999999685,0.060884141609235075,0.008173,35.592185592185594,44.70899546567563,48.93105767088047,57.39233048487281,39.87790957367631,-0.0008580000000003031,47.92678221794832,0.061874,-4.460678152374175,-1
2019-03-29,0.059164,0.06029,0.058865,0.059972,0.059972,12934141.0,50,0.1862519300537714,0.054453499999999946,0.05265952380952358,0.0599585999999996,0.05497716666666678,0.051392269230769005,0.0546703846153848,0.05070813333333322,0.052893349999999686,0.04777258000000028,0.043622779999999854,0.0640309499999998,0.055426814932743936,0.053598658468985184,0.058934584902558686,0.05606586756215121,0.05254851595417736,0.055737896821711326,0.051817477875647534,0.053830203624343896,0.04938200372866487,0.05100351753690406,0.07090734031293926,68.75987613843688,66.54220695162921,69.44778287365885,69.28925670300762,64.69382574854124,69.03228222703389,63.1158674847567,66.88835454415575,55.001362995484676,32.14061067775862,12.120242698145773,0.0035173516079738537,0.0007694932807394548,0.002747858327234399,0.04390568890797804,0.052893349999999686,0.061881011092021335,0.009070000000000009,39.80414158930943,42.61605955919355,43.75201576523837,50.716300783978795,41.27114946429456,0.0001309999999997008,47.77794513213042,0.059114,1.4514328247115627,1
2019-03-30,0.060037,0.063862,0.059556,0.059841,0.059841,8922228.0,57,0.18602808204066035,0.05503971428571424,0.05322419047619024,0.0600813999999996,0.05571883333333345,0.05204092307692286,0.05535130769230789,0.05115409999999988,0.053523549999999684,0.04817012000000029,0.04380236999999985,0.0638254149999998,0.05601537294171141,0.054166144062713806,0.05923672326837245,0.0566466571679741,0.05308869995757163,0.056324054418609715,0.05233512446431544,0.054402660422025434,0.04979216044518781,0.05117851718963863,0.07079722747400452,68.33895825427415,66.25396528640735,68.46765650550131,68.80805016651883,64.46373815616849,68.58316340417808,62.9210552440556,66.58581914730239,54.910133795740755,32.12878627042605,12.119615685513038,0.0035579572104024733,0.0006480791065344597,0.002909878103868014,0.04443882307192572,0.053523549999999684,0.06260827692807365,0.009081,47.35532862005754,40.917218600517494,44.25729132127872,45.64678825246589,39.87271048923883,9.999999999969755e-05,42.118742680046225,0.059972,-0.21843526979257177,0
2019-03-31,0.059841,0.05988200000000001,0.058566,0.059741,0.059741,6391390.0,56,0.18586605897401506,0.05566485714285711,0.05381961904761882,0.0601083999999996,0.056455416666666786,0.052539461538461334,0.05602823076923096,0.05160366666666656,0.05414779999999969,0.048565400000000286,0.04398502999999985,0.0636330049999998,0.05651212321614989,0.05467294914792164,0.0594048155122483,0.0571227099113627,0.053581462923677436,0.056812189501665465,0.0528129228859725,0.05491107371516586,0.050182311015964765,0.051348071304695285,0.07068721526033285,67.9985080456511,66.02524658334282,67.59379925165156,68.41512616496854,64.28250307566677,68.21830584957465,62.768232943955326,66.34529768654079,54.839309662451114,32.11967568074532,12.119134700711806,0.003541246987685265,0.0005050951070538008,0.003036151880631464,0.045161155040904497,0.05414779999999969,0.06313444495909487,0.010151999999999994,22.186555891238577,36.44867536686849,39.478012637775315,42.49577324143081,43.677013674019534,-0.002052000000000304,43.953027514402265,0.059841,-0.1671095068598416,0
2019-04-01,0.059699,0.061871,0.059191,0.061793,0.061793,7350161.0,62,0.18568252786123496,0.05643999999999996,0.05451185714285691,0.0600921999999996,0.05737483333333345,0.053117692307692095,0.05686600000000019,0.05211369999999989,0.054747249999999685,0.048999160000000284,0.04417203999999985,0.0634246099999998,0.05721624012066324,0.05532022649811058,0.060200877008165524,0.05784121607884536,0.05418972492933096,0.0575237338585704,0.053392282699780726,0.05556649526610245,0.050637632152593585,0.05155490157588945,0.07059871560600119,71.15756694700805,68.37237638754846,75.34295870569224,71.97296248666649,66.30136607016138,71.56158925235337,64.59176263058586,68.77545745032846,56.026438716257715,32.51627316679702,12.191000945026893,0.0036514911495144006,0.0004922714151063493,0.0031592197344080517,0.045388857540777226,0.054747249999999685,0.06410564245922216,0.010657999999999994,60.93277945619321,43.49155465582975,41.17419822979681,41.63650072961696,49.23328191634169,-0.00628400000000031,51.977774219169255,0.059741,3.4348270032306116,1
2019-04-02,0.061807000000000015,0.068502,0.061296,0.068077,0.068077,20361693.0,60,0.18519720348662697,0.05766678571428568,0.05538199999999977,0.0618847999999996,0.058915500000000114,0.05390823076923056,0.05819807692307712,0.05285503333333322,0.05571694999999969,0.049579280000000295,0.04441380999999985,0.0632172199999998,0.058664341437908135,0.05647993318010053,0.06282625133877702,0.059415952066715315,0.055218411971602745,0.05903134330734605,0.05433968381592391,0.05675797190742603,0.05132152893092325,0.051882071841713416,0.07057362390842903,78.21402226691212,74.11046500348476,86.87584338940319,79.59746964999663,71.43584572867628,78.8864692838192,69.34320246091914,74.65924234637043,59.36313409283157,33.714136199112794,12.411447266907391,0.004197540095112563,0.0008306562885636097,0.0033668838065489537,0.045073410670296486,0.05571694999999969,0.06636048932970287,0.014147999999999999,95.72262479871179,59.613986715381174,53.20028607110205,44.61749897955806,60.71693710891946,-0.005267000000000299,60.71465530204954,0.061793,10.169436667583698,1
2019-04-03,0.068189,0.077748,0.068189,0.073344,0.073344,28987266.0,71,0.18455397717840302,0.059279928571428525,0.0565563333333331,0.0645591999999996,0.0607662500000001,0.05494792307692287,0.060025384615384814,0.05386729999999989,0.056830199999999685,0.05023140000000029,0.04468825999999984,0.06299469499999981,0.06062162924618706,0.05801303016372776,0.06633216755918467,0.061558728671836024,0.05656104812185439,0.061076008549153765,0.05556576873102559,0.0583375936305283,0.05218515524735764,0.05230706051811513,0.07060118983968844,82.13836017681628,77.66806822457617,91.07468128675669,83.6389091842469,74.78041119516651,82.86922768036642,72.53521580314747,78.26386256958435,61.838704828132,34.69543253343949,12.59628342557585,0.004997680549981641,0.0013046373947461498,0.0036930431552354907,0.043832068837171,0.056830199999999685,0.06982833116282837,0.020667000000000005,77.04097591492028,77.89879338994173,60.64765293622422,51.6740457457077,67.59248174308645,0.002648999999999707,56.865452369159506,0.068077,7.736827416014225,1
2019-04-04,0.073101,0.073906,0.069428,0.07069500000000001,0.07069500000000001,13515324.0,61,0.18425191807025354,0.06078749999999995,0.057490428571428324,0.0667299999999996,0.062163416666666776,0.05582146153846133,0.0615300000000002,0.05466449999999989,0.05779199999999969,0.050837420000000286,0.04498863999999983,0.0627587899999998,0.06196474534669545,0.059165936512479776,0.06778644503945645,0.06296430887616895,0.05760800752023555,0.06245015018498894,0.056541848167733624,0.059514489475239886,0.052911031512167146,0.0526711781316178,0.0706021232741194,74.87087564506308,72.42434386119432,76.3351932329662,75.49130822431795,70.47081404185897,75.18728883076359,68.81165057057439,72.79555750594443,59.96470457876528,34.43646943092447,12.58286184342963,0.005356301355933409,0.001330606560558334,0.004025694795375075,0.043669223174497486,0.05779199999999969,0.07191477682550189,0.011468000000000013,63.23115420706917,78.66491830690039,63.822818053626534,59.22358568698428,60.49297793063928,-0.003526000000000307,56.63438005109894,0.073344,-3.6117473821989488,-1
2019-04-05,0.07079500000000001,0.07422100000000001,0.07078999999999999,0.07422100000000001,0.07422100000000001,8138417.0,59,0.1840735877466248,0.06243649999999995,0.0585743333333331,0.0696259999999996,0.0639587500000001,0.05685930769230749,0.06309092307692328,0.0555798999999999,0.058921349999999685,0.0515254800000003,0.04533366999999983,0.0625834849999998,0.06359891263380273,0.060534578647708885,0.06993129669297098,0.0646961075106045,0.05883859955577365,0.06413170015856194,0.057682438608525004,0.06091510952521705,0.05374671655090569,0.05309790727752636,0.07063813199775999,77.68646917183737,74.79709249893186,81.19607311159385,78.5100090836834,72.6495475268388,78.09768794615293,70.86854952261216,75.21578542276805,61.54683356899199,35.087818076560886,12.707286283798581,0.005857507954830851,0.0014654505275646214,0.00439205742726623,0.04333536865677447,0.058921349999999685,0.07450733134322493,0.014615000000000026,80.993695101579,73.75527507452276,75.58424589569462,66.68490562851512,62.61459180905898,0.0011029999999997153,59.431652455488226,0.07069500000000001,4.987622887050014,1
2019-04-06,0.07423300000000001,0.076226,0.072186,0.07311799999999999,0.07311799999999999,13500797.0,65,0.18378104734550646,0.06380714285714281,0.05959738095238073,0.0718909999999996,0.06511633333333344,0.0578539999999998,0.0646633076923079,0.05643306666666656,0.0600277999999997,0.052181080000000296,0.045700519999999835,0.06237331999999979,0.06486812428262903,0.06167852604337171,0.07099353112864731,0.0659917832782038,0.059896332922012636,0.06541545727876738,0.058678281278942736,0.06207728957043448,0.054506374725379975,0.0534943447571793,0.07066280730126487,74.8746721650828,72.74578713408798,75.38357149943225,75.36428350552701,70.94902386711627,75.12900475762926,69.38928239872018,73.08028734082781,60.78043265439108,34.9780285055977,12.701602639378715,0.006095450356191161,0.0013627143431399465,0.004732736013051216,0.04368913786834342,0.0600277999999997,0.07636646213165599,0.01124399999999999,71.85752492098219,72.02745807654341,77.76919498865242,72.39208631265784,54.54674663861967,-0.000564000000000342,59.72331290866622,0.07422100000000001,-1.486102316056126,-1
2019-04-07,0.07305,0.074682,0.072586,0.07368200000000001,0.07368200000000001,9677888.0,69,0.18357192975247144,0.06530749999999995,0.060677999999999774,0.0730119999999996,0.06628933333333345,0.058772384615384414,0.06577523076923096,0.0573453999999999,0.0611648499999997,0.05282886000000029,0.04603825999999984,0.062165594999999775,0.06604330771161182,0.06276975094851972,0.07188968741909821,0.06717489354309553,0.060917493446308,0.06659639195322918,0.05964626313191417,0.06318250008753595,0.05525836003026704,0.053894100306542084,0.07069284901966026,75.36320041935616,73.14038287625984,76.4193540620942,75.89920840186291,71.3056718996411,75.63893437004467,69.72320589533686,73.48447524068068,61.03350541451597,35.082931670130584,12.721663529480574,0.006257400096787526,0.001219731266989048,0.0050376688297984785,0.04433110556524823,0.0611648499999997,0.07799859443475117,0.014568000000000013,57.464169892248286,70.10512997160309,70.11750400735971,74.49031496390224,60.89994491316582,0.0009739999999996696,58.93138326192082,0.07311799999999999,0.7713558904784312,0
2019-04-08,0.073796,0.07572899999999999,0.069217,0.07270800000000001,0.07270800000000001,14550158.0,65,0.18325589602001455,0.06627042857142852,0.0617145238095236,0.0728847999999996,0.06719216666666679,0.059696423076922876,0.06678307692307713,0.058169566666666575,0.0622551499999997,0.05344226000000029,0.04636971999999984,0.061920964999999786,0.06693193335006359,0.06367322813501794,0.07216245827939881,0.0680261406903116,0.06179086430213704,0.06746947881705359,0.060488955833081,0.06408969055538967,0.055942659636923235,0.05426665277571946,0.07071290027319597,72.74603977311773,71.2734455264517,70.29021437776035,72.93633228600466,69.76958594664261,72.86066263053286,68.39183813290948,71.53682180355969,60.3475712660646,34.984484064898176,12.716591747557466,0.00623527638817456,0.0009580860467008659,0.005277190341473694,0.04539551798460484,0.0622551499999997,0.07911478201539457,0.012736000000000004,49.807390497931344,59.70969510372055,64.67078692396191,70.852495306658,46.622860107210855,0.003760999999999653,58.10510621315375,0.07368200000000001,-1.3218967997611353,-1
2019-04-09,0.07270800000000001,0.072759,0.068773,0.06894700000000001,0.06894700000000001,10088667.0,64,0.18303311010183465,0.0669376428571428,0.06257380952380931,0.07253519999999959,0.06801158333333343,0.060383653846153636,0.06732715384615405,0.05889323333333325,0.06316449999999971,0.053935520000000285,0.04666164999999983,0.06162991999999979,0.06720060890338844,0.0641526619409254,0.07109063885293254,0.06816781135334059,0.06232094842790465,0.06768055327176023,0.06103463610191447,0.06455229145487637,0.0564526337688086,0.054557352720754716,0.07069532912619901,63.60731291352327,64.60274771131834,51.2454024771202,62.697854159514684,64.22192920603817,63.206393718086034,63.54988818956921,64.59535791027037,57.7895284506369,34.60575955269882,12.696947905095653,0.0058468629254359245,0.00045573806716978337,0.00539112485826614,0.046966526150104236,0.06316449999999971,0.07936247384989517,0.00910600000000001,2.3346303501946526,36.53539691345804,52.491482152587004,62.42659102796953,28.922190915565018,-0.002358000000000332,48.902809642691686,0.07270800000000001,-5.1727457776310715,-1
2019-04-10,0.06897400000000001,0.072907,0.06868099999999999,0.071305,0.071305,8199258.0,62,0.18285397929774305,0.06761128571428568,0.06355214285714264,0.0719519999999996,0.06895600000000011,0.06114696153846134,0.06826492307692328,0.059694866666666575,0.0642502999999997,0.05443872000000029,0.046993139999999836,0.06137002999999978,0.06774786104960331,0.06480287449175037,0.07116209256862169,0.06865045576051895,0.06298643372954135,0.06819833137579448,0.06169724022437161,0.06519540655441196,0.05703507950336512,0.054888989300541764,0.07070139550305274,66.43941891338768,66.65271907707205,59.50098927590289,65.94481672675374,65.98297499633897,66.22781053892267,65.14841336323714,66.72114409814625,58.903548422774676,35.05098741580861,12.781840373399275,0.0056640220309776,0.00021831773816916811,0.005445704292808432,0.04900029567075774,0.0642502999999997,0.07950030432924167,0.011563999999999998,34.77799867461892,28.97333984091492,43.24834286719501,53.47020398124796,29.11970852502552,0.007785999999999654,48.40135496347765,0.06894700000000001,3.4200182749067887,1
2019-04-11,0.071109,0.071424,0.061169000000000015,0.063519,0.063519,10909257.0,65,0.1826046577497283,0.06792592857142853,0.06421547619047598,0.07003219999999959,0.0692625000000001,0.06160407692307673,0.06853776923076943,0.06015203333333325,0.06486949999999972,0.054784220000000286,0.04723205999999983,0.06106488999999979,0.06718401290965621,0.06468615862886397,0.06861439504574779,0.06786100102813143,0.06302588308290866,0.06752985546496669,0.06181477311312183,0.06503574878732511,0.05728935089539002,0.05505988060152113,0.07062992888113181,52.09649464801127,55.52852908296074,35.609273807253594,50.286980944814,56.454689388049495,51.25962940824922,56.66880647922264,55.22493874089871,54.09513549210935,34.27279966513812,12.740728180254544,0.004835117945222761,-0.0004884690780685369,0.005323587023291298,0.050910703226344216,0.06486949999999972,0.07882829677365523,0.0017260000000000122,16.140109890109855,17.75091297164109,32.10485986102053,42.61489496026749,11.77398230561578,3.899999999967818e-05,44.5718245628151,0.071305,-10.919290372344136,-1
2019-04-12,0.063465,0.06395,0.060328,0.06348,0.06348,5423842.0,42,0.1824781589896043,0.06817649999999996,0.06480333333333313,0.06799179999999957,0.06957408333333344,0.06208449999999981,0.0688176923076925,0.06064526666666657,0.06534704999999971,0.05515418000000029,0.04744870999999984,0.06079449499999979,0.06669014452170205,0.0645765078444218,0.06690293003049852,0.06718700086995735,0.06305952137306357,0.06695130468425718,0.06192220710582365,0.06488758223615129,0.05753212144851199,0.05522661563911477,0.07055878531017527,52.036206639169166,55.479939843434565,35.523536311605866,50.22227268152319,56.41231558688504,51.19721141097671,56.63065476070922,55.17493846595306,54.07258335015585,34.268950588837924,12.740521889035056,0.0041274794968937795,-0.000956886021118015,0.005084365518011794,0.05234338148968652,0.06534704999999971,0.0783507185103129,-0.004597000000000004,20.46620349327964,23.79477068600275,24.7052665812268,33.35282310314742,9.586270973383657,0.0008989999999996777,44.42434686443177,0.063519,-0.06139895149485097,0
2019-04-13,0.063579,0.06456100000000001,0.061778,0.062581,0.062581,5642435.0,62,0.18234726896459505,0.06837221428571426,0.06521533333333313,0.06596639999999958,0.0696397500000001,0.06253219230769212,0.06903615384615404,0.06102866666666658,0.06584224999999971,0.05548374000000028,0.047678019999999835,0.06054809499999979,0.06614225858547511,0.06439509804038346,0.06546228668699901,0.06647838535150237,0.06302407534542924,0.066326975443649,0.061964709873189874,0.06466790773747022,0.057730116685825235,0.05537224701259765,0.07047940436181532,50.590274917706424,54.33184735586765,33.30535005490681,48.65868674510727,55.41662821090986,49.6950141877641,55.73683922340962,53.99176330237196,53.54769657104053,34.17958092387225,12.735744704868694,0.00345431000607313,-0.0013040444095509312,0.004758354415624061,0.05418558685239877,0.06584224999999971,0.07749891314760066,-0.010763000000000009,17.910803720486513,18.17237236795861,18.32594922573784,25.045358555995026,7.333654515282978,-0.0008520000000003247,45.55452816398921,0.06348,-1.4161940768745995,-1
2019-04-14,0.062611,0.064305,0.060855999999999986,0.063433,0.063433,4908566.0,51,0.18223353236363868,0.06863592857142854,0.0657275238095236,0.06486359999999958,0.0692527500000001,0.06301415384615366,0.06916230769230787,0.06142779999999993,0.06605254999999972,0.05576214000000028,0.047913399999999835,0.06029208999999978,0.06578102410741178,0.06430763458216678,0.06478585779133267,0.06600986452819431,0.06305436606058262,0.06591355038027058,0.06205943826846794,0.06455029747675878,0.05795375916873405,0.05553186588363532,0.07040929088557836,51.94613114812505,55.251248636612736,37.72755517622332,50.248952235411004,56.17785321035586,51.15766825684845,56.41058751116039,54.95302583217258,53.9795333304781,34.34347697178791,12.766898577785433,0.0029554984676116863,-0.0014422847584099007,0.004397783226021587,0.05475207994970133,0.06605254999999972,0.07735302005029812,-0.007262000000000003,24.683997138087317,21.0203347839511,22.79582258331637,21.94234613009364,9.68672928582682,0.001699999999999674,47.3198061149584,0.062581,1.361435579489001,1
2019-04-15,0.063433,0.065323,0.060498,0.061733,0.061733,9783292.0,60,0.18200683145157046,0.06863164285714284,0.06584685714285694,0.06294919999999958,0.06828516666666677,0.06343619230769212,0.06867430769230788,0.06176443333333325,0.06615889999999973,0.05607824000000027,0.04813414999999984,0.060010119999999785,0.06524128755975686,0.06407357689287889,0.06376823852755513,0.06535188537001058,0.06295648709313206,0.06531632889737478,0.0620383777350184,0.06428198343135318,0.0581019646915288,0.055654660618612836,0.07032295963298554,49.067614796457185,53.02001908748949,32.55858547092307,47.09572287642229,54.25827480508208,48.149407031756404,54.69408141612193,52.648451844455344,52.977202987502054,34.17199876994949,12.757765321285842,0.0023953982768785127,-0.0016019079593144589,0.003997306236192972,0.05507593763903624,0.06615889999999973,0.0772418623609632,-0.012488000000000006,12.662220620043287,18.419007159538978,18.372666972401237,19.83147959381845,-0.15888988930661202,-0.0007030000000003285,43.55302048348996,0.063433,-2.67999306354737,-1
2019-04-16,0.061633000000000014,0.062468,0.059028,0.062436,0.062436,9605366.0,50,0.18178284670832845,0.06822871428571428,0.06598161904761883,0.06273259999999957,0.06759691666666677,0.06393030769230751,0.06783523076923095,0.062145999999999924,0.06618699999999972,0.05637358000000028,0.048335739999999836,0.0597500949999998,0.06486724921845595,0.06392470626625353,0.06332415901837007,0.06490328762077817,0.0629179324936408,0.06490485334060696,0.06206403078437205,0.06410617548551002,0.05827192686048845,0.05578894456675912,0.07024448242270707,50.28813555944554,53.82779803816071,36.85190514172729,48.542318916603975,54.91976544526105,49.472598986266135,55.275616515575436,53.49527328300087,53.34263662468295,34.30899176611016,12.783695791441321,0.001985355127137378,-0.0016095608872444753,0.003594916014381853,0.0551470144546332,0.06618699999999972,0.07722698554536624,-0.01068199999999999,54.13820492454323,30.494807560891218,25.972285979287914,22.380258511668472,-17.528976725396888,-0.0002860000000003346,49.13331548511082,0.061733,1.1387750473814684,1
2019-04-17,0.062329,0.063737,0.060979999999999986,0.062722,0.062722,7736444.0,61,0.1816047910404879,0.06746999999999997,0.06602199999999979,0.06258099999999958,0.06663866666666678,0.06437596153846135,0.06722192307692326,0.06253869999999992,0.06636739999999973,0.056685940000000275,0.048520799999999836,0.0594920899999998,0.06458121598932849,0.06381536933295777,0.06312343934558005,0.06456770490988924,0.06290341897559333,0.06459301714909167,0.062106480411186764,0.06397434924879478,0.05844643953262616,0.055926232793159926,0.07016963185133686,50.80202807042757,54.163692938548756,38.755292049545815,49.15506005681326,55.19351483798731,50.03127850877118,55.51565415540175,53.84784675843103,53.492616452048246,34.36511652600105,12.794293336833,0.001664285934295906,-0.001544504064068758,0.003208789998364664,0.05570251322833504,0.06636739999999973,0.07703228677166439,-0.010960000000000013,58.681493248609975,41.82730626439878,33.61534393035398,25.98676562734768,-39.05147058823521,-0.0003990000000003435,48.757602462997454,0.062436,0.4580690627202344,0
2019-04-18,0.062327,0.064591,0.061486,0.06312100000000001,0.06312100000000001,8173030.0,64,0.1814181866852051,0.06692899999999999,0.06621280952380931,0.06268899999999958,0.06580558333333345,0.06472949999999981,0.06636807692307711,0.06294599999999992,0.06652484999999972,0.05703482000000028,0.04871832999999984,0.0592365149999998,0.0643865205240847,0.06375224484814343,0.06312262623038671,0.06434513492375242,0.06291953608851235,0.06438272898493573,0.06217193328788439,0.06389307789176671,0.058629755629385924,0.05606870343091914,0.07009949621102506,51.55066312723192,54.64591764423734,41.69729844631016,50.053930530918166,55.58426675049007,50.84780495708806,55.8571946607689,54.354772191185255,53.704384072720025,34.444036876819965,12.809147611621418,0.0014255988352400856,-0.0014265529304996628,0.0028521517657397483,0.0561690099639414,0.06652484999999972,0.07688069003605805,-0.009586999999999998,65.01985702938852,59.27985173418051,43.03715459213438,34.20826150059205,-30.35671342685357,-0.00030700000000033484,55.996175390728,0.062722,0.6361404291955086,0
2019-04-19,0.062577,0.064377,0.061232,0.063428,0.063428,7409753.0,61,0.18124943982009886,0.06615807142857141,0.06637738095238074,0.06268799999999956,0.06495108333333345,0.06514299999999981,0.06562269230769249,0.06336826666666659,0.06670419999999973,0.057374140000000275,0.04892790999999984,0.058993599999999785,0.06425871778754008,0.06372276804376674,0.06322441748692448,0.06420403724317514,0.06295720008195588,0.0642463391299449,0.06225296984995636,0.0638487847592175,0.05881792207529235,0.05621443207585143,0.07003311316414919,52.15090377518178,55.02729744623756,44.173369956028026,50.779243176962844,55.89161959908403,51.504440156134024,56.125023797194785,54.75625361050086,53.86923596967095,34.505236355313976,12.820630517714248,0.0012468371612192608,-0.0012842516836163902,0.002531088844835651,0.056718109049935475,0.06670419999999973,0.07669029095006398,-0.00551900000000001,69.89674344718023,64.53269790839285,52.07970385395297,42.9107341254804,-49.66637522433383,0.0009509999999996467,53.817304359899644,0.06312100000000001,0.48636745298709094,0
2019-04-20,0.063183,0.064887,0.059546,0.062477,0.062477,7051406.0,62,0.1810883395918054,0.06539799999999997,0.06650290476190454,0.06283679999999958,0.06409850000000011,0.06526799999999981,0.06476076923076943,0.06379786666666658,0.06684099999999972,0.05769860000000027,0.049178049999999834,0.05874491999999978,0.06402115541586806,0.06360951640342431,0.06297527832461633,0.06393833920576357,0.0629216297055147,0.06399357639709563,0.0622674234080237,0.06371813859167297,0.058961415327241674,0.056338443321874175,0.06995792795853578,50.091201818637934,53.56554981357276,38.15056420191513,48.419584232434,54.67454241484735,49.307001987074884,55.05576393414986,53.23330604433072,53.269889172342786,34.404747613031056,12.815376150141294,0.0010167095002488883,-0.0012115034756694102,0.0022282129759182987,0.05718711242747459,0.06684099999999972,0.07649488757252483,-0.008827999999999996,58.86670080218466,64.5944337595844,61.32059989038125,52.1458194454895,-49.31183094675365,0.0011229999999996382,55.8042003937654,0.063428,-1.4993378318723605,-1
2019-04-21,0.061841,0.065344,0.059194,0.061354,0.061354,15592843.0,62,0.18073262862715328,0.06451742857142856,0.06657971428571406,0.06262039999999958,0.06346575000000011,0.06533523076923058,0.0638873846153848,0.06413849999999993,0.06681904999999971,0.05799584000000028,0.049407139999999836,0.05850573499999979,0.06366553469375233,0.06340446945765847,0.062434852216410874,0.06354074855872302,0.06280550898658767,0.0636164940546534,0.06220849286557055,0.06349298253532318,0.059055242177153765,0.056437761275896475,0.06987231673506775,47.70729227081932,51.86127346326931,31.97317965406754,45.702729035927966,53.2525365705587,46.76943209861341,53.804961464882886,51.4587133614331,52.56546012744651,34.28566028944575,12.809146028238285,0.0007352395721353516,-0.0011943787230263574,0.0019296182951617086,0.05711496980606461,0.06681904999999971,0.07652313019393482,-0.002165000000000007,35.12195121951214,54.62846515629228,57.51734914937502,56.9725509645697,-55.68705393441146,-0.0006020000000003661,51.262337301368895,0.062477,-1.7974614658194166,-1
2019-04-22,0.061843,0.062251,0.05882100000000001,0.061956,0.061956,10074108.0,61,0.18050210275735493,0.06374942857142855,0.06658747619047596,0.06246719999999958,0.0626866666666668,0.06533838461538442,0.06334961538461557,0.06440606666666658,0.06651299999999971,0.058318220000000275,0.049634809999999835,0.0582583699999998,0.06343759673458534,0.06327279041605316,0.06227523481094058,0.06329694108815026,0.06274258239498859,0.06337928061827433,0.06219220300327567,0.06334660324624478,0.059168997385892826,0.05654703332983911,0.0697935474143208,49.09864618177164,52.70631436804688,38.39044136197729,47.416198071519915,53.919709753360976,48.305310265338036,54.37908728742197,52.352757688290396,52.905976629079674,34.40858304303969,12.831975990022237,0.0005543586931616716,-0.00110020768160003,0.0016545663747617018,0.056592292745935135,0.06651299999999971,0.07643370725406429,-0.0015239999999999974,48.060708263069,47.34978676158853,55.39319215226683,58.07704706400767,-49.39814389414687,0.0011669999999996403,57.80724578973526,0.061354,0.9811911203833512,0
2019-04-23,0.060552,0.065072,0.059311,0.060789,0.060789,10832331.0,68,0.18025669150422446,0.06316671428571427,0.06624042857142835,0.062000799999999565,0.06245916666666679,0.0654028076923075,0.0625406923076925,0.06467646666666657,0.0658852499999997,0.05867448000000027,0.049868489999999835,0.058004749999999786,0.06308445050330727,0.06304699128732105,0.06177982320729373,0.0629111039976656,0.0625978725879524,0.06300924052994944,0.062101673777257886,0.06310302198469765,0.059232526900171535,0.0566310326698423,0.06970394992761114,46.52740451313679,50.89200861607425,31.481903093995818,44.46910966513709,52.41382692134018,45.56091207144304,53.05816052225509,50.46099253863222,52.165516767847606,34.283024289185356,12.825433444831386,0.00031323140971320496,-0.0010730679720387976,0.0013862993817520025,0.056198392188358516,0.0658852499999997,0.07557210781164088,-0.001792000000000002,30.170167101026944,37.78427552786929,48.423254166594525,53.777931822745416,-42.55163780513252,0.005165999999999643,51.272145761675795,0.061956,-1.8835948092194355,-1
2019-04-24,0.06179700000000001,0.062482,0.053287,0.055623,0.055623,12759508.0,65,0.17995776509316205,0.06204657142857141,0.0653965714285712,0.060439799999999565,0.061804416666666785,0.06523553846153826,0.061933307692307885,0.06455633333333324,0.06513164999999971,0.058851360000000276,0.050031849999999836,0.0577333999999998,0.06208959043619965,0.06237208298847369,0.059727548804862474,0.06178985722879396,0.062081215359215174,0.06195406331138524,0.061683694823886415,0.062390638938535976,0.05909097682565501,0.05661107162687513,0.06956384097310755,37.27016560776382,43.88613781724801,16.095586566290375,34.257979130493396,46.45026425388935,35.85088643725439,47.75219800458783,43.20446090573625,49.064877639893076,33.732678117270396,12.796407200155027,-0.000291358130421214,-0.0013421260097385731,0.0010507678793173591,0.0547035595097192,0.06513164999999971,0.07555974049028022,-0.007810000000000003,19.37463714025046,32.535170834782065,38.318832905208566,47.37842640802327,-71.34667879890806,0.0030829999999996555,45.360030944003384,0.060789,-8.498248038296408,-1
2019-04-25,0.055497000000000005,0.057854,0.050907,0.05254,0.05254,8548462.0,58,0.17975284231713462,0.06126235714285714,0.06453204761904739,0.058452399999999564,0.06096766666666679,0.06495473076923057,0.06109176923076942,0.06432079999999991,0.0640475999999997,0.05896698000000029,0.05018107999999983,0.0574404899999998,0.06081631171137303,0.061478257262248814,0.05733169920324165,0.06036680227051797,0.06137445866593999,0.06060919712404449,0.061093779028796966,0.061452482849151585,0.05883407577366854,0.05653045634713502,0.06939444952063882,33.06379364986378,40.4083273181604,11.922613944613076,29.829606595197678,43.39065699788039,31.531899357093273,44.978395660220244,39.63305451959551,47.35162316570313,33.40940760213065,12.779061056838046,-0.0010076563954220102,-0.0016467394197914955,0.0006390830243694853,0.053103058781474206,0.0640475999999997,0.07499214121852521,-0.009193000000000008,11.311214241185812,20.28533949415433,28.807735593008793,38.516607554937245,-63.54691207964342,-0.00043200000000036265,43.230336172465236,0.055623,-5.5426711971666265,-1
2019-04-26,0.052109,0.053687,0.050772000000000005,0.052972000000000005,0.052972000000000005,10815256.0,41,0.1794918870292896,0.06051178571428571,0.06352019047619024,0.05677599999999956,0.0600959166666668,0.06469438461538443,0.06035261538461559,0.06402406666666657,0.0630402999999997,0.05907596000000029,0.050316069999999824,0.0571465249999998,0.05977040348318996,0.060704961147498925,0.05587846613549444,0.05922914038274597,0.0607520543203148,0.05951816896346671,0.060569793285003615,0.06064481781589906,0.05860419044921095,0.056459991865013534,0.06923104206272201,34.17907332775053,41.09358630978906,15.601894403661136,31.18002774073299,43.9280889578062,32.7543770225,45.43730680438154,40.35842405545439,47.61307066448457,33.499600247467306,12.795707790231653,-0.0015229139375688221,-0.0017295975695506456,0.0002066836319818239,0.051904082554687966,0.0630402999999997,0.07417651744531142,-0.009463999999999992,15.384615384615385,15.35682225535048,24.860268426029442,30.662278974748894,-59.468024900961936,-0.0011430000000003382,43.129329559224175,0.05254,0.8222306813856051,0
2019-04-27,0.05255,0.054784000000000006,0.051791,0.054115,0.054115,6724820.0,42,0.17933154961199846,0.05990707142857143,0.06261528571428547,0.05520779999999957,0.05946108333333346,0.06439907692307673,0.059635846153846366,0.06385743333333324,0.0620619499999997,0.0592320200000003,0.05046541999999983,0.0568649599999998,0.0590163496854313,0.06010587377045356,0.055290644090329626,0.058442349554631214,0.06026042066695815,0.058746287682971465,0.06015335500855176,0.06002293040486105,0.058428143764928164,0.056413556382538026,0.06908063368398848,37.147791320607794,42.91316565074285,25.484848838644854,34.77781321498529,45.35353360999692,36.009841820742814,46.653778316023704,42.285062074728316,48.305863591112576,33.73942681526803,12.839941597817099,-0.0018180711123269371,-0.0016198037954470086,-0.00019826731687992824,0.051435818486761584,0.0620619499999997,0.07268808151323781,-0.008607000000000005,23.37762237762232,16.691150667807765,19.92365124894011,24.530551755992747,-47.25912693982353,0.0013779999999996573,44.57080421298696,0.052972000000000005,2.157743713660043,1
2019-04-28,0.052622,0.055080999999999984,0.051832,0.052737,0.052737,7460195.0,40,0.17915366698761126,0.05914307142857144,0.06161790476190453,0.05359739999999956,0.05865283333333346,0.06380907692307672,0.05894384615384636,0.06361626666666657,0.0610633999999997,0.059327100000000285,0.05060269999999982,0.05657917499999979,0.05817910306070712,0.05943597615495778,0.05443942939355308,0.057564603469303324,0.059703130247183475,0.05788781801397554,0.059674880491870995,0.059329032271064765,0.05820496165649961,0.0563407532858541,0.06891801046325226,35.10270453965393,41.301836904839256,21.79291686777247,32.55499715478945,43.954582417354565,33.880310487634446,45.39300077575089,40.6238525626784,47.53286683847261,33.59191318992003,12.8320551446406,-0.002138526777880144,-0.0015522075688001727,-0.0005863192090799714,0.050906536033110426,0.0610633999999997,0.07122026396688896,-0.010384000000000013,16.78052946199825,18.514255741411915,17.245723721134368,20.676547798701264,-58.00433839479391,0.002199999999999661,43.60659960387594,0.054115,-2.5464289014136665,-1
2019-04-29,0.052222000000000005,0.053326,0.049925,0.050537,0.050537,8356253.0,42,0.17895193118823952,0.05834335714285715,0.06056214285714263,0.05258019999999956,0.0576374166666668,0.06293188461538443,0.058028538461538666,0.06330613333333325,0.0601428999999997,0.05939310000000029,0.05068509999999983,0.0563498599999998,0.057160155985946176,0.058626978322688886,0.053138619595702055,0.056483433704795125,0.05902415763628099,0.056837701154836176,0.0590853398149761,0.058491695864296686,0.05790425727781335,0.05622582747821342,0.06873511483675224,32.08156377954186,38.8612873281424,17.058494180585143,29.31444845661718,41.81613206765975,30.753408787860746,43.455634907969035,38.11380198637125,46.32568334596461,33.35674803166849,12.819421558813904,-0.0025407239314858693,-0.0015635237779247186,-0.0009772001535611507,0.04966257758833609,0.0601428999999997,0.07062322241166331,-0.012891,7.7185017026106895,15.958884514077015,14.914496633606415,17.361290534560258,-59.11298838437169,-0.001574000000000353,39.20617851608704,0.052737,-4.1716441966740625,-1
2019-04-30,0.050435,0.053234,0.050134,0.052111000000000005,0.052111000000000005,7414616.0,42,0.17877424828368516,0.05760585714285715,0.05976042857142834,0.052494399999999566,0.056719916666666786,0.06221711538461519,0.0572123076923079,0.06305179999999991,0.0591831999999997,0.059490200000000285,0.05080538999999983,0.0561181799999998,0.056486935187820025,0.0580346166569899,0.052796079730468036,0.055810751596365116,0.05851207188544536,0.056162458132716725,0.058635382407558286,0.057884010543887476,0.0576770707178991,0.05614434574597157,0.0685697007587746,36.28511692611001,41.45426606159854,30.09656858000415,34.37734270995791,43.845911548866546,35.35065443657767,45.185223780268615,40.858925694728924,47.3023641025652,33.69218150511368,12.881093971673565,-0.0027013202890802533,-0.0013792961084152814,-0.0013220241806649713,0.04952346306123676,0.0591831999999997,0.06884293693876264,-0.010365999999999992,42.397207137315995,22.29874610064158,21.131695212832454,17.763971855857704,-52.117510473978996,-0.00011100000000034692,40.79132959909822,0.050537,3.1145497358371133,1
2019-05-01,0.052882000000000005,0.054827,0.051427,0.052222000000000005,0.052222000000000005,6334581.0,51,0.17862403165400995,0.05685585714285714,0.05885171428571405,0.05234439999999957,0.055786083333333465,0.0613709999999998,0.05637392307692327,0.06273276666666658,0.0586183499999997,0.0595385600000003,0.050932719999999834,0.055887309999999815,0.05591827716277735,0.05750619696089991,0.05260471982031203,0.05525863596615509,0.058046140634671624,0.05559953554232863,0.05822161580061904,0.057344771444469624,0.0574631463760207,0.05606667553318005,0.06840703706963255,36.581685435716246,41.63713540338188,31.014267698933722,34.734477682368734,43.9890077822375,35.674980738511856,45.30713478650979,41.05254147619695,47.37124956657802,33.71594437641928,12.885461604747427,-0.002787504668516537,-0.0011723843902812525,-0.0016151202782352845,0.04870819579705712,0.0586183499999997,0.06852850420294226,-0.009131999999999994,44.55003878975976,31.555249209895422,26.964779893861326,21.003657246766693,-53.47321246689744,-0.0009160000000003332,41.45350168236863,0.052111000000000005,0.21300685076086623,0
2019-05-02,0.051909,0.054553,0.051563,0.053138,0.053138,6302406.0,50,0.17847524055332226,0.05614278571428572,0.05835738095238071,0.052148999999999585,0.055007833333333464,0.06060253846153825,0.05558238461538482,0.06223479999999991,0.0581012499999997,0.0596276600000003,0.05106889999999984,0.055667524999999815,0.0555475735410737,0.05710908814627265,0.05278247988020802,0.054932384279054315,0.05768257466173299,0.05524788760771025,0.057893640587675876,0.056944126544996324,0.05729353279264734,0.0560086819582656,0.06825510635252179,39.088483078425895,43.17170350197211,38.950876815693434,37.76254146679898,45.186026703842224,38.42042059236889,46.32509197455339,42.678577990051416,47.94401890124714,33.91334196138888,12.92166775856069,-0.00275019038267868,-0.0009080560835547164,-0.0018421342991239637,0.04817994130291031,0.0581012499999997,0.06802255869708909,-0.008818000000000001,62.31574864235858,49.75433152314472,34.752405146808584,27.616293417834086,-49.53604922344071,-0.0024030000000003354,45.532934579300395,0.052222000000000005,1.754050017234099,1
2019-05-03,0.052784000000000005,0.056493,0.051973,0.055541,0.055541,8256796.0,63,0.17828329815629054,0.055579428571428564,0.0579793333333331,0.05270979999999959,0.05452341666666679,0.05990480769230749,0.05504884615384635,0.06164136666666657,0.0577492499999997,0.05971690000000029,0.05123394999999984,0.055425234999999816,0.05554669706893054,0.05696653467842967,0.05370198658680535,0.055026017466892105,0.05752393950160462,0.05528976080660879,0.05774185732395485,0.056810495445472876,0.05722480601646509,0.05599942092938905,0.06812859783160118,45.179238572858715,47.00149283848357,55.182525545660866,45.012943321356666,48.20175038820903,45.046686684616745,48.90314442736596,46.72642981925981,49.41707441090894,34.4307257416557,13.016980418810833,-0.0024979220347125172,-0.000524630188470843,-0.0019732918462416747,0.04799908260873519,0.0577492499999997,0.06749941739126421,-0.005247999999999996,85.50548112058473,64.1237561842343,48.49739547852589,36.73819350639855,-35.448784215020815,0.0020709999999996703,47.31866519506082,0.053138,4.522187511761833,1
2019-05-04,0.055541,0.057145,0.05231,0.05347,0.05347,7467503.0,66,0.1781097109529162,0.054936071428571424,0.05754547619047595,0.053296399999999584,0.05381625000000012,0.05916488461538441,0.054442384615384816,0.06106719999999991,0.05725109999999969,0.05975712000000029,0.05138217999999983,0.05517969499999982,0.05526980412640647,0.05664866788948152,0.0536246577245369,0.05478663016429332,0.05722364768667095,0.05502979497709325,0.057466253625635184,0.0564923530220945,0.05707755872170176,0.055949333386232834,0.06798274113675938,41.36028140999756,44.30562364389881,43.28131311339384,40.59728323763761,45.93968566761511,40.956304156497595,46.89713256466664,43.91980912960613,48.217628082365586,34.19767883086225,13.004651312694735,-0.002437017522377627,-0.00037098054090876215,-0.0020660369814688648,0.04770777742070824,0.05725109999999969,0.06679442257929114,-0.0021529999999999948,47.58237056054777,65.13453344116364,56.470169250113294,46.57332329181588,-38.54251358637502,-0.0005050000000003246,41.93797704392709,0.055541,-3.728776939558165,-1
2019-05-05,0.053519,0.054829,0.052167999999999985,0.053975,0.053975,6983332.0,67,0.17794696660925455,0.054408999999999985,0.057095095238095,0.053669199999999584,0.053248416666666784,0.05858903846153825,0.053828461538461735,0.060392333333333235,0.05686319999999969,0.059803940000000284,0.051535929999999834,0.05494190999999981,0.05509716357621894,0.056405607172255935,0.0537414384830246,0.05466176398517127,0.05698300711728791,0.05487910998036564,0.057241011456239374,0.056252605115228366,0.05695588975222325,0.05591023767561437,0.06784336062793589,42.62730766068501,45.109882751928644,46.64821976049553,42.09775225134366,46.574566141326386,42.331410741595285,47.440383667781575,44.76919122880725,48.528358137036726,34.307187293856224,13.024839341680755,-0.002321243132116645,-0.00020416492051822388,-0.0021170782115984207,0.04745724048713358,0.05686319999999969,0.0662691595128658,0.0014350000000000055,44.56103532703745,59.21629566938992,56.902934888057594,53.95683320556554,-32.43373917629985,0.0018689999999996906,45.14109430201042,0.05347,0.944454834486641,0
2019-05-06,0.053731,0.054334,0.051399,0.052105999999999986,0.052105999999999986,6650460.0,57,0.17779107599323238,0.053705428571428564,0.056636666666666426,0.05364599999999958,0.052955333333333465,0.057850615384615174,0.05316053846153866,0.05969193333333324,0.0563466999999997,0.05982628000000029,0.05167263999999985,0.05471242999999982,0.05469834176605641,0.05601473379295994,0.0531962923220164,0.05426856952591415,0.05662174733082214,0.054482951411741976,0.0569097203945465,0.05585769034234947,0.0567656979972341,0.05583490623649329,0.0676867699749216,39.263266436827394,42.7181200769815,36.915879287153714,38.22638815238172,44.5631690817305,38.735759887437844,45.65421729786768,42.280662672798094,47.45341161742596,34.09508879597455,13.013606760894707,-0.0023531778049079924,-0.0001888796746476575,-0.0021642981302603353,0.04709601854346325,0.0563466999999997,0.06559738145653614,-0.0008660000000000126,12.30421162547846,34.81587250435449,50.45376945520133,54.60895786445736,-41.010908485302636,0.0005839999999996681,44.6530693361974,0.053975,-3.4627142195461147,-1
2019-05-07,0.053135,0.055169,0.051516999999999986,0.051522000000000005,0.051522000000000005,9358056.0,69,0.17757258827267086,0.05304349999999999,0.056116952380952136,0.05332279999999958,0.05287050000000012,0.0573891923076921,0.05284507692307712,0.05895326666666657,0.0557866999999997,0.05983790000000029,0.05181207999999984,0.054482024999999816,0.05427482953058222,0.0556063034481454,0.05263819488134427,0.053846020368081206,0.05624398826927976,0.0540599583529217,0.056562125530382215,0.0554447674526019,0.0565600627816563,0.05574950215260233,0.06752592649258407,38.25261521213113,41.989346804939096,34.23751728136681,37.072348164537075,43.94731852788209,37.65935447556566,45.10587616669276,41.52339557899328,47.120746594799655,34.02869573337209,13.010083402158225,-0.0023979679011985537,-0.00018693581675057518,-0.002211032084447979,0.046809031328305065,0.0557866999999997,0.06476436867169434,-0.002592999999999991,2.140619561434129,19.668622171316613,38.41874363901643,48.591815994091746,-39.543417964582794,-0.00010100000000030918,39.218176264878345,0.052105999999999986,-1.120792231220935,-1
2019-05-08,0.051461,0.052593,0.050527,0.051623,0.051623,4825271.0,63,0.17745918847925196,0.0527577857142857,0.05558842857142834,0.05253919999999958,0.05275808333333345,0.05693315384615364,0.05277453846153865,0.05825043333333324,0.0552117999999997,0.0598523200000003,0.05197714999999985,0.05423994999999982,0.053921252259837925,0.05524418495285945,0.05229979658756285,0.05350401723453025,0.055901692841925706,0.053711821445361456,0.056243472270357565,0.055080789599973146,0.056366452476493314,0.05566778923868942,0.067367688418031,38.54573064768256,42.16810240640215,35.21303124836604,37.426280462965295,44.086095698909645,37.980340688462036,45.22345077949255,41.71296883133543,47.186059194686244,34.05112774133307,13.014176783926118,-0.0023976756073954553,-0.00014931481835798102,-0.0022483607890374747,0.04675413724958343,0.0552117999999997,0.06366946275041598,-0.0011139999999999972,16.560894530069593,10.335241905660666,24.62982632091341,37.834113138377006,-21.774632553075538,0.0012189999999996926,41.96253502672865,0.051522000000000005,0.19603276270330205,0
2019-05-09,0.050717,0.053472000000000006,0.048653,0.050404,0.050404,8021713.0,69,0.17727001684599855,0.05260521428571428,0.0549828571428569,0.05192599999999957,0.05244883333333344,0.05646480769230749,0.052577000000000186,0.05763233333333325,0.054560599999999695,0.0598452000000003,0.05210877999999985,0.053976369999999815,0.05345228529185954,0.05480416813896314,0.05166786439170857,0.05302709150614098,0.0554944563351164,0.053239275524595536,0.05586673212388288,0.05463538106664237,0.05613263081074847,0.05556355578841834,0.0671988954984486,36.316429113359135,40.58677371017125,28.98569180409521,34.86249559075148,42.75923802004802,35.59798031030347,44.04686004278802,40.066884359476205,46.47932841683912,33.91057093279275,13.00675290945304,-0.002467364828975416,-0.0001752032319503531,-0.002292161597025063,0.0467887878994601,0.054560599999999695,0.06233241210053929,-0.00013299999999999423,26.872314303253642,15.191276131585731,20.487815069454577,27.84546167646143,-12.940748818611233,-0.00035600000000030047,41.463591144534774,0.051623,-2.361350560796549,-1
2019-05-10,0.050652,0.051712,0.049925,0.05076,0.05076,7386523.0,71,0.17709626330966696,0.05244721428571427,0.0543796190476188,0.05128299999999957,0.05228408333333345,0.055977384615384415,0.05231892307692327,0.056947499999999915,0.0539747499999997,0.0598686200000003,0.05224130999999985,0.053730534999999816,0.0530933139196116,0.05443651648996649,0.05136524292780571,0.05267830819750391,0.055143755865848514,0.052885093306796166,0.05553726553524528,0.05426629715553357,0.055921939406405385,0.055468435871816,0.06703532439896155,37.44841334862805,41.26070635279081,33.13005341129039,36.244255640815545,43.276986351723366,36.84391359335121,44.4827495425514,40.783456081136094,46.71705349233971,33.990940494290555,13.021315515704774,-0.002465447668344605,-0.0001386288570556335,-0.002326818811288971,0.04698881197762872,0.0539747499999997,0.060960688022370674,-0.001351000000000005,32.33578882750157,25.256332553608214,18.042765769547405,21.053469053305086,-13.463177115033385,-0.006068000000000295,36.584581155979535,0.050404,0.7062931513371895,0
2019-05-11,0.05104,0.058353,0.04999,0.056828,0.056828,15624850.0,76,0.17674262628663384,0.05264099999999999,0.05411061904761881,0.05222739999999957,0.052808333333333436,0.05578873076923056,0.05263361538461557,0.05672446666666658,0.053748449999999705,0.0599824800000003,0.05243907999999986,0.05352094499999982,0.05359127206366338,0.05465392408178772,0.05318616195187048,0.05331672232096485,0.055268514690600484,0.053448365691539566,0.05562053872651977,0.054510268855006566,0.055957471194389485,0.05549535793376024,0.06693375898205646,52.77761897576064,51.15438686088441,69.51702651302462,54.188753374274796,51.10518906426577,53.39448153136384,51.181209599642074,51.221242721763,50.53677430114522,35.34451425056905,13.270020474956592,-0.0019517923696356285,0.00030002115332267414,-0.002251813522958302,0.047516456334896866,0.053748449999999705,0.05998044366510254,0.004605999999999992,84.27835051546393,47.82881788207299,32.43759354754449,23.656058128848787,12.704284710840714,0.0025529999999997087,48.159930324422255,0.05076,11.954294720252157,1
2019-05-12,0.056823,0.058074,0.053287,0.054275,0.054275,10040957.0,75,0.17651673724621894,0.05275085714285712,0.053773523809523584,0.05277799999999957,0.05298866666666677,0.05547484615384595,0.052921153846154034,0.05641763333333325,0.05336439999999972,0.0599894000000003,0.052598349999999856,0.05328893499999983,0.05368243578850826,0.05461947643798883,0.05354910796791365,0.053464149656201033,0.05519492100981525,0.05356645630703392,0.055533729776421716,0.05448786229738689,0.05589149193186442,0.05547119243012142,0.06680780118123998,47.52722118518268,47.619143081672036,54.53483225585331,48.02749689457859,48.19892054536057,47.72744744077053,48.630274409810674,47.52087938882666,49.028442461196185,35.03919156452385,13.253995781040322,-0.0017307713536142274,0.00041683373547526026,-0.0021476050890894874,0.048455915856269634,0.05336439999999972,0.0582728841437298,0.0011369999999999991,57.95876288659796,58.19096740985443,43.601222212577255,31.360527176556346,6.826453617399151,-0.002071000000000295,43.786949495420544,0.056828,-4.492503695361439,-1
2019-05-13,0.054278,0.058579999999999986,0.053555,0.056346,0.056346,9547564.0,78,0.17630439851491556,0.0531657857142857,0.05350638095238073,0.05372259999999958,0.05333233333333343,0.05522961538461519,0.05324692307692326,0.056209799999999914,0.05314224999999971,0.0600627800000003,0.05277516999999985,0.05308080499999982,0.05403757768337383,0.05477643312544439,0.054481405311942434,0.05390751124755472,0.05528018612019931,0.05396353397745765,0.05558613430697516,0.054664827792873856,0.05590931577767365,0.055488515352297235,0.06670370365704854,51.703155681455385,50.52487821992293,62.41910868401454,52.748824489311026,50.567057948622825,52.16290302989826,50.69038354038818,50.562924253702775,50.25687663003386,35.495728782175576,13.339312790561358,-0.0013726748726445928,0.0006199441731559157,-0.0019926190458005085,0.049380363022516915,0.05314224999999971,0.0569041369774825,0.0008050000000000003,77.49571874685216,73.24427738297129,55.78818705593377,43.94233427201846,25.931878041159056,-0.0048210000000002825,46.94392775206954,0.054275,3.8157531091662866,1
2019-05-14,0.056769000000000014,0.061377,0.055909,0.061167,0.061167,17879498.0,78,0.1759197113332479,0.05381264285714284,0.05352438095238073,0.05587519999999957,0.05400141666666677,0.05515446153846134,0.05393500000000018,0.05613426666666657,0.053419449999999716,0.0601015800000003,0.05301299999999985,0.05289719999999983,0.054988167325590656,0.055357393750404,0.05670993687462829,0.05502435567100784,0.055716246407591964,0.05499260055210655,0.055946190158138065,0.05528408228879063,0.056115499472666835,0.055600960592845805,0.06664861207837144,59.701940345154625,56.420457832380684,74.68310029036769,61.55602570521797,55.48641258818762,60.55384822507156,55.02865140815657,56.698166104644365,52.949323017121,36.544242711633785,13.538257878959765,-0.0006918907365841206,0.0010405826473731104,-0.001732473383957231,0.04831162906283954,0.053419449999999716,0.0585272709371599,0.0076969999999999955,98.16625916870413,77.8735802673847,70.04697602902387,56.47879509917825,35.308796007486116,-0.008086000000000287,55.91460266989301,0.056346,8.556064316899148,1
2019-05-15,0.061103,0.069462,0.06081900000000001,0.069253,0.069253,16840861.0,77,0.17558140910666775,0.05502914285714284,0.05417342857142835,0.05957379999999956,0.05514408333333344,0.0553784999999998,0.05517461538461557,0.056384933333333234,0.05425509999999971,0.0602945200000003,0.053331349999999854,0.05275745999999982,0.0568901450155119,0.05662063068218545,0.06089095791641886,0.05721337787546816,0.05671896889591847,0.057029800473234186,0.05680469401890335,0.0566144554041439,0.05663069557177795,0.05587129800684886,0.06667452638604934,68.94468602582991,63.96544910590846,84.71953118869581,71.2820850995604,62.06223966197965,70.04463095838875,60.978735731212865,64.4646642245254,56.936958827281195,38.24474656050908,13.871546441173049,0.0004944089795496863,0.0017815058908055336,-0.0012870969112558474,0.045550734854324176,0.05425509999999971,0.06295946514567524,0.015277999999999991,98.92666392769104,91.52954728108236,83.36515104906177,69.73343804467308,50.652826933944155,-0.0017440000000003009,63.56430182672439,0.061167,13.219546487485069,1
2019-05-16,0.069248,0.075887,0.06639,0.070997,0.070997,26879890.0,75,0.17506824721727293,0.0563047857142857,0.05505233333333311,0.06240759999999956,0.056604666666666775,0.05570619230769211,0.05636353846153865,0.05667029999999991,0.055156349999999715,0.0604769800000003,0.053670279999999855,0.05261534499999982,0.05877105901344365,0.05792757334744132,0.06425963861094591,0.059333935125396135,0.05777660082955415,0.05902511469134359,0.057720326662845066,0.057984221556130186,0.057194080059159214,0.05617081685819839,0.06671753607375035,70.50783199182806,65.32203053642579,86.14146710552983,72.8849394754674,63.277293791629894,71.63008221405795,62.09642371137755,65.85170742615159,57.72517322389049,38.603162000656155,13.943451452197067,0.0015573342958419972,0.002275544965678276,-0.0007182106698362787,0.04371047546351094,0.055156349999999715,0.06660222453648848,0.01889100000000001,78.36283185840709,91.81858498493402,82.1820473176504,78.53139146524528,51.83884357493267,0.006436999999999693,62.70847333721111,0.069253,2.5183024562112966,1
2019-05-17,0.07101299999999999,0.071746,0.061152,0.06456,0.06456,21834259.0,65,0.17463415860694653,0.056948999999999986,0.05560414285714263,0.06446459999999958,0.057486750000000086,0.0558294999999998,0.057216615384615574,0.05673156666666657,0.05567859999999971,0.0605859000000003,0.05395260999999985,0.05246228999999982,0.059542917811651164,0.05853052122494665,0.06435975907396395,0.06013794510610442,0.058279074842179764,0.059815812592580224,0.05816159591040345,0.058610486169832075,0.057482939664682375,0.0563369392966499,0.06669606805311601,58.80304134098858,57.02150075328646,60.99996564107229,59.586813088596394,56.35877781180869,59.179936682036114,55.9808627557147,57.1991330939869,54.00381637014447,37.785642694070525,13.90040443791528,0.0018588702639246652,0.002061664747008755,-0.00020279448308408983,0.0435028905249493,0.05567859999999971,0.06785430947505013,0.013038,49.27906143650372,75.52285240753388,80.44610702763156,81.99776846478117,23.43510458620253,0.0015359999999997045,57.29870415383896,0.070997,-9.066580278039915,-1
2019-05-18,0.06456,0.065819,0.062568,0.063024,0.063024,7566491.0,67,0.17448176070199792,0.05763142857142856,0.05602838095238073,0.06580019999999956,0.05839658333333344,0.05587057692307673,0.05791269230769248,0.056728333333333235,0.056192949999999714,0.0606469400000003,0.05420975999999986,0.05229745499999982,0.060007062103431014,0.05893901929540605,0.0639145060493093,0.06058195355131912,0.05863055077979608,0.06027412507935447,0.05847529940005484,0.059030820820324265,0.05770023614842033,0.05646935634028059,0.06665953006253772,56.40892610111712,55.26594420630577,56.295187297295726,56.90296831784704,54.872107014220255,56.6496563038192,54.65366050083541,55.37608732797187,53.169545841107734,37.5937669558779,13.890120663715615,0.001951402771523052,0.0017233578036857133,0.00022804496783733848,0.043676112473153526,0.056192949999999714,0.06870978752684588,0.011400999999999994,35.61417559315245,54.418689629354354,72.06979839689161,78.2326509140578,25.175230566534985,-0.00615800000000033,53.29581690613946,0.06456,-2.379182156133841,-1
2019-05-19,0.06319,0.070323,0.062676,0.06918200000000001,0.06918200000000001,8473159.0,70,0.1743171176003185,0.058717642857142836,0.056811476190475975,0.06740319999999955,0.0598682500000001,0.05619338461538443,0.05922623076923095,0.05692013333333324,0.05712519999999971,0.0608337600000003,0.05450193999999985,0.05216546499999982,0.061230387156306874,0.05987019935946005,0.0656703373662062,0.061905037620346964,0.0594121396109223,0.0615466786394467,0.05916605427747065,0.05999759978981719,0.05815050139750187,0.05672109185829484,0.06668462926589556,62.89763827188649,60.38810965739662,68.12324424194873,63.95430176883745,59.337745699543426,63.40502108033302,58.709124265686064,60.654903166966676,55.95217637323945,38.85110400648369,14.146038153696205,0.0024928980094246628,0.0018118824332698602,0.0006810155761548032,0.04364201631224714,0.05712519999999971,0.07060838368775227,0.018778000000000003,55.50172551101676,46.798320846890896,63.53689166535414,72.01759902995902,34.876040639405645,0.002612999999999671,58.9214215874956,0.063024,9.770880934247295,1
2019-05-20,0.06994600000000001,0.06994600000000001,0.063545,0.066569,0.066569,9751598.0,73,0.17412700969796907,0.059750714285714275,0.057574904761904536,0.06686639999999955,0.0611137500000001,0.056614384615384435,0.060383692307692485,0.05705653333333325,0.05784809999999972,0.0609703200000003,0.054767859999999856,0.05202259499999982,0.06194220220213264,0.060479181235872766,0.0659698915774708,0.06262257029413973,0.05994227741752065,0.06226415311952574,0.05964366367892416,0.060623447428882225,0.05848063859759985,0.0569160999403088,0.0666834787259364,58.91088433015156,57.46322698361482,59.87251031554287,59.48065713425772,56.8584754083895,59.19009732856705,56.493790487371854,57.61809881984955,54.5493099065909,38.51851007284,14.128132197250793,0.002680292876619084,0.001599421840371424,0.0010808710362476596,0.04395282537875587,0.05784809999999972,0.07174337462124357,0.015809000000000004,36.76280963691894,42.626236913695976,51.104120807199706,62.23693695648174,32.61325456062428,0.00010399999999968769,58.19499621366213,0.06918200000000001,-3.776994015784463,-1
2019-05-21,0.066586,0.06741799999999999,0.064334,0.066465,0.066465,5654283.0,68,0.17401645791012826,0.060818071428571416,0.05825842857142835,0.06595999999999955,0.06245216666666676,0.05714996153846135,0.0615253846153848,0.05722689999999993,0.058560249999999724,0.061063760000000286,0.055031459999999865,0.05187636499999981,0.06254524190851495,0.06102334657806615,0.06613492771831386,0.06321371332581054,0.060425442053259865,0.06286427410245063,0.06008374989318711,0.06117978576898867,0.05879375080945867,0.05710518707020368,0.0666813048082654,58.75207885017732,57.34741109404575,59.52816440761517,59.30179615488271,56.76045352653697,59.02192364212957,56.40625277657506,57.49779336895558,54.49384211428489,38.50525914426087,14.127416901819009,0.0027882712725506784,0.001365920189042415,0.0014223510835082633,0.0444212525536014,0.058560249999999724,0.07269924744639804,0.009637,50.15102888427408,47.471854677403186,45.46176021237311,53.367590894975564,34.06433081815492,0.0032009999999996768,57.32468410145964,0.066569,-0.15622887530233331,0
2019-05-22,0.066611,0.06682,0.062973,0.063264,0.063264,8894348.0,69,0.17384025017360166,0.061649571428571415,0.058784238095237876,0.06570079999999955,0.06349416666666675,0.057545807692307514,0.06251461538461557,0.057270499999999926,0.059066549999999725,0.060967500000000285,0.05527338999999986,0.05171508999999982,0.06264107632071295,0.0612270423436965,0.06517795181220924,0.0632214497372243,0.060635705604870235,0.06292137780210054,0.0602889273194331,0.061378282362418324,0.05896905469928384,0.057227143761882815,0.06664730177534732,53.955605138167755,53.84793591328074,49.098521202841184,53.89768357191985,53.796155810833994,53.94183035768147,53.75700656847082,53.863166004180506,52.80804909910482,38.097831216239314,14.105326569790256,0.002585744132354059,0.0009307144390766367,0.0016550296932774224,0.04502018986500779,0.059066549999999725,0.07311291013499165,0.008989000000000004,8.974854932301769,31.962897817831532,37.40091891153271,44.6555999770351,24.7854876828412,0.00010499999999966092,49.85459944871298,0.066465,-4.816068607537794,-1
2019-05-23,0.063289,0.063385,0.060528,0.063159,0.063159,6826526.0,65,0.17370293482205745,0.06256064285714284,0.05926142857142835,0.06572779999999956,0.06402175000000009,0.057893653846153664,0.06346838461538479,0.05734949999999993,0.059447449999999714,0.0607638000000003,0.055497599999999855,0.05154388999999982,0.06271013281128457,0.06140267485790591,0.06450496787480617,0.06321184208534364,0.06082261630080577,0.06295532383037189,0.06047409329882453,0.061547874518378475,0.05913336627970407,0.057344606261647516,0.06661259230494587,53.80123690297019,53.735253687859576,48.76223008953286,53.72370800851366,53.70062370888493,53.77831677265234,53.67156221409071,53.74614899604392,52.75344673358791,38.084480524154785,14.104599510332813,0.002389225784537867,0.0005873568730083554,0.0018018689115295112,0.04539047529403982,0.059447449999999714,0.07350442470595961,0.006813000000000007,26.860643185298713,28.66217566729146,35.65021242996197,39.50429718462252,27.817154820840578,-0.0010920000000003427,52.541566136613724,0.063264,-0.16597116843701798,0
2019-05-24,0.063176,0.066211,0.062211,0.064251,0.064251,7577695.0,64,0.17355345450871967,0.06352428571428569,0.059676190476190265,0.06474159999999955,0.06485308333333342,0.058336499999999826,0.06403938461538479,0.05763709999999993,0.05998649999999973,0.060634920000000286,0.055736169999999856,0.051382059999999834,0.06291558176977995,0.061661613507187185,0.06442031191653745,0.06337171253375233,0.06107657064889424,0.06314042042603303,0.06071776469890036,0.061805315040437674,0.05933405779814704,0.0574813665336941,0.06658909387405089,55.22854950054713,54.766548441113244,52.7971060650441,55.347604557925074,54.5718813452439,55.2960386463746,54.44962391950114,54.81802599741304,53.26604528996656,38.31155173990664,14.150850622457636,0.0022951418848580827,0.00039461837866285737,0.0019005235061952254,0.0460685014975003,0.05998649999999973,0.07390449850249914,0.0030840000000000034,39.53068592057762,25.122061346059308,32.45600451187413,35.16904528445621,28.957479233295484,-0.002292000000000349,55.84266754743531,0.063159,1.728969743029496,1
2019-05-25,0.064251,0.066893,0.064238,0.06654299999999999,0.06654299999999999,12954596.0,69,0.17330273283034547,0.06421821428571428,0.060298714285714074,0.06473639999999957,0.06570283333333342,0.0589521153846152,0.0649830769230771,0.05810386666666659,0.06061489999999972,0.06048136000000029,0.05600341999999985,0.051223489999999816,0.06339923753380929,0.062105375915624726,0.06512787461102497,0.06385960291317504,0.061481491341568724,0.06362650322231404,0.06109358633122936,0.06225652313182456,0.059616761413905976,0.0576608048201556,0.06658863522853795,58.137079026764795,56.88006698057313,60.60980850628508,58.64718672589179,56.361750046142504,58.38473860068533,56.05048229494168,57.01341398928708,54.326909489293406,38.78745246570764,14.248249354407168,0.0023781115716063057,0.0003820704523288645,0.0019960411192774413,0.04670483117578017,0.06061489999999972,0.07452496882421926,-0.002710000000000004,87.30043541364294,51.230588173173025,42.56352966721893,36.889915536351616,22.691705790297398,-0.00318300000000038,59.514899068691435,0.064251,3.5672596535462286,1
2019-05-26,0.06649400000000001,0.069827,0.06331,0.069726,0.069726,8579743.0,67,0.17313998696167346,0.06532185714285713,0.061048761904761675,0.06538859999999956,0.06641608333333343,0.0596296153846152,0.06601230769230787,0.05866233333333325,0.06149589999999972,0.06041352000000029,0.05629729999999985,0.05107886999999982,0.06424280586263471,0.0627981599232952,0.06666058307401665,0.06476212554191732,0.06209219568663772,0.06449785990484061,0.0616505162453436,0.0629679018811746,0.060013202142772414,0.057899719576192124,0.06661985278845299,61.82697511616435,59.62471907546632,69.12574503966954,62.78453231238046,58.7080025831665,62.28220774407704,58.160610066542866,59.85761679143839,55.74977845416566,39.442725417413,14.383818621173491,0.0026699298552796194,0.0005391109888017421,0.0021308188664778773,0.047623055539278335,0.06149589999999972,0.07536874446072109,-0.0012710000000000082,98.91386170555971,75.24832767992667,52.31609623147606,42.445210136856325,35.56614414289997,-0.0019090000000003824,62.70414066247536,0.06654299999999999,4.783373157206627,1
2019-05-27,0.069622,0.07248099999999999,0.06869299999999999,0.071635,0.071635,19325847.0,70,0.17278669246720602,0.06641392857142855,0.061978714285714075,0.06706279999999956,0.06661458333333342,0.06037626923076905,0.06681753846153864,0.05924633333333326,0.06250154999999971,0.0603725800000003,0.05660071999999985,0.050960949999999824,0.06522843174761675,0.06360150902117745,0.06831872204934443,0.06581949084316083,0.0627990700802201,0.06551745134700622,0.06229467648757949,0.06379333979725321,0.06046895892148722,0.058171705327158624,0.06666975475075694,63.87316992219586,61.1773460301308,73.28280028987409,65.05606967613478,60.04591690933115,64.4336202695036,59.36958048672932,61.46330301797354,56.577321470899726,39.83287550347588,14.465325790210414,0.0030204207629407204,0.0007116815171702745,0.0023087392457704463,0.04875756648989223,0.06250154999999971,0.07624553351010717,0.007074999999999999,92.9222789257928,93.04552534833174,69.10558103017425,54.66173564295636,35.32496938610485,0.002384999999999637,66.67826405453778,0.069726,2.7378596219487905,1
2019-05-28,0.071649,0.071723,0.06906799999999999,0.06925,0.06925,9061024.0,71,0.1726203952303756,0.0669912857142857,0.06282290476190455,0.06828099999999956,0.0664690000000001,0.06099596153846136,0.06681730769230787,0.059796766666666584,0.06338289999999971,0.0603034200000003,0.05687283999999985,0.05083824999999982,0.06576464084793451,0.06411500820107041,0.06862914803289627,0.06634726148267454,0.06327691674094454,0.0660506725831482,0.06274340703676791,0.06431302172132433,0.06081331347358576,0.05839107749889805,0.06669542883283898,59.596949239647635,58.245765922824546,60.974425111959974,60.09179142475389,57.62357478907074,59.84116822278647,57.234514845539714,58.398979987143896,55.26036475076739,39.511661472991825,14.448055569986089,0.0030703447417299995,0.0006092843967676429,0.002461060344962357,0.050333001320828526,0.06338289999999971,0.07643279867917091,0.006226000000000009,68.53943524829614,86.79185862654946,77.44133944277374,66.28767223480797,19.78944791284132,0.0004989999999996386,61.69843672012128,0.071635,-3.3293780972988074,-1
2019-05-29,0.06937,0.06989400000000001,0.06640800000000001,0.06875099999999999,0.06875099999999999,8132394.0,71,0.17246918763030927,0.06695542857142855,0.06363852380952359,0.06918099999999956,0.06681825000000009,0.06150403846153829,0.06664453846153864,0.06040389999999993,0.06430024999999973,0.06029950000000029,0.05711750999999985,0.050701919999999824,0.0661628220682099,0.0645364620009731,0.06866976535526419,0.06671706740841693,0.06368240438976347,0.06643643364269845,0.06313099367955707,0.06473568631929344,0.06112459529815102,0.05859622447911789,0.06671588227728834,58.71575494911729,57.64035075602558,58.50724025390927,59.0701219220406,57.12288959752474,58.895345129408796,56.79295021159268,57.76628477486921,54.98721351718352,39.44444553870811,14.44442939906615,0.003034663018653447,0.0004588821389528722,0.002575780879700575,0.0525801965983878,0.06430024999999973,0.07602030340161166,-0.0004310000000000147,59.32831752262562,73.5966772322381,81.40086576318335,75.98259541204371,-1.5094112694689237,0.002273999999999637,65.66916331628313,0.06925,-0.7205776173285439,0
2019-05-30,0.068829,0.072463,0.06521,0.066477,0.066477,20157126.0,73,0.17209520705626502,0.0666325714285714,0.06440390476190454,0.06916779999999956,0.0671060000000001,0.06200430769230751,0.06679200000000017,0.06088276666666659,0.06508609999999973,0.060202940000000274,0.05732082999999985,0.05056180499999983,0.06620471245911523,0.06471287454633919,0.06793884357017613,0.06668013396096815,0.06388941147200321,0.06644222883659867,0.06334686505506952,0.06490152571745597,0.06133449352175295,0.058752279439927425,0.06671350533920586,54.762251862576676,54.91529401198367,47.906832030808154,54.49595929289467,54.86680913577413,54.65578694295575,54.801988325516106,54.91924796773898,53.75218877345378,39.13799750640274,14.42784513074058,0.0027907224889649478,0.00017195328741149808,0.002618769201553449,0.055229154686919336,0.06508609999999973,0.07494304531308013,-9.200000000000874e-05,34.532766328644584,54.133506366522035,70.84733194618367,76.56317905071353,-13.37753048419552,-0.0028770000000003797,55.92643639474034,0.06875099999999999,-3.307588253261773,-1
2019-05-31,0.06657300000000001,0.069452,0.065372,0.069354,0.069354,8599786.0,61,0.17193648116144292,0.06697499999999998,0.06528933333333313,0.06909339999999957,0.06712033333333342,0.0625958076923075,0.06727892307692326,0.06145383333333325,0.06571239999999971,0.060319640000000285,0.05755192999999985,0.05044062499999983,0.06662461746456655,0.06513479504212652,0.06841056238011743,0.06709149796697306,0.06429419580741037,0.06685819614565601,0.06373442214829084,0.06532557088722207,0.061648983971880275,0.05896221450052293,0.06673977891792024,58.545874504092716,57.57378971645858,59.14486444660494,58.86209666005683,57.093243611461716,58.70585390679737,56.78267700462278,57.68941750956518,55.054893338872205,39.736268266869175,14.552586443452478,0.002797302159562684,0.00014282636640738791,0.002654475793155296,0.056493646427451284,0.06571239999999971,0.07493115357254812,0.002889000000000003,56.99353596479168,50.28487327202055,62.463266798030084,71.5704881691323,15.859468042874221,0.0009609999999996287,61.419624718965686,0.066477,4.327812626923611,1
2019-06-01,0.069373,0.07021799999999999,0.067261,0.068393,0.068393,7441745.0,62,0.17180026406972546,0.06735849999999997,0.06584004761904738,0.06844499999999956,0.06727233333333345,0.06322223076923059,0.06721823076923096,0.06196233333333325,0.06641829999999971,0.060417900000000274,0.05778603999999985,0.05032016999999983,0.06686040180262434,0.0654309954928423,0.0684047082534116,0.0672917290489772,0.06459781093278738,0.06707745383913373,0.06403497555807852,0.06561770699320092,0.06191345518866929,0.05914896272823535,0.06675622887893595,56.84433979203102,56.40980249616364,54.43755354793153,56.886922023162406,56.13272899445693,56.87836133743725,55.93658651279403,56.47232472271236,54.53155048888065,39.60492565681821,14.54546849001154,0.002693918116189825,3.1553858427623385e-05,0.0026623642577622017,0.05887772436653465,0.06641829999999971,0.07395887563346476,0.0051289999999999955,43.885288845994666,45.1371970464769,52.655868782070435,61.98882250876134,18.106093818500746,-0.0006370000000003595,59.385175943410566,0.069354,-1.3856446636098863,-1
2019-06-02,0.068454,0.070265,0.06779500000000001,0.06903,0.06903,9558509.0,63,0.17162651328180847,0.06734764285714283,0.06654266666666643,0.06840099999999956,0.06748608333333345,0.06389561538461519,0.06740753846153866,0.062411966666666575,0.06705249999999971,0.06054688000000029,0.05801530999999985,0.050283159999999834,0.06714968156227442,0.06575817772076573,0.06861313883560774,0.06755915534913456,0.06492612123406237,0.06735638900497176,0.06435723519949281,0.06594268727956272,0.06219253537734892,0.05934462683262672,0.06677885346720525,57.71708742394504,57.01330199253047,57.15025132547913,57.90133831029239,56.6349165066332,57.81576176938757,56.38175622658064,57.1022190620768,54.821908934260385,39.73827704049728,14.573303454664366,0.0026330341150721803,-2.3464114152017216e-05,0.0026564982292241967,0.061115783008987234,0.06705249999999971,0.07298921699101217,0.0058709999999999865,52.667861574520785,51.1822287951023,49.48155404731538,54.86689654247189,-0.6298690535388097,0.005490999999999635,52.30807072267525,0.068393,0.9313818665652951,0
2019-06-03,0.069002,0.069074,0.063226,0.063539,0.063539,7363174.0,66,0.17148819053862793,0.06713121428571425,0.06688519047619024,0.06735859999999956,0.06750900000000011,0.06435392307692288,0.06718246153846172,0.06274759999999993,0.0671710999999997,0.06054900000000029,0.05815556999999985,0.05022381499999983,0.06666825735397118,0.06555643429160521,0.0669217592237385,0.06694066991080617,0.06482337151302073,0.06681104771854722,0.0643044458317836,0.06571376468150912,0.062245337911570525,0.05942768372703016,0.06674661611927285,48.63342467457328,50.67727878594144,35.368143680767616,47.47077775552005,51.370595991110456,48.1075390879665,51.726800650804755,50.48916960245765,51.90739754906031,38.9887814986964,14.532295522483444,0.002117298397785447,-0.0004313598651510004,0.0025486582629364474,0.0616491601463644,0.0671710999999997,0.07269303985363501,-0.0007120000000000043,3.3885460647395687,33.31389882841825,38.29359975573816,46.810340861707935,-11.218067382450867,0.005150999999999628,43.63088006890524,0.06903,-7.954512530783708,-1
2019-06-04,0.063498,0.063547,0.057347,0.058388,0.058388,11100082.0,42,0.1712695455390905,0.06655428571428568,0.0667528571428569,0.06574079999999956,0.06711141666666677,0.0646609999999998,0.06680738461538481,0.06289469999999991,0.06662784999999971,0.0604821000000003,0.05828016999999985,0.05015084499999983,0.06556422304010834,0.06490475844691382,0.06407717281582567,0.06562487453991292,0.06434667732687105,0.06560775518732619,0.06392273964908789,0.06501607280707969,0.062094069758175614,0.0594070959304553,0.06666344580962834,41.99113861677165,45.68749835180945,24.74949162896465,40.12502116151288,47.105217321885654,41.13034754171021,47.893817244534524,45.319494527758074,49.39474395564198,38.30428867019091,14.493845229813935,0.0012781972130418704,-0.0010163688399156617,0.002294566052957532,0.059951225095485,0.06662784999999971,0.07330447490451443,-0.008154999999999989,8.058522991175114,21.3716435434784,32.99875108824427,40.257968297099204,-25.195745079077806,-0.0016800000000003618,41.50261390046116,0.063539,-8.106832024425936,-1
2019-06-05,0.058420000000000014,0.060913,0.058191,0.060068,0.060068,5695714.0,27,0.17115764872712624,0.06632599999999997,0.06631547619047595,0.06388359999999955,0.06676283333333345,0.06501899999999981,0.06656961538461559,0.06316009999999991,0.06608139999999971,0.060434740000000285,0.05840415999999985,0.05009526499999983,0.06483139330142723,0.06446505313355802,0.06274078187721711,0.0647699707645417,0.06402973826562135,0.06481636158913673,0.06367404676850158,0.064544827777834,0.06201461604216873,0.059420183139753224,0.06659781948316437,44.63360763181051,47.45523955015014,32.662034771185745,43.228985206559955,48.552052922055815,43.98388079153435,49.163385666388244,47.17190406559516,50.196752380643865,38.659035843293964,14.567937024769765,0.0007402324989203567,-0.0012434668432297405,0.0019836993421500967,0.059127230046140074,0.06608139999999971,0.07303556995385935,-0.009658,21.063632141198298,10.836900399037576,25.81277032352559,32.36837372250261,-10.466334817919767,-0.000715000000000382,42.24263553900053,0.058388,2.8773035555251125,1
2019-06-06,0.06015,0.061902,0.058865,0.060783,0.060783,6317018.0,34,0.17103468910291675,0.06615628571428568,0.065829095238095,0.06236159999999956,0.06628283333333346,0.06517111538461519,0.06630284615384635,0.06346879999999992,0.06589254999999973,0.06039596000000029,0.05854094999999985,0.05004013999999983,0.0642916075279036,0.06413032103050731,0.06208818791814474,0.0641565906469199,0.06378923913483459,0.06424016707640291,0.06348752762214663,0.06418655846565934,0.061966317373848376,0.05944716961223335,0.06653996058283437,45.760268160789316,48.206847506447446,36.093875619179386,44.55423741420974,49.16658255964947,45.20130826769567,49.70233983414594,47.95972966929934,50.53705104224464,38.8102737340135,14.59958861424184,0.00036735151208532046,-0.0012930782640518212,0.0016604297761371415,0.05856908552003744,0.06589254999999973,0.07321601447996201,-0.010851999999999999,26.59854466635705,18.573566599576736,22.355421487598072,27.05564763312258,-7.628587940666463,-0.00249300000000037,46.357060029091215,0.060068,1.1903176400079873,1
2019-06-07,0.060818,0.064099,0.059638,0.063276,0.063276,7862475.0,27,0.1708845440584649,0.06608664285714283,0.06576795238095215,0.061210799999999566,0.06574533333333346,0.06551730769230749,0.06605153846153866,0.06385723333333325,0.06590514999999972,0.06039906000000029,0.05871693999999985,0.05005324499999983,0.06415619319084978,0.06405265548227937,0.06248412527876316,0.06402111516277838,0.06375122142114313,0.06410242892263107,0.06347388067878232,0.06409983861178703,0.062017677476834725,0.059522988035753475,0.06650748336310468,49.59225150997314,50.77863583515664,47.325979285092885,49.047061906699064,51.273961054851945,49.3358885743654,51.55288550109547,50.65389090683049,51.71051976032837,39.336983807086355,14.710315589512662,0.0002698937416352465,-0.0011124288276015161,0.0013823225692367624,0.05860162588238105,0.06590514999999972,0.07320867411761839,-0.005974000000000007,50.55854012108808,32.74023897621439,21.933557196911526,23.367249669345004,-2.99566780348412,0.0011489999999996225,46.12078763764947,0.060783,4.101475741572491,1
2019-06-08,0.063376,0.06388200000000001,0.06078500000000001,0.062127,0.062127,7050292.0,62,0.170750170786078,0.06577121428571428,0.06572523809523786,0.06092839999999956,0.06495300000000014,0.06573965384615364,0.0654670000000002,0.06424799999999993,0.06555239999999972,0.06037304000000027,0.05887358999999985,0.05010580499999983,0.06388563409873647,0.06387759589298124,0.06236508351917544,0.06372971283004324,0.06363090872328067,0.06382022479082664,0.06338698515111896,0.06391194922018825,0.062021964634605915,0.0595745526291049,0.0664638964639693,47.92043799400508,49.589707819563436,43.1331357929536,47.13984917281355,50.276386283846534,47.55498769370263,50.66511794006661,49.41584342537558,51.14015657353088,39.17999214684039,14.701486446865275,9.8804106762565e-05,-0.001026814769979358,0.001125618876741923,0.05823378671750265,0.06555239999999972,0.07287101328249677,-0.006623999999999998,70.79383886255913,49.316974550001326,35.41461575647544,26.567864813661622,-14.061902942300248,0.0020799999999996104,45.58875149016616,0.063276,-1.8158543523610793,-1
2019-06-09,0.06168,0.062705,0.058838,0.060047,0.060047,11104339.0,62,0.1705358299626864,0.06507985714285712,0.06529023809523786,0.061260199999999564,0.06418608333333346,0.06569657692307672,0.06457561538461559,0.0645575666666666,0.06522629999999971,0.060324440000000285,0.05901151999999985,0.05013396499999983,0.06337381621890495,0.06352935990271022,0.061592389012783626,0.0631631416254212,0.06336543400303768,0.0632811926778514,0.06317150223814354,0.06354385881826556,0.06194451504109195,0.059583908022587964,0.0664000467479099,44.9794409433269,47.48135017129931,36.171650357419175,43.799722678874595,48.50241859275557,44.4284346862126,49.08397982579338,47.22202006295775,50.119400599543155,38.89616950415783,14.685450552495544,-0.00020229237761645869,-0.0010623290034867054,0.0008600366258702468,0.057527098316174585,0.06522629999999971,0.07292550168382482,-0.00642999999999999,31.41503046716321,50.92246981693672,40.085917251673045,32.478030068353284,-31.94284017029132,-0.002408000000000382,42.523880533302744,0.062127,-3.3479807491106905,-1
2019-06-10,0.059929,0.063106,0.058996000000000014,0.062455,0.062455,17364010.0,46,0.17020532647955713,0.06442414285714282,0.06509433333333309,0.06173759999999956,0.06366141666666679,0.06543511538461519,0.06405292307692327,0.06474513333333325,0.06502579999999973,0.060346460000000275,0.05917114999999985,0.05018258499999983,0.06325130738971763,0.06343169082064565,0.061879926008522414,0.06305419675997179,0.0632979944472571,0.06316316515244405,0.06312527628729557,0.06344015797843075,0.06196453405908834,0.059640761329071375,0.06636079255141329,48.87161502007873,50.05664514333368,47.86182733225992,48.386360652931174,50.59802411707596,48.63846791359447,50.91642310407939,49.924386097544954,51.26799701988126,39.409388299879616,14.793584844770574,-0.00024379768728531592,-0.0008830674505244502,0.000639269763239134,0.057253909663001874,0.06502579999999973,0.07279769033699758,-0.006899000000000002,68.7511879870746,56.98668577226556,49.62342842084831,41.70798714299888,-29.80519480519477,0.001848999999999629,50.77928109646153,0.060047,4.010192016253922,1
2019-06-11,0.062179,0.062792,0.059519,0.060605999999999986,0.060605999999999986,5845795.0,61,0.17009395170343328,0.06380671428571426,0.06481533333333309,0.06170219999999956,0.06317216666666679,0.06503546153846132,0.06342638461538481,0.06495616666666658,0.06489289999999971,0.060319460000000276,0.05931883999999985,0.05022813999999984,0.06289859973775527,0.06317480983695059,0.061455284005681614,0.06267755110459151,0.06309858745116398,0.06279785584495204,0.0629627423332765,0.06317023817096115,0.061911258213633885,0.059659874966119464,0.06630353093398629,46.18379300472296,48.15706655165549,40.950950789777,45.310296141527026,49.007798517171075,45.77106312998991,49.50282187404312,47.94511403963621,50.35975825997605,39.1543438542901,14.779129259546389,-0.0004210363465724648,-0.0008482448878492791,0.0004272085412768143,0.05690622330757829,0.06489289999999971,0.07287957669242114,-0.007787000000000009,33.605778369131045,44.59066560778953,51.02487516140311,46.911406944641435,-28.56198784033835,-0.0012160000000003973,54.47239686742785,0.062455,-2.9605315827395895,-1
2019-06-12,0.060605999999999986,0.062856,0.059301,0.061822,0.061822,10730647.0,60,0.16989076144355858,0.06331178571428568,0.06474666666666642,0.06141139999999955,0.06254450000000013,0.06493015384615365,0.0630683076923079,0.06513869999999991,0.06482604999999972,0.060340120000000275,0.05950729999999985,0.050308219999999834,0.06275505310605457,0.06305182712450054,0.0615775226704544,0.06254592785773128,0.06300402541774443,0.06265844786710174,0.06288914605371028,0.06304183453563153,0.0619077578915306,0.05970268932322601,0.06625893858638443,48.191519534063865,49.47798569574358,46.99138584305923,47.68002563441723,50.07930036939744,47.94454832010605,50.43791676314714,49.33222298923398,50.94273847803365,39.41477978698769,14.834132787998845,-0.00045809756001315144,-0.0007082448810319728,0.0002501473210188212,0.05675631562820204,0.06482604999999972,0.07289578437179739,-0.007207999999999992,59.15939730372713,53.838787886644155,52.745046597930916,51.131116726727406,-22.36532068041693,-0.0012900000000003742,54.529978772217206,0.060605999999999986,2.0064020064020305,1
2019-06-13,0.061679,0.063888,0.061328,0.063112,0.063112,6408058.0,63,0.16977139867223834,0.06307142857142854,0.06474442857142833,0.06160839999999955,0.06210441666666677,0.06493353846153826,0.06258815384615404,0.06520353333333324,0.06476909999999972,0.06048990000000026,0.059670629999999864,0.05038145499999983,0.0628026460252473,0.06305729738590958,0.06208901511363628,0.06263301587961878,0.06301202353494854,0.06272324102894435,0.06290352372766446,0.06304851696080947,0.06195498307225489,0.05977020042573637,0.06622762576462936,50.29905772751547,50.86921865994642,53.09903982970025,50.16186258808669,51.20877743261864,50.223779268302714,51.42398513923163,50.792795759296894,51.558333799341575,39.69136460420654,14.892697175740906,-0.0003790076553297772,-0.0005033239810788787,0.0001243163257491015,0.056666269697873375,0.06476909999999972,0.07287193030212606,-0.0004269999999999968,84.63366336633666,59.132946346398185,55.51301149868642,53.094311086006776,-11.21778844551111,0.000977999999999618,56.41978829883168,0.061822,2.086635825434313,1
2019-06-14,0.062005,0.06400299999999999,0.059568,0.062134,0.062134,10914838.0,67,0.16956704309633813,0.06255571428571426,0.0646436190476188,0.06202579999999956,0.06152975000000011,0.06466246153846134,0.062106692307692515,0.06496623333333325,0.06454864999999971,0.06068178000000026,0.059824379999999865,0.05046590499999983,0.062713493221881,0.0629733612599178,0.06210401007575751,0.06255624420583128,0.06294698475458199,0.06263906373909515,0.06285387703555707,0.06296142010739905,0.06196200334393118,0.05981700833809804,0.06618689316995642,48.69016096691272,49.78046241522014,48.06110949406255,48.280849247833004,50.312561334709244,48.49033020921426,50.634769112851664,49.653389264133466,51.06283088470065,39.553099468163225,14.88489835184397,-0.000390740548750726,-0.000412045499599862,2.1304950849135998e-05,0.05640920224233253,0.06454864999999971,0.0726880977576669,0.0037459999999999993,62.67225883762738,68.8217731692303,61.76445717277925,56.674171756465476,-25.695779059007677,-0.0019110000000003772,53.42327178130728,0.063112,-1.5496260616047697,-1
2019-06-15,0.062847,0.064845,0.061136,0.064045,0.064045,6323727.0,75,0.16945057869243255,0.062245142857142825,0.06452466666666641,0.06234379999999956,0.061571916666666775,0.0645653846153844,0.061723230769230975,0.0647344999999999,0.0642645999999997,0.060903240000000275,0.059989599999999865,0.05055824499999983,0.06289102745896354,0.06307078296356164,0.06275100671717168,0.0627852835587803,0.06302831921720553,0.06283991177636727,0.06293072367842438,0.06306461819240866,0.06204368948730641,0.059900730945264415,0.06616558080010612,51.91051424100947,51.88836681307368,57.51310598077014,52.084317848714065,52.01657027240572,51.978098029850884,52.11851672522274,51.86860561124366,51.982577477920245,39.96582223642489,14.972337091919966,-0.00024303565842524746,-0.0002114724874195068,-3.156317100574069e-05,0.05649793142204474,0.0642645999999997,0.07203126857795468,0.0039770000000000074,85.56998556998566,77.62530259131647,65.12821668936147,60.80189512027567,-14.968328284219108,0.0011849999999996306,57.19876607585953,0.062134,3.075610776708415,1
2019-06-16,0.064045,0.065778,0.062218,0.06286,0.06286,7795228.0,80,0.16930773795510098,0.06180442857142855,0.06419771428571404,0.06279459999999956,0.06194458333333345,0.06442673076923056,0.06167100000000021,0.06467783333333324,0.0638258499999997,0.061078140000000274,0.06015507999999985,0.05061953499999984,0.06288689046443506,0.06305162087596512,0.06278733781144777,0.06279677839589103,0.06301585112704218,0.06284278152260052,0.0629261608604615,0.0630451307455126,0.062075701664274785,0.0599593303324869,0.06613268944886129,49.832555545854724,50.51107532300255,50.65377708112139,49.632359213904785,50.892667980840365,49.729483087588186,51.13372499197773,50.42406186922128,51.37189874220372,39.79564597180861,14.962757816928894,-0.00021907273115114034,-0.00015000764811631972,-6.906508303482063e-05,0.056862404202211114,0.0638258499999997,0.0707892957977883,0.0020769999999999955,54.948278524007996,67.73017431054025,69.39671672033684,65.42979686082583,-20.847411812406982,-0.0016420000000003654,55.27471755645932,0.064045,-1.8502615348583107,-1
2019-06-17,0.06287999999999999,0.06529299999999999,0.06287999999999999,0.064502,0.064502,6494720.0,84,0.16918970308327033,0.06187321428571425,0.06385804761904737,0.06333059999999956,0.062314083333333464,0.06447434615384594,0.0621413076923079,0.0647270999999999,0.0635884499999997,0.061313440000000274,0.06032026999999985,0.050694039999999836,0.06310223840251039,0.06318347352360466,0.06335889187429852,0.06305912018113856,0.06312593622874274,0.06307981273365759,0.06302782790172205,0.06318388019832093,0.06217085061861696,0.06004928418728914,0.06611646368320097,52.64672121453544,52.347201253260444,58.82025052140796,52.95680944783332,52.373417106214866,52.77793381457892,52.42097564477421,52.354654765664996,52.16612731276135,40.152289176647976,15.038456147870978,-6.68160476041818e-05,1.7992283445110522e-06,-6.861527594869286e-05,0.05709579677623961,0.0635884499999997,0.0700811032237598,0.0012260000000000046,79.45249597423512,73.32358668940951,73.45533645443847,69.32675662137888,3.740241581543611,0.0022079999999996547,55.0440979762397,0.06286,2.6121539930003213,1
2019-06-18,0.064623,0.064861,0.060409,0.062294,0.062294,5198139.0,83,0.1690938928703878,0.06215221428571425,0.06352680952380928,0.06316699999999956,0.06244000000000011,0.06444107692307671,0.06231253846153866,0.0644974999999999,0.0632655999999997,0.061548580000000276,0.06047083999999985,0.050766404999999834,0.06299447328217568,0.06310261229418605,0.06300392791619902,0.06294140938404033,0.06306431132290995,0.06296755377170651,0.06298048416612709,0.06309912970324275,0.062175680006122176,0.06009373400536262,0.06607842921869153,48.70999756182801,49.74709284829292,46.4230985647521,48.31157687664374,50.257248882112684,48.51731043497761,50.56994864346033,49.6260258595105,51.02311412011885,39.83182202839298,15.020386477840743,-0.00012290193886962952,-4.3429330336749335e-05,-7.947260853288019e-05,0.05722759529647459,0.0632655999999997,0.06930360470352481,0.00016700000000000742,43.8969404186796,59.43257163897415,65.30799186490705,69.38668167989408,17.128573934397593,0.00025099999999966816,56.274637213355,0.064502,-3.423149669777681,-1
2019-06-19,0.062389,0.064652,0.06053500000000001,0.062043,0.062043,5361285.0,82,0.16899515270162632,0.062293285714285676,0.06320738095238071,0.06314879999999956,0.06233725000000012,0.06435615384615365,0.062409461538461726,0.06434663333333324,0.06304389999999971,0.061747220000000276,0.06061870999999985,0.05082944999999983,0.06286761017788557,0.0630062839038055,0.06268361861079935,0.06280319255572643,0.06298865863232403,0.06283547466146272,0.06292000131669953,0.06299854592198154,0.062170476868627186,0.06013233333198911,0.06603827569412743,48.270372816698845,49.454554824360685,45.125695667903,47.79527068290138,50.01866754656508,48.042515760472234,50.361058668944004,49.31921601447394,50.89381294865665,39.795354896015574,15.018324855192544,-0.0001854660765976124,-8.479477445178576e-05,-0.00010067130214582664,0.057179255320153916,0.06304389999999971,0.0689085446798455,0.001995999999999991,30.433972806853976,51.26113639992281,58.860334658752386,65.8745543260326,9.239766081871457,1.799999999965718e-05,52.74515059168165,0.062294,-0.4029280508556221,0
2019-06-20,0.063678,0.06442200000000001,0.060925,0.062025,0.062025,6074903.0,81,0.16888353989055468,0.062381999999999965,0.06299538095238072,0.06274479999999956,0.0623287500000001,0.0641823846153844,0.062313230769230975,0.06419863333333324,0.06267744999999972,0.061943280000000274,0.06074091999999985,0.05089197499999983,0.06275526215416749,0.06291707627618681,0.062464079073866224,0.0626834706240762,0.06291727651141114,0.06271969256696805,0.0628622592962673,0.0629058272627452,0.062164771893386914,0.0601698118798705,0.06599834260264356,48.23692208536868,49.43271589926479,45.017427337248584,47.7556208366795,50.000990668630635,48.00623384353805,50.34564783145757,49.296267112509,50.884380619541,39.792716164632246,15.018176292380025,-0.00023380588733494526,-0.00010650766815129489,-0.00012729821918365034,0.0576114258151092,0.06267744999999972,0.06774347418489024,-0.0004299999999999998,30.098714844477424,34.80987602333691,47.76608051365072,57.311469012436675,6.006383596092566,-0.002811000000000341,49.361584419671885,0.062043,-0.029012136743877814,0
2019-06-21,0.062565,0.06512000000000001,0.06170700000000001,0.064836,0.064836,6166432.0,84,0.16877200378415255,0.062493428571428526,0.06278023809523786,0.06313999999999956,0.06272783333333344,0.06399430769230749,0.06252161538461558,0.06425103333333324,0.062499599999999725,0.06217724000000027,0.06090244999999985,0.05098385499999983,0.06303269386694517,0.06309152388744256,0.06325471938257747,0.06301462898960294,0.06305940417723255,0.06302202220025832,0.06298959740618554,0.06308965323772185,0.0622695259367835,0.06026221164462554,0.06598677700460731,53.6152996127112,52.83986930902354,62.07108488518743,54.185593069885655,52.71124520305478,53.86574061347167,52.682247329528806,52.890697368385574,52.29278237362338,40.41588113960727,15.14990951935521,-4.4775187629603204e-05,6.601842524323772e-05,-0.00011079361287284092,0.05806846449626914,0.062499599999999725,0.06693073550373031,0.0042300000000000185,90.64291564291592,50.39186776474902,54.90500793743231,53.843807703278436,7.4299866641266545,0.0006629999999996639,51.936251850992015,0.062025,4.532043530834362,1
2019-06-22,0.064836,0.067324,0.063287,0.06417300000000001,0.06417300000000001,9149289.0,83,0.16860858796303574,0.06263957142857139,0.06257928571428548,0.06307419999999955,0.06287100000000011,0.0637073076923075,0.0628390000000002,0.06428483333333325,0.06225674999999972,0.062349880000000274,0.06103338999999986,0.051068159999999835,0.0631847346846858,0.06318983989767506,0.06356081292171832,0.06319283991427943,0.06314189275669681,0.06318644760022142,0.06306594596062517,0.06319282911984359,0.06234417197847826,0.060339652998197324,0.06596872947222315,52.24353482263045,51.97456475456525,57.06184086942714,52.53355111375386,52.02058095225431,52.36673705433049,52.08489321560646,51.97815514125413,51.93450794838642,40.31647559316453,15.144344860831154,5.094715758260926e-05,0.00012939261636436014,-7.844545878175088e-05,0.05894042071189245,0.06225674999999972,0.06557307928810703,0.002351000000000006,54.43239334779477,58.39134127839595,49.90098741214424,50.857358621075726,9.975621647976793,-0.0007510000000003347,46.21317364241806,0.064836,-1.0225800481214131,-1
2019-06-23,0.064177,0.067427,0.06392,0.064924,0.064924,6749358.0,84,0.1684889414185678,0.06298792857142853,0.06238376190476168,0.06360019999999955,0.06323083333333344,0.06354092307692287,0.06302892307692327,0.06430726666666657,0.06232599999999972,0.06257896000000028,0.06116803999999986,0.05117680499999983,0.06341663672672769,0.06334749081606822,0.06401520861447887,0.06345917223515951,0.06327390070064519,0.06343466937161837,0.0631858204147784,0.06335770253700132,0.06244534170481245,0.06043043214674786,0.06595833415409158,53.68177833244338,52.890046574655145,61.30637407370989,54.24538136254414,52.748851745279865,53.93065219647436,52.71249021421639,52.94377560910213,52.312001668944596,40.48394692347472,15.179811511998071,0.00018527153451432243,0.00021097359463685865,-2.570206012253621e-05,0.058843265563140575,0.06232599999999972,0.06580873443685888,0.0018119999999999946,63.68253047011013,69.58594648694019,53.85810542243034,52.888033590668925,25.426203013398773,-0.007089000000000345,46.54585208450987,0.06417300000000001,1.1702741028158048,1
2019-06-24,0.06475700000000001,0.072013,0.06349500000000001,0.072013,0.072013,15958353.0,80,0.16821739972222116,0.06367064285714281,0.06278728571428548,0.06559419999999955,0.06408008333333344,0.0636663846153844,0.06390638461538481,0.0644895999999999,0.06300724999999972,0.06293972000000027,0.06137182999999986,0.05135468999999983,0.06456281849649734,0.06413526437824385,0.06668113907631924,0.06477514573744267,0.06392124138948628,0.0646601451756729,0.06375531587188947,0.06418201658109644,0.06282054399089823,0.060659789926020176,0.06601857958539416,64.49581923397601,60.36206394801141,81.74595342786304,66.57298570149855,58.868763122794476,65.45900818588566,58.06951616073102,60.76351162870238,55.66453294545661,42.034623001228255,15.514800958531275,0.0008539043479563885,0.0007036851264631398,0.00015021922149324873,0.05784334837940708,0.06300724999999972,0.06817115162059237,0.009878999999999992,100.0,72.70497460596822,67.77131086105955,57.176801231878,40.05531807895407,0.0019029999999996552,56.045946952491654,0.064924,10.918920584067514,1
2019-06-25,0.07166499999999999,0.07227599999999999,0.067303,0.07011,0.07011,10895717.0,87,0.16803419998837082,0.06434949999999996,0.06334547619047595,0.06721119999999955,0.06466325000000013,0.06380611538461517,0.06454392307692328,0.0645023999999999,0.06350934999999971,0.06329980000000028,0.06156303999999985,0.05152607999999983,0.06530244269696436,0.06467842216203988,0.06782409271754616,0.06559589254706688,0.06437966795322804,0.06543869586486248,0.0641652954930579,0.06474658643051583,0.06310640501086301,0.06084692279877226,0.06605929023628576,60.43738220931868,57.784589159119314,69.85854653119708,61.73575883785745,56.817327938193735,61.043001806895255,56.30029459675376,58.044690567441904,54.61325918851296,41.73976551724322,15.498287597290814,0.001216224593838841,0.0008528042978764738,0.0003634202959623672,0.0576436475733771,0.06350934999999971,0.06937505242662233,0.006065000000000001,79.50610275333531,81.0628777411484,77.65278844283112,66.42740157544029,39.73908680381357,-0.0007260000000003375,57.722693271233474,0.072013,-2.642578423340214,-1
2019-06-26,0.070345,0.07899400000000001,0.06855,0.070836,0.070836,18492920.0,95,0.1677339520788782,0.0649933571428571,0.06385823809523786,0.06841119999999955,0.06538841666666677,0.06386311538461517,0.06513807692307713,0.06447576666666657,0.06401199999999971,0.06368608000000027,0.06176198999999985,0.05169409499999983,0.06604025033736911,0.0652382019654908,0.06882806181169744,0.0664020629244412,0.06485791477150744,0.06620973931273927,0.06459566352576382,0.06532653057999051,0.06340952638298603,0.06104472630770745,0.06610681968667098,61.429456203723795,58.49294821473039,71.73991315665536,62.85134084939397,57.40538014500721,62.093643967787344,56.818934163663606,58.78343912132636,54.94437829741076,41.89681054031272,15.532757613152913,0.001544148152933758,0.0009445822855771126,0.0005995658673566452,0.057448554435054186,0.06401199999999971,0.07057544556494523,0.007975999999999997,48.061373909721745,75.85582555435228,69.13648009619229,71.52019313336093,38.47861350636061,0.007532999999999652,50.98325879587964,0.07011,1.0355156183140535,1
2019-06-27,0.071116,0.07255,0.059858,0.063303,0.063303,11126199.0,92,0.16753991443513486,0.06500699999999995,0.06397823809523785,0.06823719999999955,0.06532658333333345,0.06366734615384595,0.0652280000000002,0.06427753333333322,0.0640133499999997,0.06391968000000027,0.061885999999999865,0.051818854999999824,0.0656752836257199,0.06506227451408254,0.06698637454113163,0.06592528401298871,0.06474273589954394,0.06579449083949081,0.06451226587894036,0.06513381338189618,0.06340534887777087,0.06108944459864395,0.06607892098332102,48.03774132116063,49.46981359516629,40.36726563927647,47.33782723815057,50.05993062789747,47.714430935099614,50.40489461260711,49.32174700070694,51.00607911050143,40.74577881689808,15.466964796566561,0.001182548113444773,0.000466385796870502,0.0007161623165742707,0.05745053076387044,0.0640133499999997,0.07057616923612897,-0.0011990000000000054,18.002717391304323,48.52339801812038,61.85054490489419,69.54660448130583,0.6437695911558352,-0.005882000000000331,46.7009176137068,0.070836,-10.634423174656948,-1
2019-06-28,0.062598,0.06942899999999999,0.061992,0.069185,0.069185,7823068.0,62,0.16740609072174198,0.06551064285714282,0.06425961904761883,0.06908939999999955,0.06585366666666677,0.06367330769230749,0.06562338461538482,0.06429199999999989,0.06436624999999971,0.06429530000000028,0.06207024999999985,0.05198062999999982,0.06614324580895724,0.06543706774007503,0.06771924969408775,0.06642677878022121,0.06507179249957773,0.06627884929099212,0.06481373259642809,0.06551964067885845,0.06363200186295634,0.06124975262639356,0.06610982724219344,56.05286717428758,55.13161696712574,57.70005402934659,56.43406531885666,54.754430279016425,56.236445880741556,54.545055118307104,55.22985798719754,53.65198161393547,42.00237282025011,15.747016563174554,0.001354986280643497,0.000511059171255381,0.000843927109388116,0.057479463082109425,0.06436624999999971,0.07125303691788998,0.0068909999999999935,48.74059364548491,38.26822831550359,58.86215753996915,63.2830608470185,20.394527521476384,0.0013169999999996795,50.51125468826898,0.063303,9.29181871317315,1
2019-06-29,0.06765299999999999,0.06933500000000001,0.063243,0.067868,0.067868,6141239.0,74,0.16730123029213848,0.06578371428571425,0.06453299999999976,0.06826039999999955,0.06613416666666679,0.06383980769230749,0.06600861538461557,0.06433836666666656,0.06475729999999971,0.06463746000000029,0.06225303999999985,0.05213862999999983,0.06637321303442961,0.0656580615818864,0.06776883312939183,0.06664850512172564,0.06527891898109048,0.06650587082085037,0.06501078210633596,0.0657432939475386,0.06379811943695805,0.06138080702983133,0.06612732149849003,54.05271154534317,53.71972393340501,53.520357792523775,54.16471085831125,53.58325886358082,54.10986294605112,53.51151625530854,53.75650077052949,52.99831748985858,41.80190076303155,15.735286149836119,0.0013695861406351625,0.000420527224997637,0.0009490589156375252,0.05801653411818199,0.06475729999999971,0.07149806588181744,0.005825000000000004,41.85827759197321,36.20052954292074,47.23381305836379,55.982171834409,11.251066835398412,0.007476999999999678,53.77657716264503,0.069185,-1.9035918190359213,-1
2019-06-30,0.06716799999999999,0.068991,0.05519500000000002,0.060391,0.060391,6699650.0,78,0.16718107541468122,0.0656073571428571,0.06454938095238072,0.06631659999999955,0.06597558333333346,0.06391684615384595,0.06569238461538482,0.0640395999999999,0.06465409999999971,0.06470872000000029,0.06234559999999985,0.05225221499999981,0.06557558462983899,0.06517923780171493,0.06530955541959456,0.06568581202607554,0.0649168509084171,0.06563231784644319,0.06471273164786268,0.06523355166682064,0.06366450691001853,0.06136120689062675,0.06607024367263441,44.41269256261116,46.61890944222159,35.83541142609997,43.42476309952113,47.58281529802622,43.948826082259124,48.15819094042742,46.38080030825197,49.505588509697255,40.6883423633831,15.668689043356745,0.0007689611176584371,-0.00014407823838327055,0.0009130393560417077,0.05770494438603035,0.06465409999999971,0.07160325561396909,-0.0016339999999999966,21.83285011975285,37.47724045240359,35.699162531647296,47.26504437666004,-6.1309627275209815,0.0013529999999996878,51.998386261824606,0.067868,-11.01697412624506,-1
2019-07-01,0.060862,0.063347,0.054552,0.059038,0.059038,5885958.0,65,0.1670731997483998,0.06521707142857139,0.06438666666666644,0.06395699999999954,0.06572516666666679,0.06387723076923056,0.06544192307692329,0.06372776666666657,0.06457569999999971,0.06480398000000029,0.06239668999999985,0.052366249999999816,0.06470390667919379,0.06462094345610447,0.06321903694639637,0.0646630717143716,0.06448138047075658,0.06469027243980845,0.06434661992864572,0.06464349912712344,0.06348307526648839,0.061315202793782664,0.06600027109877735,42.92833645942148,45.479284821260435,33.43627837742777,41.79998380685865,46.60214953503931,42.39731443428665,47.27387303553376,45.20239830285917,48.910643576438616,40.491204767092746,15.65663824803732,0.00018169124361502864,-0.0005850784899413433,0.0007667697335563717,0.057402479887753,0.06457569999999971,0.07174892011224643,-0.0057980000000000045,24.92499166574065,29.538706459155488,31.07188608285109,38.001620557620676,-13.666149767395286,9.799999999969555e-05,48.431853988440075,0.060391,-2.240400059611536,-1
2019-07-02,0.05953500000000001,0.062495,0.054633,0.05894,0.05894,8167781.0,63,0.16692345933063815,0.06497749999999998,0.0643073333333331,0.06308439999999954,0.06546808333333347,0.06380634615384595,0.06520323076923099,0.06339143333333325,0.06443159999999971,0.06485586000000029,0.06245931999999985,0.052483474999999814,0.06393538578863461,0.06410449405100407,0.061792691297597575,0.06378259914292983,0.06407090784329313,0.06386880494840724,0.06399780573970082,0.06410030873406407,0.06330491545211629,0.06126816907509389,0.06593001964505818,42.81728057317082,45.39507937950738,33.242836925777134,41.677620777120865,46.53001839456513,42.280884463798046,47.20898992222021,45.11522250787549,48.867255645172726,40.476857938647925,15.655761748698636,-0.00028830870036331,-0.0008440627471357454,0.0005557540467724353,0.056917758501608164,0.06443159999999971,0.07194544149839127,-0.005233000000000009,29.49519392350611,25.417678569666467,33.370381389291445,33.3804766679299,-8.856147021546207,-0.0024730000000003087,48.99510763798835,0.059038,-0.16599478302110615,0
2019-07-03,0.058955,0.064045,0.058253,0.061413,0.061413,5552582.0,79,0.16682429010071256,0.06493249999999998,0.06428785714285691,0.061529999999999536,0.06518283333333348,0.0637346923076921,0.06515615384615406,0.06332056666666658,0.0643466499999997,0.06486078000000027,0.06248117999999985,0.0526114499999998,0.06359906768348332,0.06385981277364007,0.06166612753173172,0.06341804542863293,0.06387402578082697,0.06351797567006336,0.06383104407907497,0.0638443745689151,0.0632307226892882,0.06127103701420095,0.06588507417595311,46.555475988934546,47.94311858419275,43.19460957911349,45.999126016259325,48.61425935817069,46.28927628767931,49.033043847389386,47.783491489344556,50.00870890232746,41.00957444038588,15.775341167559526,-0.00045598035219404637,-0.0008093875191731855,0.00035340716697913904,0.056732246909056074,0.0643466499999997,0.07196105309094332,-0.003510999999999993,46.411418521274435,33.61053470350699,32.90454636444936,32.448937945530574,-1.5713074275451813,0.003280999999999687,51.98770188757411,0.05894,4.195792331184256,1
2019-07-04,0.061682000000000015,0.06286699999999999,0.058122,0.058132,0.058132,5624391.0,76,0.16672257507677704,0.06465442857142854,0.06405071428571404,0.05958279999999955,0.0646794166666668,0.06358103846153826,0.06464046153846176,0.06331203333333324,0.06414654999999972,0.06463836000000027,0.06246643999999985,0.05272559999999981,0.06287012532568556,0.06333910252149097,0.060488085021154485,0.0626048076703817,0.06344869053780275,0.06274855057434002,0.06346336381590885,0.0633003388956851,0.06303077277990435,0.06120887786540489,0.06580792915927698,42.59705394319943,45.02303935391547,34.909325692068194,41.57178749288179,46.13652196781068,42.110862603549904,46.81541368323495,44.75261963311609,48.54227844525282,40.52359073277632,15.74557604003432,-0.0008438828674210419,-0.0009578320275201447,0.00011394916009910283,0.05608982815196284,0.06414654999999972,0.0722032718480366,-0.01388099999999999,24.793960800609504,33.566857748463285,29.49168300617662,31.922203586639096,-8.978942269990938,-0.0017530000000003099,51.96154196192789,0.061413,-5.342517056649243,-1
2019-07-05,0.05804,0.061495000000000015,0.057521,0.059885,0.059885,3094630.0,67,0.16666665388715446,0.06430078571428569,0.06394361904761882,0.059481599999999565,0.06425950000000012,0.06357480769230749,0.06431061538461559,0.06330593333333323,0.06393854999999972,0.06441612000000027,0.06244654999999985,0.052831174999999814,0.06247210861559415,0.06302509320135542,0.06028705668076965,0.062186375721092216,0.06318471346092848,0.06233947192086287,0.06323250163423731,0.06297506852466747,0.06290740914147673,0.061182662462129535,0.0657489945407767,45.26136073374903,46.83550232027825,42.037552182797754,44.6550395069752,47.6178161043875,44.969098321817796,48.11107375353445,46.65099041512646,49.351666604306295,40.901519388241184,15.830851421090394,-0.0009983377398362495,-0.000889829519948282,-0.00010850821988796768,0.05565907176893106,0.06393854999999972,0.07221802823106838,-0.010225000000000005,56.17823659538607,42.461205305756586,36.36076030130326,32.9189965573097,-11.70476843424191,0.00018499999999968544,48.2300299274403,0.058132,3.0155508153856703,1
2019-07-06,0.059858,0.061446,0.059632,0.0597,0.0597,2310608.0,72,0.16662518220401512,0.06398128571428567,0.06373671428571406,0.05961399999999956,0.06323341666666679,0.06346884615384596,0.06390876923076944,0.06326983333333322,0.06378054999999973,0.06431892000000028,0.06245240999999985,0.052933009999999815,0.06210249413351492,0.0627228120012322,0.0600913711205131,0.06180385637938573,0.06292658653789672,0.06196240450359675,0.06300459830299619,0.0626631572366039,0.06278162839083057,0.0611533028094141,0.06568880554037097,45.02506415934371,46.665413124280576,41.46252349908896,44.38724814540699,47.47473256770978,44.718164369178744,47.98359777666988,46.47403703536252,49.268247908417464,40.873835845725885,15.829152221148266,-0.0011227301585110122,-0.0008113775508984358,-0.00031135260761257656,0.05529633412953566,0.06378054999999973,0.07226476587046379,-0.011135999999999991,53.8355291117722,44.93590883592249,42.14286779050957,35.998437032663105,-10.695583558499283,0.00010499999999968869,45.15295715195267,0.059885,-0.3089254404274766,0
2019-07-07,0.059874,0.061253,0.058848,0.059595,0.059595,2727394.0,67,0.16657610561804154,0.06360064285714281,0.06358123809523789,0.05974499999999956,0.06235716666666679,0.06342996153846135,0.06295353846153867,0.06314713333333324,0.06353519999999972,0.06425034000000028,0.06244863999999985,0.05303570999999981,0.06176816158237961,0.062438465455665636,0.05992591408034208,0.061464032321018686,0.06267980234990439,0.061624203860225775,0.06278462421893193,0.062370951785498764,0.06265666257158232,0.061122445328039565,0.06562817065937225,44.88257285633808,46.564863411145275,41.079805153067284,44.224181339468295,47.39080159924421,44.56616117000616,47.90914862352661,46.3692193301246,49.22008400622841,40.85798333360847,15.828183151679339,-0.0012157700288857045,-0.0007235339370185022,-0.0004922360918672022,0.054857236120463886,0.06353519999999972,0.07221316387953555,-0.003707999999999996,31.79031269160023,47.26802613291941,42.60189154412839,40.368506545313686,-12.942319368548812,-0.001993000000000314,45.78021184383992,0.0597,-0.17587939698492372,0
2019-07-08,0.059591,0.061912,0.05886900000000001,0.061588,0.061588,4680207.0,74,0.16649269782400514,0.06285599999999995,0.06344247619047598,0.05977999999999956,0.06158650000000013,0.06342096153846134,0.0622980000000002,0.06312916666666657,0.06349989999999972,0.06409846000000027,0.06246610999999985,0.05313423999999982,0.06174414003806233,0.062361150414241485,0.06047994272022805,0.061483104271631187,0.06259892810176332,0.06161903188019353,0.0627074226564202,0.0622963849487846,0.06261475423544184,0.06113166423243481,0.06558796995629393,48.215422184404325,48.76026503640476,51.31542561348847,48.14165514128657,49.162352238197776,48.167574562235,49.44754292292984,48.676232508341634,50.16332310573979,41.29447010223876,15.926367244169493,-0.0011158238301321249,-0.0004988701906119381,-0.0006169536395201865,0.0547949756852163,0.06349989999999972,0.07220482431478313,-0.007597,76.07557052001498,53.900470774462384,48.5347219438765,44.42649375950477,-28.894925025638145,0.0015079999999996901,46.159759217120715,0.059595,3.344240288614797,1
2019-07-09,0.061591,0.062183,0.059488,0.06008,0.06008,3886547.0,84,0.16642339926031208,0.062139571428571384,0.06333704761904739,0.06016959999999955,0.061317916666666784,0.06330434615384596,0.06147061538461559,0.06313026666666657,0.06340174999999973,0.06396868000000028,0.062469499999999865,0.053227264999999815,0.061522254699654014,0.0621537731038559,0.06034662848015202,0.061267242075995626,0.06241234083496604,0.06139917018302302,0.0625379115172963,0.062085300667947964,0.06251535210856178,0.06111083919812919,0.06553316428508701,45.9622949586264,47.22235089477653,44.324020951910455,45.52089606306668,47.89508759754264,45.74583039680986,48.33152495590416,47.067655472858725,49.454351981627475,41.06286951000782,15.912252721320796,-0.0011450987589704115,-0.00042251609556018,-0.0007225826634102315,0.05458412292036082,0.06340174999999973,0.0722193770796386,-0.007788000000000003,54.89060489060471,54.2521627007399,54.55405076187554,48.5635547499601,-28.107835444456892,0.006218999999999683,42.54776585602706,0.061588,-2.448528934207961,-1
2019-07-10,0.060064,0.060267,0.052165,0.053861,0.053861,4344866.0,83,0.16634226965223375,0.060927071428571386,0.06294742857142832,0.05896479999999954,0.0600409166666668,0.06298615384615365,0.0607443076923079,0.06284379999999991,0.0629935499999997,0.06371660000000028,0.062390179999999865,0.05328110999999981,0.06050075407303347,0.06139988463986901,0.05818475232010136,0.060127820218150135,0.06177890818052411,0.06032228872830545,0.06197811077424493,0.061302033937667214,0.06217596575136326,0.06096727802588901,0.06541702334692695,38.09613014049615,41.55922662874468,26.47405400595245,36.61551430684893,43.13342874848197,37.395608965639255,44.09085346782725,41.175522485108935,46.67921045111547,40.125504236688435,15.854019055733945,-0.0016510879623739675,-0.0007428042391709889,-0.0009082837232029787,0.053205124773727734,0.0629935499999997,0.07278197522627168,-0.006530000000000001,16.92952685166702,49.298567420762154,46.704308813131725,49.93102717296121,-41.22446997110035,0.004284999999999692,37.33663365552576,0.06008,-10.351198402130501,-1
2019-07-11,0.053875,0.054524,0.047607,0.049576,0.049576,4352874.0,62,0.16625755154750696,0.05994657142857139,0.062354619047618826,0.05693999999999955,0.05851658333333345,0.06242965384615365,0.059235923076923276,0.06247613333333324,0.0622305499999997,0.06344284000000028,0.062205169999999865,0.053309489999999814,0.059044120196629024,0.06032498603624455,0.055315168213400906,0.05850446326151166,0.060874989056040836,0.058787104624261816,0.061177974595261385,0.060185268800746525,0.061681849447388234,0.060741708163990216,0.06525940122407195,33.8228179891301,38.24826685930185,19.860899218952245,31.949948894999913,40.2688718468124,32.93477435308588,41.49842683763015,37.75607178775793,44.908138850147026,39.49804316281659,15.813943553297609,-0.002370525794529184,-0.0011697936570609641,-0.00120073213746822,0.05080476502455697,0.0622305499999997,0.07365633497544244,-0.009461999999999998,13.508507135016494,28.442879625762657,38.63890441778057,46.63242133092924,-36.19130480634867,-0.0015990000000003085,40.11257654158555,0.053861,-7.955663652735745,-1
2019-07-12,0.049617,0.051414,0.048519,0.051175,0.051175,1829943.0,33,0.1662219117602628,0.058660142857142814,0.06170409523809501,0.055255999999999535,0.057748583333333464,0.06198023076923057,0.05795184615384636,0.06212123333333324,0.0615806499999997,0.06320316000000027,0.061983479999999876,0.05333586999999981,0.05799490417041181,0.05949316912385867,0.05393511214226727,0.057376853528971414,0.06015647134818596,0.057699661106510126,0.0605326213955671,0.059327147962580186,0.06126981613572595,0.06055226839836665,0.06511925792831004,36.66335011311002,40.113430355685466,27.92326046757347,35.28354958031396,41.76751033888363,36.002663967348035,42.795388344689506,39.71760061091831,45.69241839888772,39.85253206704584,15.893675424060078,-0.0027796178192145554,-0.0012631085453970686,-0.001516509273817487,0.04918276949736202,0.0615806499999997,0.07397853050263739,-0.007765000000000002,24.47859495060373,18.305542979095662,37.17656086958128,40.839924700164495,-53.52790822088806,0.001916999999999697,40.68995561632159,0.049576,3.225350976278829,1
2019-07-13,0.051167,0.051326,0.048154,0.049258,0.049258,1537874.0,65,0.16619177310358788,0.057330857142857086,0.06099385714285691,0.05278999999999954,0.05693358333333345,0.06139392307692289,0.05709546153846175,0.061659433333333236,0.060797349999999716,0.06290330000000027,0.06176910999999988,0.05337887499999981,0.0568299836143569,0.05856269920350789,0.052376074761511515,0.05612779913989888,0.05934917717424626,0.05649370951986581,0.059805226466820835,0.0583681814899535,0.06079876452256022,0.060328619519191065,0.0649614344663368,34.747540376936996,38.647328088682265,24.392778796098586,33.17295400662829,40.50236445094106,33.99489221365516,41.65144708424554,38.20212762143048,44.91059957979435,39.57178585987874,15.875559498027966,-0.003221378034347376,-0.0013638950084239113,-0.0018574830259234648,0.047353440163403634,0.060797349999999716,0.07424125983659577,-0.012155000000000006,11.32683863885839,16.437980241492784,24.226814493349963,33.347426593570574,-54.34211294749751,0.007327999999999695,40.734930557563956,0.051175,-3.7459697117733226,-1
2019-07-14,0.049183,0.049586,0.041896,0.04193,0.04193,3257953.0,61,0.1661251815616155,0.056012214285714235,0.059898904761904535,0.04915999999999954,0.055516083333333466,0.06061069230769212,0.055779461538461736,0.06098596666666657,0.05929319999999971,0.06241104000000027,0.061446199999999875,0.05338993499999981,0.054843319132442656,0.05705063563955263,0.04889404984100768,0.053943522349145206,0.05805886775393172,0.05441317958845642,0.058651986049606586,0.05680264039567221,0.0600588129726559,0.059964290419801135,0.0647322659641842,28.621972446664106,33.71289519869906,15.438670718220436,26.586892438967446,36.155016981826336,27.647639472175477,37.67360349451554,33.128489605949014,42.10176721663496,38.52399638216033,15.806345001280894,-0.004115345404786515,-0.001806289903090441,-0.0023090555016960753,0.04447183826698618,0.05929319999999971,0.07411456173301324,-0.016202,0.18507430188888055,11.996835963783582,13.285708375606788,24.89636124617931,-54.1425931900167,-0.0009560000000003037,34.80155688232433,0.049258,-14.876771285882494,-1
2019-07-15,0.041974,0.044408,0.039266,0.042886,0.042886,3470891.0,16,0.16605298731679036,0.05485849999999996,0.058511904761904536,0.04696499999999955,0.05397216666666679,0.059873884615384426,0.054544538461538665,0.06028066666666657,0.05793199999999973,0.061874240000000275,0.06114387999999987,0.053422199999999816,0.05324900991478364,0.05576294149050239,0.04689136656067178,0.05224236506466133,0.05693495162401085,0.052766439647248364,0.057634825659309386,0.05547724607227486,0.0593853693266694,0.05962610645109221,0.06451489018344607,30.33849996092565,34.849762032438505,20.034034705311207,28.590587544577776,37.07010699812978,29.49706328700743,38.46582542047564,34.323316183366885,42.57964347576572,38.73773119463959,15.854444184588695,-0.0046925865593495245,-0.0019068248461227586,-0.002785761713226765,0.04231432197325223,0.05793199999999973,0.07354967802674721,-0.016999,23.72525888058722,11.74572394044474,14.64485478139083,17.385792550115823,-47.9287833827893,0.003106999999999693,35.46379380931413,0.04193,2.279990460290948,1
2019-07-16,0.042852,0.045889,0.039447,0.039779,0.039779,3605556.0,34,0.16597778978121494,0.053489857142857096,0.05706757142857121,0.04500559999999955,0.05244275000000012,0.05901826923076904,0.05288038461538482,0.05951129999999991,0.056379149999999725,0.06123712000000028,0.060804849999999876,0.0534215549999998,0.05145300859281249,0.05430985590045671,0.044520577707114525,0.050324924285482665,0.05566414039260265,0.05091109112621288,0.05648283690709587,0.053982175017772485,0.05861649209817256,0.05923309444215969,0.06426876192291425,27.994261305351728,32.9270254376168,16.530551332783332,26.084027324405195,35.35962514549738,27.07482203578756,36.89104642273231,32.35079635419718,41.44564471541953,38.300631695684736,15.824915156565087,-0.0053392161071199795,-0.0020427635151145725,-0.003296452592005408,0.0400060481908613,0.056379149999999725,0.07275225180913815,-0.019921,4.222917352650639,9.377750178375493,12.787736824917655,13.572766660638392,-52.19700890789724,-0.0021660000000002927,31.675808543888483,0.042886,-7.244788509070554,-1
2019-07-17,0.039751,0.043869,0.039542,0.041945,0.041945,3622825.0,19,0.1659023724144089,0.05209928571428567,0.05569180952380931,0.04315959999999955,0.050947750000000125,0.05813784615384595,0.051635230769230975,0.05875939999999991,0.05531124999999972,0.060691020000000276,0.06049721999999987,0.0534334699999998,0.05018527411377082,0.053185778091324284,0.043662051804743016,0.049035705164639176,0.054647907770928365,0.049630220965325315,0.05554491194534776,0.052835777397032255,0.05796270809432265,0.05889075593835455,0.06404663493860664,31.9233028293837,35.524982845304855,27.183287083724128,30.674202324831995,37.44909376291064,31.30965418289899,38.69892915704742,35.08169635599333,42.53392181201162,38.786959002615596,15.934613130716837,-0.005612202606289196,-0.0018526000114270304,-0.0037596025948621655,0.03807622154508025,0.05531124999999972,0.0725462784549192,-0.017650000000000006,22.21393034825866,16.720702193832086,12.334803904448645,13.255798503585675,-53.480577990220354,-0.003118000000000301,34.39039072595218,0.039779,5.445084089595009,1
2019-07-18,0.041979,0.045569,0.041499,0.045063,0.045063,2944088.0,40,0.16584226585454442,0.051165785714285664,0.05482323809523789,0.04232059999999955,0.049728000000000126,0.05740284615384595,0.05049507692307713,0.05818503333333324,0.054105149999999734,0.06021726000000027,0.060258379999999875,0.053460014999999805,0.04950230423193471,0.05244734371938571,0.04412903453649535,0.04842451975469469,0.053937914602711454,0.0489777608274217,0.05486865956177694,0.05209551288302918,0.057456837188662936,0.0586169389890802,0.06385774304867026,37.20782716258049,39.083278469213745,40.336733022595254,36.79518148074861,40.33232311400419,36.982754480772904,41.20436043359246,38.815013911020266,44.060491936838865,39.480516045868,16.092810020852045,-0.005513394848016766,-0.00140303380252368,-0.004110361045493086,0.037597278687396735,0.054105149999999734,0.07061302131260272,-0.016524999999999998,56.17248062015503,27.536442773688027,21.30393230070797,15.475491010024724,-36.06335715665442,8.499999999971032e-05,40.59920636238443,0.041945,7.433543926570496,1
2019-07-19,0.045044,0.045751,0.044093,0.044978,0.044978,2541124.0,42,0.16579081559476716,0.05010099999999995,0.0536705238095236,0.04293019999999954,0.048509916666666784,0.0566356923076921,0.04936261538461559,0.0576161999999999,0.05296064999999972,0.059787280000000276,0.059995109999999886,0.0534941249999998,0.04889906366767675,0.05176831247216883,0.044412023024330234,0.04789428594628012,0.05327421722473283,0.04840636642350432,0.0542305524932752,0.05141765451321688,0.05696747102440165,0.05834686098929644,0.0636698849088825,37.12365583041585,39.02177441067719,40.0997733436414,36.69948610999457,40.27976186102117,36.89330048055075,41.15697540589481,38.75122498074358,44.02796996662735,39.468203445663306,16.091980362868927,-0.00537993127845271,-0.0010156561863676992,-0.0043642750920850105,0.03731918792976754,0.05296064999999972,0.0686021120702319,-0.015101999999999997,86.24490412199906,54.8771050301375,38.51589826473001,24.05154482329551,-43.119956032512796,-0.0021730000000003,37.960106039975464,0.045063,-0.18862481414908538,0
2019-07-20,0.045042,0.04839,0.04482,0.047151,0.047151,3292007.0,34,0.16572524457423976,0.049204642857142815,0.05268399999999979,0.04378319999999955,0.047306833333333465,0.05567946153846133,0.04840538461538483,0.0571203999999999,0.05229864999999971,0.05934322000000027,0.05983142999999989,0.053531744999999804,0.048665988511986516,0.05134855679288075,0.04532501534955349,0.04777993426223702,0.05282064557845632,0.048227028363003695,0.05377380717112841,0.05101130646433908,0.0565825113763859,0.05812516077168661,0.06350551789486376,40.79235182945245,41.48783172891058,49.24642995782265,40.95256943255826,42.27683435102853,40.83336102366075,42.891885689139656,41.33899211753218,45.084933472098854,39.951740273707365,16.20297517332174,-0.005040711316219304,-0.0005411489793074347,-0.0044995623369118685,0.03686192075447059,0.05229864999999971,0.06773537924552883,-0.006710000000000001,86.14558872861458,76.18765782358949,50.99996423433548,36.939931599924456,-34.325337126288986,0.0014329999999996984,40.723799396624344,0.044978,4.831250833740941,1
2019-07-21,0.047165,0.04729,0.044849,0.045718,0.045718,1346069.0,42,0.1656982660369089,0.048213428571428525,0.051985285714285484,0.04497099999999955,0.04611000000000013,0.05474130769230748,0.0471846153846156,0.05648313333333324,0.05163264999999971,0.05888972000000028,0.05965380999999989,0.053551259999999816,0.04827292337705498,0.05083668799352795,0.045456010233035665,0.04746271360650825,0.05229452368375585,0.047868595739717454,0.0532540776762169,0.050507182039163934,0.056156452106723716,0.057879474419772016,0.06332852766705417,39.17722081951822,40.360189248691505,43.937173166738816,39.07686279313457,41.33033972230514,39.09967012641294,42.047102982128905,40.16398539929855,44.51944300018498,39.74030132678142,16.188782444158345,-0.004831810077247603,-0.00026579819226858666,-0.0045660118849790154,0.03627101019890034,0.05163264999999971,0.06699428980109907,-0.003858,69.80108499095847,80.73052594719063,64.11559776199705,51.210486753687476,-36.62733919286296,0.00045999999999969676,46.872245878963604,0.047151,-3.0391720218022833,-1
2019-07-22,0.045738,0.046682,0.044476,0.045258,0.045258,1937034.0,42,0.16565930878386229,0.047046999999999964,0.05132909523809502,0.04563359999999955,0.045393083333333466,0.05375753846153825,0.04604446153846176,0.055852633333333235,0.05094854999999972,0.05841428000000028,0.05948057999999987,0.053579299999999816,0.04787093359344765,0.05032953453957087,0.04539000682202377,0.04712352689781468,0.051773299707181336,0.04749565349118639,0.05273820169710613,0.05000725994019593,0.05572906182802866,0.057629544233241875,0.06314872142161085,38.65088453217611,39.994621971773356,42.18525992418551,38.46421012892147,41.02417327920755,38.53408508197554,41.774186379925744,39.78285172881725,44.33735745245661,39.67222926487806,16.184209032117405,-0.004649772809366667,-6.700873951012102e-05,-0.004582764069856546,0.0357392465109893,0.05094854999999972,0.06615785348901014,-0.0059169999999999995,54.549412276882904,70.16536199881858,70.58269414772191,61.89941871468477,-44.9194036419651,0.0021429999999996873,42.55556807400229,0.045718,-1.0061682488297863,-1
2019-07-23,0.045293,0.045523,0.042231,0.043115,0.043115,2245787.0,40,0.16561347916725047,0.045835214285714236,0.050575523809523584,0.04524399999999956,0.0448546666666668,0.052981076923076714,0.04521784615384637,0.055125666666666566,0.05003364999999972,0.058005800000000274,0.059277399999999876,0.05359539999999981,0.047236809114321286,0.049673667763246235,0.04463167121468251,0.046506830451997036,0.05113194417331606,0.04686984584958833,0.05211734997471218,0.04935085423160585,0.055234392736733424,0.05734212751575194,0.06294938090995303,36.22188045435581,38.30146497127291,34.495851362676426,35.643843242138026,39.60481713638775,35.92677837785085,40.50844712121888,38.01809631907044,43.49207778590437,39.35503613055915,16.162830692654406,-0.0046251137213190255,-3.387972116998365e-05,-0.004591234000149042,0.035280218380996216,0.05003364999999972,0.06478708161900322,-0.006142999999999996,14.352979379769495,46.234492215870226,62.21879389964479,65.63902860312122,-45.86498688799371,-0.0010710000000003217,47.709661088806286,0.045258,-4.735074461973577,-1
2019-07-24,0.043124,0.044836,0.041946,0.044186,0.044186,2579065.0,20,0.1655609050407494,0.04514414285714281,0.049755190476190266,0.045085599999999566,0.04427225000000015,0.05201957692307671,0.04480323076923099,0.054198099999999916,0.04933634999999972,0.057721760000000275,0.05910192999999987,0.05361803999999982,0.04683003456574512,0.0491747888756784,0.04448311414312168,0.04614977961322826,0.05061742979010746,0.04648643929964714,0.051605649976343655,0.04885896335240529,0.054801122433332114,0.05708161013920239,0.0627626806023913,38.29821374281911,39.63935432247654,40.95082653756316,38.10115761934153,40.67014321819431,38.17811929880961,41.42499742518311,39.42808781601367,44.035962840066574,39.598801162038505,16.218416563685047,-0.004467650176879202,9.886705861587158e-05,-0.004566517235495074,0.034879226616123825,0.04933634999999972,0.06379347338387563,0.002256000000000001,34.76101800124157,34.554469885964586,51.92201667549328,61.57450157428664,-30.38535221883729,-4.100000000031856e-05,51.02401519769255,0.043115,2.4840542734547277,1
2019-07-25,0.044367,0.04566,0.043943,0.044227,0.044227,2393790.0,42,0.1655125298405005,0.044762071428571394,0.049093047619047404,0.04450079999999956,0.043853000000000135,0.05111030769230748,0.044268769230769466,0.05333533333333325,0.04855344999999972,0.057404940000000265,0.058919839999999876,0.05362778999999981,0.046482963290312436,0.04872498988698037,0.04439774276208112,0.0458539673650393,0.05014406462046987,0.0461636622568404,0.051129608042386,0.04841782398550955,0.0543864509653583,0.05682706340377264,0.0625782459695317,38.38049504774837,39.691801180376956,41.216931915378474,38.199021507008524,40.71171837773467,38.267543965337524,41.46067403207933,39.4834240520631,44.05698794584197,39.60818694465794,16.220553668106056,-0.004290097255430572,0.00022113598405160142,-0.0045112332394821745,0.03482401354168412,0.04855344999999972,0.062282886458315326,0.001340999999999995,42.68338323353289,30.599126871514567,43.22957557647694,52.45679538387165,-19.382541580606546,-0.0007470000000003307,45.26827418015362,0.044186,0.09278957135743227,0
2019-07-26,0.04421,0.045431,0.043424,0.044974,0.044974,2669947.0,24,0.1654586193682122,0.04431914285714282,0.04838299999999979,0.044351999999999565,0.0441066666666668,0.05051734615384594,0.043939230769230994,0.05247326666666659,0.047817149999999725,0.057088760000000266,0.058742359999999876,0.05363157999999981,0.04628176818493745,0.04838399080634579,0.04458982850805408,0.04571858777041786,0.04976109687080544,0.045993710505863206,0.05073247203965142,0.04808984074879436,0.054017335241226615,0.05659234927696525,0.06240307934296919,39.943861564159214,40.67567306155448,46.489219651685104,40.06922424255768,41.48749462774602,39.971254513953966,42.12433217330918,40.52289933075394,44.4448616196118,39.780382146963476,16.259666086840628,-0.004042509100387573,0.0003749793112756807,-0.004417488411663254,0.035059597829668845,0.047817149999999725,0.06057470217033061,0.005194999999999997,63.93581081081082,47.126737348528344,42.056520740447404,45.73603766413918,-23.185642176107606,0.0016659999999996675,46.091323182208654,0.044227,1.6890134985416028,1
2019-07-27,0.045302,0.046038,0.04299,0.043308,0.043308,2489308.0,47,0.16540819276500146,0.04389414285714282,0.047602428571428365,0.04396199999999957,0.04414183333333347,0.04991234615384594,0.04404523076923099,0.05180676666666659,0.047002799999999734,0.056689400000000265,0.058544229999999885,0.05363127999999981,0.04588526576027912,0.047922537096677986,0.04416255233870272,0.045347728113430505,0.04928308969519022,0.045610037576454175,0.050253473843544866,0.047634427344147266,0.05359736131019811,0.056329292855639215,0.062213078553486914,37.66064070161606,39.18216225001811,37.49011556895874,37.33915112551733,40.26720228954893,37.48643163721007,41.05176770445719,38.95594181941199,43.75474234723259,39.52651455242164,16.242669760572866,-0.003935361581759715,0.0003857014639228312,-0.004321063045682546,0.03538214445912057,0.047002799999999734,0.058623455540878874,0.0013630000000000029,33.28445747800587,46.63455050744978,37.803529780672,41.02987536586543,-22.457914999622467,-0.0005870000000003373,39.63704959267743,0.044974,-3.704362520567439,-1
2019-07-28,0.04333,0.044486000000000005,0.042477,0.043895,0.043895,2333160.0,16,0.1653607755150676,0.04403449999999996,0.046854809523809306,0.04411799999999956,0.044484833333333466,0.049333692307692086,0.04412284615384638,0.05096376666666658,0.04611814999999973,0.05632476000000027,0.058348899999999884,0.053638404999999806,0.0456198969922419,0.04755639736061636,0.04407336822580181,0.04512423148059504,0.048883971939990944,0.045365032208389285,0.049843249724606485,0.04727829140660944,0.05321687655293544,0.05608306923473546,0.06203080911514376,38.977425279879924,39.99541316921997,42.2191783743598,38.92745848405894,40.90321247266445,38.92703508417826,41.59321627574525,39.81690314759257,44.06687196538781,39.663540438168184,16.273660697494506,-0.003759740459395901,0.0004490580690293166,-0.004208798528425217,0.03668454247941698,0.04611814999999973,0.05555175752058249,-0.0011680000000000026,47.629521016617716,48.28326310181139,44.45883810804165,41.439629543053655,9.947856021870226,-0.00046000000000033514,44.476801104747715,0.043308,1.3554077768541672,1
2019-07-29,0.043886,0.04501,0.043757,0.044355,0.044355,2653534.0,19,0.16530722611959978,0.04413942857142854,0.04603419047619026,0.04415179999999955,0.04468566666666681,0.04867761538461517,0.04447484615384638,0.05017999999999991,0.04533189999999973,0.05601092000000027,0.058167679999999874,0.0536728649999998,0.04545124405994298,0.047265361236923965,0.04416724548386787,0.04500588817588811,0.04854849253702865,0.04522074189290511,0.049489169097212515,0.04699988270121806,0.052869351982232096,0.05585083023998822,0.061854930417480636,40.040811666317346,40.64698082760124,46.05681580181578,40.21398782954058,41.41087878268136,40.09212248755156,42.024429061597424,40.50732224145232,44.31388274716731,39.77155451942542,16.298051901492382,-0.003542604361140539,0.0005329553338277431,-0.004075559694968282,0.03854913270573232,0.04533189999999973,0.052114667294267135,-0.0006229999999999987,52.73799494524001,44.55065781328779,48.05423349684133,43.4388671285183,7.628394869398288,0.00018499999999967157,44.37930910843807,0.043895,1.0479553479895154,1
2019-07-30,0.044368,0.045165,0.043666,0.04417,0.04417,2397737.0,22,0.16525886343936902,0.0444530714285714,0.04527657142857122,0.04414039999999955,0.04461125000000015,0.04814061538461517,0.044646000000000234,0.04963929999999992,0.04484734999999973,0.055645220000000266,0.05799583999999989,0.0537014899999998,0.04528041151861725,0.04698396476083997,0.04416816365591191,0.04487728999498225,0.04822415975650801,0.045070635908204384,0.04914599689739236,0.046730370063006815,0.05252820092410535,0.055619526670879535,0.06167896096059027,39.74238910095189,40.46186725044194,44.62638428113213,39.8482591153194,41.26283918701442,39.763578484751946,41.89588440264572,40.312033966568336,44.23374915309683,39.74265486173111,16.29613307522019,-0.003346869761525761,0.0005829519467540162,-0.003929821708279778,0.039371337840756214,0.04484734999999973,0.05032336215924325,-0.0029809999999999967,47.542825049143474,49.303447003667,49.02612185996345,47.17973115494879,26.88093051729437,-0.0016380000000003336,47.801609062856905,0.044355,-0.41708939240220344,0
2019-07-31,0.044364,0.046188,0.044106,0.045808,0.045808,2575043.0,31,0.16520741112377704,0.04472899999999996,0.044893095238095024,0.04430719999999955,0.04468041666666681,0.047599192307692086,0.04470330769230792,0.04919829999999992,0.04465894999999973,0.05534926000000027,0.057834359999999876,0.053734584999999786,0.04535075664946829,0.04687705887349088,0.04471477577060794,0.04502047614960037,0.04804518495972964,0.04517597363560375,0.048930642258850916,0.046642525295101406,0.05226466363296396,0.05542523901403045,0.061521040951032176,43.721419988382976,42.875002852922776,58.3652894821667,44.67452601735616,43.132072155996774,44.129201461405046,43.477695730088996,42.87250170566292,45.12984272772646,40.131682741924635,16.383732039269837,-0.003024708810129277,0.0007240903185204003,-0.0037487991286496774,0.03962663976462824,0.04465894999999973,0.04969126023537122,8.999999999999979e-05,89.76017246025336,63.346997484878884,54.19099418985195,50.4237831822189,24.43853988739191,0.0011409999999996698,47.55975786901786,0.04417,3.7083993660855796,1
2019-08-01,0.046032,0.046224,0.043996,0.044667,0.044667,2940090.0,57,0.16514852036928235,0.04470071428571425,0.04465933333333312,0.04457899999999955,0.04447341666666682,0.04702099999999978,0.04467938461538485,0.04872253333333325,0.044333549999999736,0.05500616000000028,0.05767313999999987,0.0537708149999998,0.04525958909620585,0.04667614443044625,0.04469885051373863,0.044966095203508,0.0477949490367867,0.04510326311623178,0.0486555685647315,0.04645438002890128,0.0519667160395144,0.05521220457810905,0.0613533390510219,41.667886252304136,41.643297685024415,48.339771301956,42.12401753240364,42.161498097283946,41.853698849753954,42.642095576008174,41.56826775460236,44.62040936387455,39.950221846524,16.371737432132498,-0.0028288538332787018,0.0007359562362967803,-0.003564810069575483,0.04034110584822703,0.044333549999999736,0.04832599415177245,-0.0005910000000000012,58.44675740592467,65.2499183051071,59.22345417543571,54.146856741750355,-2.863340563991132,-0.00015500000000033545,46.692562652885115,0.045808,-2.490831295843532,-1
2019-08-02,0.044862,0.04555,0.044252,0.044822,0.044822,2958942.0,61,0.16508926702662266,0.0446895714285714,0.04435680952380931,0.04476439999999955,0.04439875000000015,0.04645280769230747,0.044500230769231014,0.04816949999999992,0.044111749999999735,0.05464036000000028,0.057565129999999874,0.0537984899999998,0.0452012438833784,0.04650758584586023,0.044739900342492415,0.044943926710660616,0.047574730589617316,0.04506308267105582,0.048408241560555273,0.04629891526424401,0.051686531096788335,0.055006457952799966,0.06118884811519084,42.063950588947705,41.88091103622651,49.746926859357735,42.60623142848181,42.344520988218704,42.28905053114188,42.796422491379204,41.82072065538184,44.70689436062643,39.987452886425686,16.38009528988696,-0.0026308038789567,0.000747204952495026,-0.003378008831451726,0.040844121864587205,0.044111749999999735,0.047379378135412265,0.0017070000000000002,45.191555903049185,64.46616192307566,58.735861152721995,57.383436506003186,-1.1223021582731578,0.00023799999999966903,43.724602725498315,0.044667,0.3470123357288468,0
2019-08-03,0.044813,0.045687,0.044169,0.044584,0.044584,2624380.0,61,0.1650367353926916,0.04450621428571425,0.04413423809523788,0.04481019999999955,0.04434258333333349,0.04579880769230747,0.04441300000000023,0.04771789999999991,0.044244449999999734,0.05428936000000028,0.0574855699999999,0.0538333249999998,0.04511894469892794,0.046332714405327484,0.04468793356166161,0.04488855337055898,0.047353194990386406,0.044994642289476416,0.04816151629858397,0.04613559000098268,0.05140800046554174,0.05480007264680392,0.06102362574588545,41.59927244952755,41.60838400140533,47.369479532947,42.02380101957769,42.13193460080587,41.771881968574014,42.614497872696816,41.531424283642174,44.597813130624615,39.94904090154302,16.377569468290822,-0.002464641619827422,0.0007306937692994433,-0.003195335389126865,0.04113831274919875,0.044244449999999734,0.04735058725080071,0.0003979999999999956,35.887412040656606,46.508575116543426,55.36574457180532,57.77501996665432,-21.454241537818447,-0.0006330000000003277,46.504225590597784,0.044822,-0.5309892463522425,0
2019-08-04,0.044433,0.045217,0.043933,0.045217,0.045217,2568802.0,62,0.1649853502739847,0.04447042857142853,0.04429076190476169,0.04501959999999955,0.04451775000000014,0.045227153846153625,0.04440984615384638,0.04722896666666658,0.044360999999999734,0.053912800000000274,0.0574080199999999,0.0538620449999998,0.045132018739070884,0.04623128582302498,0.044864289041107744,0.04493908362124222,0.047194958324431865,0.045026407676694066,0.04797154750512694,0.04604810523898432,0.05116521613355971,0.054610308832015717,0.06086634588771744,43.381608878588885,42.64823331698271,54.33475695840325,44.220810729909886,42.9233668511414,43.7424719237312,43.27718566390109,42.639527578318244,44.96211732153326,40.1035990342045,16.412022138108803,-0.0022558747031896434,0.0007515685487497776,-0.003007443251939421,0.04129481052534265,0.044360999999999734,0.047427189474656815,0.0009900000000000048,56.045395024006964,45.70812098923753,57.06625856677802,57.055954763768426,-4.487236901029776,-0.000882000000000327,48.735888542593315,0.044584,1.419791853579766,1
2019-08-05,0.044910000000000005,0.046506,0.044884,0.046099,0.046099,3010946.0,64,0.16492569757719433,0.044530499999999966,0.04444376190476169,0.045077799999999536,0.0446771666666668,0.04492861538461517,0.04463938461538485,0.04677559999999991,0.04467699999999973,0.05357758000000027,0.05732785999999989,0.0538966399999998,0.04526094957386143,0.04621925983911362,0.045275859360738496,0.04511753229489726,0.047113776226325794,0.04517963515145206,0.04785073798866713,0.046052952359081065,0.05096654099106717,0.054441768063064916,0.06071940712266553,45.84882616868175,44.101314152147616,62.60877664386504,47.23884070221154,44.03095416880385,46.46129490673794,44.20488716204552,44.18708444107545,45.47171116857499,40.31976567935956,16.460219621428326,-0.001996243931428533,0.0008089594564087099,-0.0028052033878372433,0.04239729503299114,0.04467699999999973,0.046956704967008316,0.001125000000000001,84.18188884570549,58.704898636789615,55.950601843868455,56.12753499415057,7.2581341158197175,0.001363999999999671,51.43341940661826,0.045217,1.9505938032156056,1
2019-08-06,0.046214,0.046515,0.044114,0.044735,0.044735,2395368.0,66,0.16487800132002434,0.04464621428571424,0.04467976190476169,0.045091399999999546,0.04471950000000013,0.04474242307692286,0.04468161538461561,0.046280266666666584,0.044816499999999725,0.05318224000000028,0.0572478399999999,0.0539252699999998,0.045190822964013236,0.04608432712646693,0.045095572907159,0.045058681172605385,0.04693757057993129,0.045116115844101766,0.047649722634559584,0.045927433086787615,0.05072216683455473,0.054249554834093335,0.060560358295574324,42.7613057227577,42.36242092201702,46.8542109309691,43.31262838210926,42.700235947916056,43.00029055333609,43.0789811576911,42.33251519711555,44.817146416321066,40.09375350677136,16.445481606707773,-0.001878889407325911,0.0007410511844090661,-0.002619940591734977,0.042933817423469016,0.044816499999999725,0.04669918257653043,0.0014270000000000047,31.06119287374143,57.096158914484555,50.473488937431796,54.49678311602606,14.988897113249765,-0.0004710000000003184,49.89490969903545,0.046099,-2.958849432742583,-1
2019-08-07,0.044722000000000005,0.045768,0.044215,0.045206,0.045206,2237910.0,45,0.1648334529593723,0.04471907142857138,0.0448350476190474,0.04516819999999956,0.04473883333333347,0.044512846153845945,0.0447569230769233,0.04573419999999991,0.04482364999999973,0.052840480000000266,0.0571945299999999,0.0539398149999998,0.04519284656881148,0.046004479205879016,0.045132381938106,0.04508134560758917,0.046809306092528966,0.04512895643780152,0.04749206310974928,0.04585872517376023,0.050505846566532966,0.05407047454034891,0.06040757861104125,44.152710471520756,43.17298279114748,51.872464728678416,45.0219833636426,43.314558548076604,44.5367027307596,43.5916328006869,43.19691658047494,45.09551858956538,40.21064035361797,16.471436005551126,-0.0017279604849398042,0.0007135840854361378,-0.002441544570375942,0.04293594626829045,0.04482364999999973,0.04671135373170901,0.0013110000000000064,49.30286599535255,54.848649238266404,51.29575095589248,52.573280579064225,9.992163009404685,0.0007949999999996847,47.49845021750519,0.044735,1.052866882754011,1
2019-08-08,0.045325,0.045629,0.043672,0.044411,0.044411,2558719.0,61,0.16478234986650428,0.04473221428571423,0.04480399999999978,0.04513359999999955,0.04483075000000013,0.04432642307692287,0.044713615384615615,0.04521189999999991,0.044795299999999726,0.05248784000000027,0.0571175299999999,0.0539614599999998,0.04508860035963661,0.04585961745989002,0.04489192129207067,0.04497821551411391,0.04663165378937868,0.0450263912324013,0.04729328484460416,0.04572084658578306,0.050266832975688534,0.05387919781677765,0.06024840867461299,42.293425045767535,42.12543358966047,43.544408873590214,42.66926762564632,42.515592124020856,42.45647931186006,42.91746132475829,42.07906023601487,44.707237806519096,40.077331214714725,16.462761274923064,-0.0016534382752647625,0.0006304850360889434,-0.002283923311353706,0.04290033980328578,0.044795299999999726,0.04669026019671367,5.60000000000005e-05,25.993668659866234,35.45257584298665,49.3170022797344,50.362080724352865,1.6785258164571393,0.0007509999999996825,49.02738773204246,0.045206,-1.7586161129053757,-1
2019-08-09,0.044593,0.04519,0.043195,0.04366,0.04366,2879206.0,60,0.16472463230219872,0.04463835714285709,0.04474123809523788,0.04482219999999956,0.0448111666666668,0.044392961538461326,0.04474069230769254,0.04487186666666658,0.04462074999999973,0.05212054000000027,0.05703190999999989,0.0539823149999998,0.04489812031168506,0.045659652236263656,0.04448128086138045,0.04477541312732716,0.046411531286461735,0.0448311924849154,0.047058879370758734,0.04552457548237515,0.05000774148644585,0.053676837463970166,0.060083349881830776,40.564520279226066,41.13761392425406,36.83973971218499,40.50321385191254,41.75994714472612,40.53058570362681,42.27918738045076,41.02599688545057,44.339384090635434,39.95096226955922,16.45453413288169,-0.0016361181591345794,0.0005182441217753014,-0.002154362280909881,0.04301898244022368,0.04462074999999973,0.04622251755977578,-0.0005099999999999966,14.006024096385742,29.76751958386809,40.909128094210146,47.17396044327898,-11.982491336859116,0.0009029999999996957,45.38851932023302,0.044411,-1.6910224944270635,-1
2019-08-10,0.04366,0.044134,0.042205,0.042757,0.042757,2664138.0,59,0.16467084067151566,0.04459899999999995,0.04453199999999978,0.04415379999999956,0.04467800000000013,0.04438799999999979,0.04465315384615408,0.04464456666666658,0.04447269999999973,0.05167896000000027,0.0569280999999999,0.053998499999999804,0.04461263760346039,0.04539577476023969,0.04390652057425363,0.04446488803081528,0.046140825265242345,0.044534879272784635,0.046781338766193656,0.045260996865006085,0.049723398683055815,0.05346060305874304,0.059910948390469274,38.53512776281627,39.95734464614817,30.14303700336839,37.991064651668985,40.85330685459057,38.28197073284407,41.51211524430649,39.76945991287249,43.896414066830644,39.798564657135216,16.44460334758657,-0.0016759372344270634,0.000382740037186254,-0.002058677271613317,0.04275479967822589,0.04447269999999973,0.04619060032177358,-0.003051000000000005,12.807424593967443,17.60237245007306,26.634235243862538,38.953455205935676,-5.40037243947835,5.699999999968231e-05,45.99347725813683,0.04366,-2.0682546953733283,-1
2019-08-11,0.042784,0.043935,0.042344,0.0427,0.0427,3011745.0,45,0.1646100682648154,0.044513642857142814,0.044388285714285484,0.043746799999999565,0.04455550000000013,0.04450034615384594,0.04452584615384637,0.044362066666666575,0.044344799999999726,0.05124950000000027,0.0567996899999999,0.054016819999999806,0.04435761925633234,0.04515070432749063,0.04350434704950242,0.044193366795305236,0.045885949319668835,0.04427275366238682,0.04651802658772955,0.045017092401672176,0.04944797128372029,0.053247521810055064,0.05973969517265365,38.40518267285911,39.88167775058842,29.733624901253485,37.830611402461926,40.795248839687254,38.13813609936766,41.4630472465314,39.68889211198994,43.86819635864705,39.78888809252389,16.443973757409147,-0.0016925825243635992,0.0002928757977997748,-0.001985458322163374,0.04249708657958748,0.044344799999999726,0.04619251342041197,-0.0019669999999999965,13.8927869772664,13.56874522253978,23.200554064567537,30.24797246754672,-12.353974981908088,-1.7000000000322313e-05,40.893775232646526,0.042757,-0.1333115045489608,0
2019-08-12,0.042772,0.043692,0.042381,0.042717000000000005,0.042717000000000005,2753164.0,48,0.16455453796361394,0.0443966428571428,0.044267285714285495,0.04324899999999955,0.0442979166666668,0.04453003846153825,0.044414076923077146,0.044144033333333235,0.04432489999999973,0.05080536000000027,0.0566921599999999,0.054037169999999815,0.044138870022154685,0.04492945847953693,0.043241898033001616,0.04396623344218136,0.0456512123330267,0.044050503139188714,0.04627279906594055,0.0447980359824653,0.04918401162553518,0.05303899662569753,0.059570315121184464,38.47148317327051,39.91722751386616,30.07354005297489,37.91533172270625,40.821296270691754,38.212699748239864,41.48436345270365,39.727130277701995,43.87917101699313,39.793297640493996,16.44493260032192,-0.0016849788908453456,0.00024038354505442265,-0.001925362435899768,0.04241392792447242,0.04432489999999973,0.04623587207552704,-0.002104999999999996,14.953271028037527,13.884494199757045,16.330635071104528,22.055141459844847,-17.746478873239102,0.00022199999999969464,36.81135699118344,0.0427,0.0398126463700299,0
2019-08-13,0.042686,0.042997,0.041997,0.042495,0.042495,3369649.0,45,0.16448640023743294,0.044276999999999934,0.04423776190476168,0.04286579999999955,0.04411691666666679,0.04443126923076901,0.044159230769230985,0.04416286666666657,0.044240349999999734,0.050215000000000266,0.05657735999999989,0.054056644999999806,0.04391968735253406,0.0447081440723063,0.04299293202200108,0.043739889835691916,0.045417418826876575,0.043828288405018886,0.04602907009394439,0.04457869922223051,0.04892169744414164,0.05283020461330748,0.059400411488137836,37.90067930810183,39.59689689481116,27.95440549583051,37.19819976884409,40.579189921714494,37.5757566695605,41.281511178690856,39.38474026938346,43.765194573762095,39.754897440304134,16.442456281859734,-0.0016775289911846595,0.00019826675577208676,-0.0018757957469567464,0.04216126191301423,0.044240349999999734,0.04631943808698522,-0.0020890000000000006,15.596617601002135,14.814225202101946,14.251224859331716,17.927471331667906,-18.07488939246765,0.0035339999999996897,39.308772402259315,0.042717000000000005,-0.5196994170939107,0
2019-08-14,0.042424,0.042867,0.038961,0.038961,0.038961,4172287.0,11,0.16440059505947469,0.04378792857142851,0.043988952380952163,0.04192599999999955,0.043628500000000126,0.04419984615384594,0.04372030769230791,0.044032033333333234,0.043977049999999726,0.04959202000000027,0.05644590999999989,0.05405927499999981,0.04325852903886285,0.04418567642936936,0.04164895468133405,0.04300467601481624,0.04493916558044128,0.043132961490016185,0.04557306557175442,0.04404368024868475,0.04853108185809687,0.052555566898192484,0.05919703425940015,30.24648220992377,34.9231190561014,11.915400202760114,28.049092717802964,36.955869067248656,29.224703203137697,38.20820325739482,34.42548138880241,41.9940336561494,39.14751435308033,16.40294003159023,-0.0019344895656250372,-4.695505493463279e-05,-0.0018875345106904046,0.04083088424838993,0.043977049999999726,0.04712321575160952,-0.006255999999999998,0.0,10.183296209679806,11.450020040054564,14.010626656830244,-61.336558272865545,-5.400000000030381e-05,28.439090478180226,0.042495,-8.31627250264736,-1
2019-08-15,0.039309,0.039665,0.037464,0.039015,0.039015,2930512.0,13,0.1643396476259785,0.043384214285714234,0.04374076190476168,0.04117759999999955,0.0431644166666668,0.04388692307692287,0.043273615384615605,0.044006566666666566,0.043679099999999735,0.048955600000000266,0.056320839999999886,0.05406645999999981,0.042692725167014466,0.043715614935790334,0.04077096978755604,0.042390879704844515,0.04450033850040859,0.042544681277156736,0.04514996456712511,0.04356475832023858,0.048157902177387184,0.05228743686060451,0.05899621799811259,30.4763486965422,35.045847276007606,12.832444882951268,28.34084736072609,37.04506618541586,29.482597497634696,38.28075348137984,34.5576912715225,42.030597796317615,39.161859221837794,16.406025188691352,-0.0021094587955640814,-0.00017753942789894154,-0.00193191936766514,0.039871358528267536,0.043679099999999735,0.04748684147173193,-0.007084,23.96847473342609,13.188364111475996,13.682230067946296,13.127824989110833,-56.093687971417026,0.00031299999999968853,32.255873707868794,0.038961,0.1386001386001423,0
2019-08-16,0.038959,0.039442000000000005,0.037724,0.038702,0.038702,2926392.0,31,0.16427880030605227,0.04294707142857137,0.043442095238095016,0.040377999999999546,0.04262150000000014,0.04361707692307671,0.04282115384615407,0.043898466666666566,0.04344879999999973,0.04846358000000027,0.05619162999999988,0.054084389999999816,0.042160628478079214,0.04325983175980939,0.04008131319170403,0.04182335975025305,0.044070831944822766,0.04199572680899149,0.044733966853117035,0.043101638480215865,0.04778708248415632,0.052018418308909374,0.058794285480718425,29.865142242034448,34.649055131702355,11.96594345942238,27.6371476000379,36.732246092979494,28.826915188232398,38.01343067184393,34.13878511064018,41.874540706108704,39.107888952992695,16.402498940001767,-0.002247472194569722,-0.00025244226152366543,-0.001995029933046057,0.03903726490021853,0.04344879999999973,0.04786033509978093,-0.006033000000000004,19.877970456005173,14.615481729810345,14.879266763694053,13.337172290564945,-59.800664451827096,-0.0006740000000003132,35.007155017737105,0.039015,-0.8022555427399714,0
2019-08-17,0.03889,0.040595,0.038534,0.039376,0.039376,2205228.0,20,0.164233307246774,0.04257507142857137,0.04325485714285692,0.039709799999999545,0.04206125000000013,0.04339084615384595,0.04237184615384638,0.04370889999999991,0.04322284999999973,0.04786740000000027,0.056081349999999884,0.05409506499999981,0.041789344681001976,0.042906756145281263,0.03984620879446935,0.04144684286559873,0.043723066615576636,0.0416214801219927,0.044388291572270776,0.04274681576781435,0.04745723611222862,0.05176807339190127,0.05860106870976601,32.966799023775515,36.276641717741114,25.044509468080374,31.599141392929468,37.90478794918753,32.31754710225442,38.96187688830721,35.89575246448374,42.34472993867243,39.28985463314435,16.44136607383205,-0.002276223749977907,-0.00022495505354548032,-0.0020512686964324267,0.038458722277356916,0.04322284999999973,0.047986977722642536,-0.005830000000000003,34.5562985722032,26.134247920544738,18.799872272527185,15.787123034722486,-48.80974695407665,-0.0009070000000003103,36.05838877070057,0.038702,1.7415120665598804,1
2019-08-18,0.039521,0.040881,0.038953,0.040283,0.040283,2591724.0,14,0.16418011344548014,0.0422226428571428,0.043082857142856916,0.039267399999999536,0.04169025000000013,0.04328192307692287,0.041924461538461764,0.04355239999999992,0.043019249999999724,0.047315700000000266,0.05597657999999986,0.05410894499999982,0.04158849872353505,0.0426682328593466,0.03999180586297957,0.04126779011704508,0.043468246866274665,0.04143026867599375,0.044123434051479116,0.042512166647070124,0.0471758935195922,0.051540646196022034,0.058418799369370326,36.984849688312174,38.43813925735076,39.54735868933892,36.65526986326868,39.472395092498665,36.80889106524508,40.23350673285474,38.22431659155009,42.97786637529638,39.535437538652296,16.493873533978793,-0.0022004567492295846,-0.00011935044223772631,-0.0020811063069918587,0.038112922576230265,0.043019249999999724,0.04792557742376919,-0.004128,52.17471774939848,35.53632892586887,26.115492302206448,19.93154377947587,-45.084064327485244,-0.001894000000000312,39.50334404538869,0.039376,2.303433563592039,1
2019-08-19,0.040303,0.042345,0.040023,0.042177,0.042177,3110462.0,30,0.16411709127370755,0.041942499999999945,0.04297914285714263,0.03991059999999954,0.041437833333333465,0.043204653846153636,0.041727692307692535,0.04338659999999992,0.042919599999999725,0.04695142000000027,0.05583006999999986,0.054134574999999824,0.041666965560397035,0.04262357532667873,0.04072020390865305,0.041407668560576615,0.04337259895025432,0.04153694457942321,0.04399785766106111,0.04248024601401583,0.046979858479608186,0.051355227459467134,0.05825718942539649,44.43647714702461,42.69076145593296,59.28692846992444,45.730312277900225,42.61397675317252,45.01441714956143,42.804690300532634,42.781532495764964,44.281133467641546,40.04693363350478,16.60385371040883,-0.0019649303896777104,9.294073385131838e-05,-0.0020578711235290288,0.038030755796932526,0.042919599999999725,0.047808444203066916,-0.0014830000000000054,96.55808236017208,61.096366227257846,45.42710877424086,30.114157782991477,-32.80361324857797,0.0008529999999996872,45.89679655558484,0.040283,4.701735223295178,1
2019-08-20,0.042396,0.042396,0.040804,0.041324,0.041324,3134710.0,39,0.1640536396656847,0.041698857142857086,0.04284361904761882,0.040372399999999545,0.041180583333333465,0.04309299999999978,0.04142907692307715,0.043240133333333236,0.04269539999999973,0.046597140000000266,0.05570055999999987,0.05414945499999982,0.04162123681901077,0.04250543211516248,0.04092146927243536,0.041394796474334056,0.04322085087986511,0.0415065239252199,0.0438253507151862,0.04237012734601432,0.04675806010785885,0.051156589291952936,0.05808869997837762,42.03776541072765,41.34328108802832,50.39388273525028,42.742654650721995,41.60404984256875,42.347370326712316,41.96452049478399,41.33940190163905,43.82104439553442,39.89342487462732,16.593961774889127,-0.0018260544055310535,0.00018545337439837984,-0.0020115077799294336,0.037955278731312256,0.04269539999999973,0.047435521268687206,-0.0014329999999999968,77.05479452054799,75.26253154337276,56.04437273166525,42.52899126937083,-29.803407601572594,0.001600999999999686,45.28147688816848,0.042177,-2.0224292861037996,-1
2019-08-21,0.041138,0.041667,0.039021,0.039723,0.039723,3236547.0,11,0.16398746341716197,0.04130721428571423,0.042553857142856914,0.04057659999999954,0.040852500000000125,0.04289103846153824,0.04106846153846177,0.04305563333333325,0.04244819999999973,0.04621280000000026,0.05553432999999988,0.05415474999999982,0.041368138576476,0.0422524837410568,0.04052197951495691,0.0411375970167442,0.04296175081468992,0.041251734793045634,0.04356068292710967,0.042118019979727236,0.04648217539774674,0.0509301815832014,0.057905956695010675,37.92127683391368,38.927326274223546,37.668005119919435,37.730508502844536,39.76711123889317,37.818309952203286,40.42560429645832,38.76420337072119,42.96638228714895,39.60562905424076,16.57533476910312,-0.0018241537979457184,0.00014988318558697194,-0.001974036983532691,0.03762605024575223,0.04244819999999973,0.047270349754247216,-0.0029770000000000005,30.787156913516398,68.13334459807875,58.226210023167496,53.2325638430245,-43.60238568588457,-0.0005930000000003155,49.25121841257046,0.041324,-3.874261930113243,-1
2019-08-22,0.039545,0.040776,0.038339,0.040316000000000005,0.040316000000000005,3629053.0,5,0.16391315028812944,0.04101471428571424,0.042346666666666435,0.04076459999999955,0.04064908333333346,0.04277596153846132,0.040811230769231,0.042962333333333234,0.042222899999999716,0.04579086000000026,0.055325819999999866,0.054169409999999835,0.04122785343294587,0.04207643976459709,0.040453319676637935,0.04101119747570663,0.042765769272861034,0.04111805839403911,0.0433513485447155,0.041946399029277034,0.0462403645978351,0.05071999976967266,0.057730932250284216,40.243474657868354,40.2814546387093,43.95823260562463,40.528808928141494,40.77296035007076,40.36249768623354,41.25020342907556,40.212669519310005,43.38355687049414,39.76818163532143,16.610179364582613,-0.0017545717971544016,0.00017557214910263118,-0.0019301439462570328,0.0374468962135504,0.042222899999999716,0.04699890378644905,-0.0024010000000000004,48.73058910525037,52.19084684643818,61.06106812977693,58.443883628203174,-33.096257981087646,-0.0006600000000002992,51.80543723155841,0.039723,1.492837902474653,1
2019-08-23,0.040316000000000005,0.041342,0.039907,0.040976,0.040976,2665240.0,33,0.16385903919842618,0.04082299999999995,0.04216352380952358,0.040903199999999536,0.04050541666666679,0.04266369230769208,0.040674230769231004,0.04285533333333324,0.042042499999999726,0.04544774000000026,0.05504304999999987,0.054187199999999824,0.04119427297521975,0.04197639978599736,0.04062754645109196,0.041005782479444065,0.042633193771167616,0.04109776433774781,0.04319810025150805,0.04185398007410779,0.04603391892733176,0.05052704927918409,0.05756421650650029,42.79524189458201,41.786431261943825,50.614425836893844,43.585563845711114,41.89445291079911,43.15046375989986,42.17078068030109,41.82090082453439,43.84981618072374,39.94986785599571,16.649120305961365,-0.0016274112917235505,0.00024218612362678579,-0.001869597415350336,0.037370577348358885,0.042042499999999726,0.046714422651640566,-0.0015189999999999995,64.99876756223814,48.17217119366822,63.625878092344855,60.97105208176305,-21.85311838462778,0.00015899999999968717,53.614826376187715,0.040316000000000005,1.6370671693620276,1
2019-08-24,0.040917,0.04137,0.039917,0.040817,0.040817,2802913.0,39,0.16380216564128494,0.04068442857142852,0.04198414285714263,0.040631199999999534,0.040347083333333464,0.04252761538461517,0.040529384615384835,0.042741666666666574,0.04182249999999973,0.04506638000000027,0.05474124999999986,0.05420576499999983,0.04114396991185711,0.041870999805452135,0.040690697634061315,0.04097673902106806,0.04249866089922928,0.04105765514664098,0.04304448088044301,0.0417552200670499,0.04582933387135797,0.05033477107563589,0.05739757753628635,42.328682558605315,41.52233704104307,48.93422481067304,43.008631482182295,41.69692702148157,42.6333861436176,42.00692241078714,41.538263072977855,43.76125812054981,39.92056787829964,16.647238153285233,-0.0015219218781612198,0.000278140429751293,-0.0018000623079125128,0.03737079444869178,0.04182249999999973,0.04627420555130767,0.0018559999999999965,61.079615479418344,58.269657382302206,56.53018471619411,60.4057103127719,-16.814005893568858,0.001051999999999692,56.2964581903817,0.040976,-0.3880320187426789,0
2019-08-25,0.040657,0.04112,0.038477,0.039765,0.039765,3456951.0,33,0.163731573109924,0.040474785714285665,0.04172452380952358,0.04031939999999954,0.040119583333333465,0.0423581923076921,0.04030230769230792,0.042568033333333234,0.04150579999999973,0.044667680000000265,0.05449329999999986,0.05422295499999983,0.04096010725694283,0.04167954527768376,0.04038213175604087,0.040790317633211434,0.04229616749928637,0.04087299012569227,0.042832901468801525,0.04156567529875944,0.04559151685679489,0.050125468678098535,0.05722212900358699,39.29201312477736,39.77969930913262,38.72713079817874,39.281685727689364,40.38854449181001,39.279562577447706,40.9198711227622,39.67546112340183,43.17283507444125,39.72586815745151,16.63473371784849,-0.0015058498660749375,0.0002353699534700603,-0.001741219819544998,0.0374516178266764,0.04150579999999973,0.04555998217332307,0.0007499999999999937,42.84855769230754,56.3089802446546,49.68893735054603,56.61500005302827,-23.418176015319442,0.0005679999999996799,54.67989654170226,0.040817,-2.5773574736016824,-1
2019-08-26,0.03972,0.041067,0.039094,0.039197,0.039197,3260850.0,41,0.1636650579534608,0.04022335714285709,0.04139585714285692,0.04021419999999954,0.040139250000000126,0.042103923076922865,0.04004861538461562,0.04243099999999991,0.041228899999999735,0.044259720000000266,0.054255029999999864,0.054232394999999815,0.04072502628935045,0.041453859343348866,0.03998708783736058,0.0405451918434866,0.042066599536376266,0.040633562964879084,0.04259832718049175,0.04134008717506806,0.04534075148986177,0.04990906335774016,0.05704277448613836,37.726332512321655,38.85726896843018,34.116431094000816,37.386686129932144,39.6902517109159,37.561456069344686,40.33748499429612,38.69176979835546,42.85548467202802,39.62049197720105,16.6279563754053,-0.0015214076928896714,0.00017584970132426088,-0.0016972573942139325,0.037350695863279854,0.041228899999999735,0.04510710413671962,0.0004950000000000024,28.307489277466345,44.07855414973066,49.19300382333601,51.80404196335866,-26.903087740751943,0.000708999999999696,46.47998045564509,0.039765,-1.4283918018357822,-1
2019-08-27,0.039387,0.03975,0.03808,0.038488,0.038488,3367302.0,30,0.1635958850158276,0.0399371428571428,0.041098380952380734,0.03984859999999953,0.040095333333333455,0.04186626923076901,0.040012230769231,0.04225076666666658,0.040892999999999735,0.04379772000000028,0.053948089999999865,0.05422501499999982,0.040426756117437054,0.0411842357666808,0.03948739189157372,0.040228700790642516,0.04180151808923729,0.04032705396989636,0.04233314478175035,0.04106845982506158,0.04507201613731817,0.04968290368728985,0.05685814986438574,35.81755231766128,37.713674062032716,28.95314281742527,35.09713336327822,38.82023846607324,35.475548128609326,39.6103356347511,37.47403011625207,42.45812175616871,39.48843593995865,16.619462135896992,-0.001572817298594778,9.955207649532368e-05,-0.0016723693750901015,0.03731291320308559,0.040892999999999735,0.044473086796913884,-0.0008879999999999998,12.401215805471105,27.85242092508157,41.92712916338015,46.93635677908734,-29.526195564070306,0.0033519999999997024,45.45158122315047,0.039197,-1.808811898869811,-1
2019-08-28,0.038496,0.039687,0.034515,0.035136,0.035136,3855183.0,32,0.16351530936203978,0.03966392857142852,0.04061885714285692,0.03868059999999953,0.03979816666666678,0.04149373076923056,0.039713846153846384,0.04194346666666658,0.040429249999999736,0.04329884000000028,0.053633759999999864,0.05420080999999982,0.03972132196844545,0.040634396151528,0.03803692792771581,0.039445208361312885,0.04130777600855305,0.039585474831339736,0.0418688128603471,0.040503463651246185,0.044682368445658635,0.049394846188531634,0.05664200906971524,28.510567672789854,32.91563926066214,15.577750251796985,26.717142091658225,35.048358335716486,27.655959494794487,36.40431789496239,32.41034601092964,40.6409229955301,38.869807425139264,16.579220690152184,-0.0018625676472401528,-0.0001521586177200408,-0.0017104090295201118,0.0363939766903013,0.040429249999999736,0.04446452330969817,-0.005146999999999999,9.059080962800927,16.58926201524604,30.739191843492712,40.6197749434029,-28.56822764956296,0.002514999999999712,40.69903592686732,0.038488,-8.709208064851381,-1
2019-08-29,0.035134,0.035336,0.032126,0.032621,0.032621,3049671.0,20,0.1634500959755084,0.039207214285714234,0.04005742857142835,0.03704139999999954,0.03923525000000012,0.041033615384615175,0.03924607692307715,0.04155849999999992,0.03987729999999974,0.042874040000000266,0.053295319999999854,0.05416338999999982,0.03877461237265272,0.039905905592298174,0.036231618618477214,0.03839533015188014,0.0406643111190306,0.038590549855434066,0.04127217977258277,0.03975275282731798,0.04420937360465242,0.0490626908184617,0.05640299405409618,24.493649440400954,29.923296418556728,11.00173673538332,22.374773760129298,32.581759020989686,23.47497470156184,34.254743235216516,29.29210250249073,39.35195504660923,38.413768130132674,16.549005276347266,-0.002268980967150461,-0.0004468575501042789,-0.0018221234170461816,0.03481382205653405,0.03987729999999974,0.04494077794346543,-0.009556000000000002,5.503669112741781,8.987988627004519,19.624002570157398,30.76344119234337,-40.34069400630908,-0.001193000000000291,33.43036074383205,0.035136,-7.157900728597455,-1
2019-08-30,0.032657,0.034554,0.031742,0.033814,0.033814,3308936.0,24,0.16337941730188338,0.038858071428571374,0.03958857142857121,0.035851199999999535,0.03869616666666677,0.04059503846153825,0.038818230769231,0.04115869999999991,0.03943014999999973,0.04255880000000027,0.05300081999999984,0.05413710499999982,0.03811319738963236,0.03935209599299834,0.035425745745651466,0.03769051012851396,0.04015688066576907,0.03790818559037205,0.040791006884029035,0.03918715731995436,0.043801711894666036,0.048760736544828785,0.056178227944105166,29.5391112284596,32.952293290004825,23.751385449885344,28.358425909695306,34.8406764866291,28.961187960641407,36.10407856479575,32.52549069186397,40.26856408829228,38.75800945363898,16.62144675475356,-0.002466370537255111,-0.0005153976961671434,-0.0019509728410879675,0.03388120198118196,0.03943014999999973,0.04497909801881751,-0.007510000000000003,22.219839142091125,12.260863072544524,15.498258860114115,21.953817757921357,-29.21697549312603,0.00020099999999970144,36.06639361711135,0.032621,3.6571533674626844,1
2019-08-31,0.033735,0.034041,0.033047,0.033613,0.033613,1727440.0,20,0.16334260565808653,0.03844642857142851,0.03915314285714263,0.03473439999999954,0.037982500000000106,0.040114807692307484,0.03830515384615408,0.04079023333333324,0.038975799999999734,0.04220756000000026,0.05270535999999985,0.054101479999999834,0.03751317107101471,0.038830359993634864,0.034821497163767645,0.03706320087797335,0.039672148764600984,0.037294587648890334,0.04032790966570459,0.038656285194244425,0.04340215456546345,0.048460781365723266,0.055953698312820536,29.187043367346764,32.70279416829232,23.082822270180728,27.96497047832929,34.637619929340126,28.589299236083857,35.92813154074697,32.26447927922173,40.16424525356032,38.72117918114564,16.619003985445833,-0.0026089478866276397,-0.0005263800364317377,-0.002082567850195902,0.033077092716127784,0.038975799999999734,0.0448745072838717,-0.006110000000000004,23.36413586413583,17.02921470632283,14.509588177448014,16.543949869239793,-35.449344897582506,0.00045199999999968876,35.729624870820366,0.033814,-0.5944283432897657,0
2019-09-01,0.033547,0.033756,0.031774000000000004,0.033161,0.033161,2275184.0,24,0.1632939033207166,0.037937714285714234,0.03869890476190454,0.03366899999999954,0.03730225000000011,0.03966965384615363,0.03761161538461562,0.04040153333333325,0.03849799999999974,0.04188562000000027,0.05239445999999985,0.05406531499999983,0.03693288159487941,0.03831496363057714,0.03426799810917843,0.036462862281362064,0.03918984144870462,0.03670407512762028,0.039865528396949464,0.03813292469955448,0.043000540660935484,0.04815781539808519,0.055726905294782525,28.372284921719146,32.129687266448805,21.453261862661726,27.050655771398414,34.172526375016524,27.727060500124093,35.52582907124089,31.664494984646534,39.92699550347976,38.63778812473986,16.613485970910535,-0.002726979167342554,-0.0005155290537173215,-0.0022114501136252323,0.03233316737754287,0.03849799999999974,0.04466283262245661,-0.007155000000000002,17.86028949024548,21.148088165490726,15.601402914402888,15.203083317321624,-45.07024427287676,-0.00018000000000030494,36.66850230453798,0.033613,-1.3447178175110652,-1
2019-09-02,0.033161,0.033954000000000005,0.032138,0.033341,0.033341,2187038.0,28,0.16324721082825544,0.03730657142857137,0.03825242857142835,0.033309999999999534,0.036770416666666784,0.03921330769230748,0.036997538461538686,0.04002676666666658,0.038040299999999735,0.041713840000000266,0.05206243999999985,0.05403292999999983,0.03645396404889549,0.037862785118706485,0.03395899873945229,0.03598257577653713,0.03875659393398576,0.03622363582367452,0.039444591081017236,0.03767655091864453,0.042621735144820365,0.04786441311297459,0.05550415996846629,29.21537695377593,32.622298628722724,24.016655366556,28.06530498599039,34.53603862160087,28.649923461695447,35.82154982264122,32.191750491465484,40.07078890457294,38.690895069958,16.624565367060956,-0.002774018157448627,-0.00045005443505871575,-0.002323963722389911,0.031766656381465024,0.038040299999999735,0.04431394361853445,-0.007634999999999995,44.49081803005017,28.57174779481041,22.68775032785274,17.599580473234496,-62.72004542873361,0.000482999999999692,39.71442246331669,0.033161,0.5428063086155399,0
2019-09-03,0.033296,0.034088,0.032704000000000004,0.032858,0.032858,2441207.0,41,0.16319516042514975,0.03670185714285708,0.03779352380952358,0.03335739999999954,0.03614891666666677,0.03876896153846133,0.03646946153846177,0.039614799999999915,0.03773514999999974,0.04151328000000027,0.05169375999999985,0.05399552999999982,0.035974502175709425,0.037407804653369535,0.033591999159634865,0.03550187181091603,0.03831966104998681,0.03574283070600673,0.039019649720951614,0.037217641307345055,0.04223884357051368,0.04756725641766816,0.05527882504340692,28.259086425778108,31.97000182974207,21.73284719262879,26.97465074223652,34.012658196633765,27.63037565210892,35.37170053299681,31.506825074917284,39.8099776466182,38.60035566814654,16.618610724805126,-0.002817789239070778,-0.0003950604133446936,-0.002422728825726085,0.031068665334169538,0.03773514999999974,0.044401634665829935,-0.007959,39.687055476529096,34.0127209989415,29.5244276006102,22.60452694762189,-61.71453564659567,0.0003779999999996842,38.97539399005553,0.033341,-1.448666806634491,-1
2019-09-04,0.03284,0.033223,0.032233,0.03248,0.03248,2134660.0,43,0.1631494803157684,0.03618449999999994,0.03748490476190453,0.03309059999999954,0.035440916666666766,0.03833896153846133,0.03586669230769254,0.03916083333333325,0.03740839999999974,0.041367300000000266,0.05130220999999985,0.053951464999999824,0.0355085685522815,0.03695982241215412,0.033221332773089904,0.03503696845539049,0.037887093564802604,0.035276712033720056,0.038597736835728924,0.036766437373312186,0.0418561438226504,0.04726849886484305,0.055051971062875515,27.504193818745538,31.45434661771953,19.951123447627566,26.114248304718316,33.59884495165007,26.82580129724317,35.016089343987076,30.965435547324553,39.60420644316348,38.52908946317192,16.613930265332165,-0.002850125109412113,-0.0003419170269488231,-0.0025082080824632897,0.030375501985385907,0.03740839999999974,0.04444129801461357,-0.007284999999999994,30.509939498703517,38.22927100176084,31.182447671932675,27.79820853346516,-57.96718687474984,-0.0002230000000003063,44.22031961935128,0.032858,-1.1504047720494182,-1
2019-09-05,0.032391,0.032849,0.032145,0.032703,0.032703,2194963.0,41,0.16310251443763155,0.035640714285714234,0.037184333333333104,0.03290859999999953,0.034764750000000115,0.03795226923076902,0.03523030769230792,0.03875976666666658,0.03710844999999974,0.04118246000000028,0.050936739999999835,0.05390478999999982,0.035134492745310636,0.036572838556503735,0.03304855518205994,0.03467789638533041,0.037503086634076484,0.03490903888604576,0.03821743123342383,0.03637944333775865,0.04149719700607588,0.04698007314474715,0.05482959324135436,28.707966119783826,32.13090496750536,24.342207174930948,27.59035379892823,34.090112258807906,28.15495126933203,35.41193442958557,31.69250505265145,39.79147458004577,38.59663846107731,16.627852017228697,-0.00282519024874607,-0.00025358573302622454,-0.002571604515719846,0.02980148364915483,0.03710844999999974,0.04441541635084464,-0.006494000000000007,40.146931719965146,36.781308898399175,34.539006843098534,31.74862737188042,-62.787628865979464,0.0012999999999996905,50.15926090311938,0.03248,0.6865763546798132,0
2019-09-06,0.032703,0.033206,0.031246,0.031403,0.031403,2362321.0,43,0.1630517677345307,0.034956928571428514,0.03683676190476167,0.03255699999999954,0.034067916666666774,0.03751776923076902,0.034506153846154075,0.03829966666666658,0.03670979999999974,0.04090926000000028,0.05056325999999985,0.053840384999999824,0.034636960379269215,0.03610285323318522,0.03250003678803996,0.034174066172202665,0.037051228364885634,0.03440817618803922,0.03777779050868681,0.035905496353210206,0.041101346143092514,0.04667161625079176,0.05459649281109212,26.010354373395238,30.304193546065672,17.591614412111788,24.49927214104516,32.628705926259336,25.272944316318053,34.15851248811166,29.77312262191411,39.0711112088562,38.348520762700794,16.61160339693347,-0.0028771621926829767,-0.0002444461415705042,-0.0026327160511124717,0.02906171407228932,0.03670979999999974,0.044357885927710165,-0.007085000000000002,5.524278676988066,25.39371663188549,32.07180468044705,32.597753065159374,-74.99412455934197,-0.0013650000000003106,40.71160669653366,0.032703,-3.975170473656864,-1
2019-09-07,0.031218,0.032861,0.031218,0.032768,0.032768,2042515.0,39,0.16300803324620625,0.03438199999999993,0.036522095238095006,0.03244239999999953,0.03353216666666678,0.03713511538461517,0.033967923076923305,0.03791156666666658,0.036334049999999736,0.04066506000000028,0.05022616999999984,0.05377349999999983,0.03438776566203332,0.035799684757441115,0.0325893578586933,0.0339577482995561,0.036733952189708916,0.034173865304033615,0.037454578217803784,0.035606687176714,0.040774548255128086,0.04639629711711272,0.05437929387764842,33.08423886005697,34.4062544357377,38.93068677863432,33.03346480768707,35.637253192861465,33.02516102733631,36.59357787420983,34.1687004440016,40.22998050561351,38.765977738504326,16.697503506357265,-0.002776203890152825,-0.00011479027123228189,-0.0026614136189205425,0.028686703642928562,0.036334049999999736,0.043981396357070934,-0.002368000000000002,54.00696864111493,33.22605967935596,33.975034802660005,33.52861544206848,-57.61219669315008,-0.00013400000000031442,45.395983749756326,0.031403,4.346718466388566,1
2019-09-08,0.032773000000000004,0.033499,0.032547,0.032902,0.032902,2063362.0,43,0.1629641186026753,0.03389178571428565,0.03617061904761882,0.032451199999999535,0.03306666666666678,0.03676615384615363,0.03348369230769254,0.03755296666666658,0.03587029999999974,0.04038008000000028,0.04986164999999985,0.05370678999999983,0.034189663573762206,0.03553625887040101,0.03269357190579553,0.033795325484239774,0.03645010387936011,0.033992170260600245,0.03716086349407451,0.035349097921788857,0.04046582087257405,0.046129083312813464,0.054165589460955385,33.750440020568384,34.800904844117554,40.73840549907399,33.828916488816716,35.92893307028913,33.751734233016904,36.830568162983056,34.590701514695574,40.343596790250004,38.80706082420542,16.705968764066665,-0.0026547783951203358,5.308179040165382e-06,-0.002660086574160501,0.02859920833941753,0.03587029999999974,0.04314139166058194,0.00028100000000000347,73.82726874177993,44.45283868662755,40.803077455710174,35.616638979605696,-52.57795142879024,-0.0011600000000003136,42.03213150193401,0.032768,0.408935546875,0
2019-09-09,0.032989,0.034354,0.032543,0.034062,0.034062,2404642.0,41,0.16291324163269735,0.03352499999999994,0.03578419047619025,0.032767599999999536,0.032977166666666766,0.036577730769230564,0.033143230769230994,0.03726313333333325,0.03550719999999974,0.04014696000000028,0.049518339999999834,0.053652189999999836,0.034172641763927245,0.035402235336728184,0.033149714603863685,0.033836352332818266,0.0362732072957038,0.03400214593765735,0.03696093681703744,0.03522651716733278,0.040214690642277034,0.04589013116800527,0.05396555374492599,39.35082963190671,38.17436281363384,54.67557445450896,40.461313584683204,38.436978686236756,39.83643387165885,38.87425841542586,38.192071985805036,41.32837552390485,39.16392750467974,16.779543974156013,-0.0024368549628855304,0.00017858528901997656,-0.002615440251905507,0.028670504134478143,0.03550719999999974,0.042343895865521335,0.00024800000000000516,90.68877551020408,72.84100429769954,52.8388446580103,42.53898563879344,-37.632832539391615,0.00014799999999969005,45.75760809106679,0.032902,3.5256215427633686,1
2019-09-10,0.034194,0.03583,0.033685,0.033914,0.033914,2239261.0,41,0.16286620129722934,0.03319828571428565,0.035431333333333107,0.033009799999999534,0.033084916666666776,0.03638153846153825,0.033049230769231004,0.036970266666666585,0.035216749999999734,0.039920080000000274,0.04916717999999985,0.05359124499999983,0.03413815619540361,0.035266941215207445,0.033404476402575795,0.033848298127769315,0.03609845119972575,0.033989553660849166,0.03676436024819632,0.035101515532348714,0.03996760473473675,0.04565298005576754,0.053766035797215284,38.90129183137834,37.912170775669786,52.77529752852982,39.90843118777764,38.23865698099766,39.339970660285594,38.709151251688134,37.91242963108522,41.23978202479086,39.134517860147966,16.777643690713223,-0.0022501530719564386,0.00029222974395925463,-0.002542382815915693,0.02864576046066393,0.035216749999999734,0.04178773953933555,0.00030100000000000265,58.45620121422375,74.32408182206916,56.50069855686202,50.04754022352745,-34.95872821767033,9.299999999969057e-05,43.54481831486492,0.034062,-0.43450179085198215,0
2019-09-11,0.033918000000000004,0.035328,0.033666,0.033821,0.033821,1972109.0,38,0.1628247355768136,0.033104357142857074,0.03515028571428549,0.033493399999999535,0.033085500000000115,0.036193807692307484,0.03314153846153869,0.036673733333333264,0.034891999999999736,0.03973420000000028,0.04886999999999984,0.05351278499999984,0.03409586870268313,0.03513549201382495,0.033543317601717186,0.0338440984158048,0.035929751110857173,0.03396547456644214,0.03657446603863527,0.03497956167212502,0.0397265614118059,0.04541868342099987,0.0535675777295813,38.60437602559463,37.74152647685293,51.42750974777925,39.54062447768603,38.1103425487084,39.01096811107049,38.602692084444826,37.73015390405486,41.18319784939805,39.11587557269553,16.776443844920074,-0.002085652695052377,0.00036538409669065273,-0.0024510367917430303,0.02875442705265689,0.034891999999999736,0.041029572947342594,0.0006599999999999938,56.439722463139574,68.52823306252239,66.68378731409231,58.67444350965483,-13.384223918574865,0.00021199999999968464,42.88222322092066,0.033914,-0.2742230347349217,0
2019-09-12,0.033832,0.034563,0.033371,0.033609,0.033609,2229011.0,39,0.16277774592248082,0.0331749285714285,0.03483090476190453,0.03366159999999953,0.03308516666666677,0.03597199999999979,0.033125769230769465,0.03637753333333326,0.03452364999999974,0.03952266000000028,0.04862220999999985,0.053451189999999836,0.034030952875658715,0.034996720012568136,0.03356521173447813,0.033807929428757905,0.03575784362116405,0.033914549628378976,0.0363831456490459,0.0348490319890655,0.03948665704271547,0.045184828303752346,0.053368984916351635,37.89789497565853,37.34015587815059,48.069408682754634,38.660711242266274,37.809995869361366,38.22615996908424,38.35422095560395,37.30090538380817,41.052228866233904,39.07302165838878,16.77369568374445,-0.001949914192406144,0.0004008980794695089,-0.0023508122718756525,0.029078247176974905,0.03452364999999974,0.03996905282302457,0.0002679999999999974,32.43078795254025,49.10890387663443,62.36855117637738,61.851012349110526,13.134804573252273,-1.5000000000320313e-05,40.851943499843976,0.033821,-0.6268294846397127,0
2019-09-13,0.033533999999999994,0.033884,0.032962,0.033624,0.033624,2028221.0,38,0.1627349003227276,0.03316135714285707,0.034480809523809296,0.03380599999999954,0.033123750000000104,0.0357158846153844,0.033126615384615615,0.03619963333333327,0.034163999999999736,0.03931060000000028,0.048357769999999835,0.05338096499999983,0.033976692492237545,0.03487192728415285,0.03358480782298542,0.03377963259356438,0.03559978113070745,0.03387304253861055,0.036205136252333264,0.03473236227582117,0.039256748923393286,0.044955901010608736,0.05317251740474616,37.98393228629554,37.389510971191065,48.35573221022597,38.76516219424509,37.84598695701361,38.32070881401757,38.38321796377772,37.353854569018395,41.06575493789406,39.07779134508265,16.774665120102462,-0.0018201485371430667,0.00042453098778606844,-0.002244679524929135,0.02958797299421865,0.034163999999999736,0.03874002700578082,0.0007660000000000027,32.88713112260417,40.58588051276123,54.18052365254223,61.07762071433725,-2.9949558638078364,-0.00044000000000031525,45.042972996159456,0.033609,0.04463090243684853,0
2019-09-14,0.03363,0.034212,0.033149,0.034064,0.034064,1910719.0,39,0.16269466224144133,0.033193571428571364,0.03415923809523787,0.03380639999999953,0.0331840000000001,0.03540384615384594,0.03319607692307715,0.03603459999999993,0.033878949999999734,0.039092400000000284,0.048090579999999834,0.053315764999999835,0.033988333493272536,0.03479847934922987,0.033744538548656944,0.033823381425323706,0.035486019565469866,0.0339003221759519,0.03606699842960208,0.034668708725742965,0.039053111710711214,0.04474021980247787,0.052982382903206386,40.57154676793478,38.869190332561615,56.74967179414253,41.90862857363436,38.92271480162752,41.165371304771206,39.24938643405032,38.94200368344959,41.46760329014153,39.218763239687966,16.803233960822006,-0.0016626381401461526,0.00046563310782638586,-0.0021282712479725385,0.030137887979416838,0.033878949999999734,0.037620012020582634,0.0015839999999999954,38.42398884239881,34.58063597251431,43.72756631898117,53.42554704930022,6.8509797964458565,0.0004369999999996877,43.458862556026865,0.033624,1.308589103021629,1
2019-09-15,0.033976,0.034332,0.033504,0.033627,0.033627,1814182.0,38,0.16265648413624645,0.03322685714285707,0.03386695238095215,0.03374899999999953,0.033248083333333435,0.035107807692307466,0.03321807692307715,0.035865433333333266,0.03360044999999974,0.03889878000000028,0.04779408999999985,0.05325551499999984,0.033940155694169534,0.034691981226572605,0.03370535903243796,0.03379316889835083,0.03534831441247209,0.03386127615081592,0.03590957917607936,0.034569498370910286,0.03884032301617351,0.044520156044012965,0.052789792028547625,38.846734437076705,37.93634812313736,47.540555218287494,39.71503548279685,38.23948317697446,39.230174850037926,38.69119305791713,37.939003749505545,41.18312918390117,39.127940620571415,16.79747855457396,-0.0015551455141212605,0.00045850058708102234,-0.0020136461012022827,0.0308204682905266,0.03360044999999974,0.03638043170947288,0.0009240000000000012,28.106508875739603,33.13920961358076,37.65762785128434,45.18857260760255,7.0950060901343575,7.499999999968643e-05,41.094307812658684,0.034064,-1.2828792860497873,-1
2019-09-16,0.033627,0.034238,0.033073000000000005,0.033552,0.033552,2153625.0,38,0.16261112175094006,0.0332419285714285,0.033598142857142625,0.03369519999999953,0.03333741666666677,0.034870461538461316,0.03327146153846176,0.035671299999999934,0.033353649999999735,0.03869192000000028,0.04750833999999984,0.05319096499999984,0.0338884016016136,0.03458834656961146,0.033654239354958634,0.033756065990912236,0.0352152540856223,0.0338170938435565,0.035757477293751665,0.03447259376415693,0.03863293779985298,0.04430296483522062,0.05259837121234317,38.545408865092575,37.77335418306552,46.003098929749825,39.33226057479049,38.12022435179245,38.89224963628779,38.59385331073819,37.763726086028534,41.13373089483179,39.112240101231066,16.796486244417707,-0.0014591880947100596,0.00044356640519377854,-0.001902754499903838,0.0317905616569549,0.033353649999999735,0.03491673834304458,0.002148999999999998,36.851967520299866,34.46082174614599,33.7400768627164,38.375090344327276,3.264737737893005,-0.0011250000000003204,35.08627949477192,0.033627,-0.22303506111159832,0
2019-09-17,0.03355,0.034954,0.033045,0.034677,0.034677,2386447.0,41,0.16256112794027436,0.03337185714285707,0.033416666666666435,0.03390879999999953,0.033501916666666784,0.034653576923076704,0.033440461538461766,0.03548443333333326,0.033330699999999734,0.03849836000000028,0.04725463999999985,0.05313307999999984,0.03399354805473179,0.03459640597237405,0.033995159569972434,0.033897748146156516,0.03517538341261324,0.03393993758019129,0.035687769081251555,0.03449206102471341,0.03847780298417247,0.04411235167016675,0.05242004911072781,45.357305680037896,41.708966717939134,65.87049709591028,47.547301105134494,40.98708923224695,46.356608688317024,40.89852011364903,41.985162853689374,42.19457746334361,39.4801466574937,16.870517606216282,-0.001277635266456724,0.0005000953867576913,-0.0017777306532144152,0.031867512117775124,0.033330699999999734,0.034793887882224345,0.0019090000000000012,86.09437751004019,50.35095130202645,44.472794774216396,38.62349982940568,25.6016889514432,-0.0008010000000003152,46.930246211173525,0.033552,3.353004291845507,1
2019-09-18,0.034654000000000004,0.036701,0.034246,0.035478,0.035478,2750390.0,38,0.16250411872533466,0.03358599999999992,0.03343295238095215,0.03427959999999953,0.033841500000000115,0.03444211538461517,0.0336539230769233,0.035261133333333264,0.033473549999999734,0.03832452000000028,0.04698486999999985,0.053078009999999835,0.03419147498076755,0.03467655088397641,0.03448943971331495,0.03414086381597859,0.03519779945612337,0.0341596607830211,0.03567423559213855,0.034585959974740704,0.03836016365145983,0.04394137440937137,0.052251471507636,49.61756556276371,44.33500756593514,74.03345515046942,52.50770618441743,42.94164536676804,50.95064287380573,42.48664779152827,44.78506321666074,42.94134895449154,39.74197928303837,16.923410677418055,-0.0010569356401447794,0.0005766360104557088,-0.001633571650600488,0.031764843813635105,0.033473549999999734,0.035182256186364363,0.002575999999999995,66.54814004376362,63.164828358034455,51.204996558448286,43.13928939846033,39.82465462274227,0.0009639999999996873,51.69724327253109,0.034677,2.309888398650406,1
2019-09-19,0.035477,0.035607,0.033501,0.034514,0.034514,2436142.0,31,0.16245329474742246,0.03371535714285707,0.033523095238095005,0.03436959999999953,0.033987000000000114,0.03419969230769209,0.033893230769230995,0.035034133333333266,0.033508549999999734,0.038098640000000274,0.04672394999999985,0.05302139499999983,0.034234478316665214,0.03466177353088765,0.0344976264755433,0.03419826938275111,0.035147147644558674,0.034210280671160935,0.03559938168296832,0.034579106643813015,0.03820933370434376,0.04375469372799768,0.052074979253828674,45.08500277291677,41.95213044338878,55.026411974365004,46.744236667393324,41.234778260948346,45.8603310927105,41.11276800617002,42.21075559445032,42.27099175691122,39.534075032933295,16.910396758838026,-0.000948878261807562,0.0005477547110343409,-0.0014966329728419026,0.03174275839586986,0.033508549999999734,0.035274341604129615,0.00045199999999999413,40.18052516411374,64.27434757263909,51.55630382279128,49.07803171848529,21.901076309106735,0.0005989999999996831,52.647527241814096,0.035478,-2.7171768419865794,-1
2019-09-20,0.034511,0.034927,0.033575,0.033915,0.033915,2237701.0,41,0.16240649981845365,0.033894785714285634,0.03352790476190453,0.03442719999999953,0.03407141666666677,0.033974692307692095,0.033981461538461766,0.034840533333333264,0.03352364999999974,0.037883600000000274,0.04644487999999985,0.05297608999999984,0.03419188120777651,0.034593885028079675,0.034303417650362204,0.03415468947771248,0.03505587744866544,0.03416809771813795,0.03549071189697037,0.0345158583920213,0.03804092846103616,0.043559848307641286,0.0518942829428453,42.50028442768288,40.53396429047263,46.18505300575893,43.52804439097865,40.20361753084629,42.98649978866104,40.276513702032354,40.684946877025844,41.85685181865927,39.40470516953083,16.902280024446856,-0.0009011879709529547,0.0004763560015111586,-0.0013775439724641133,0.031748954975123395,0.03352364999999974,0.03529834502487608,1.000000000001e-06,23.79649890590817,43.50838803792842,50.694301828825,51.151867403354814,33.19238900634303,0.0002499999999996949,50.08031064668173,0.034514,-1.735527611983545,-1
2019-09-21,0.033903,0.034391000000000005,0.033609,0.033665,0.033665,2292467.0,37,0.16235850138314875,0.03395885714285706,0.03353038095238072,0.03444979999999954,0.034038333333333434,0.03376192307692287,0.03404015384615407,0.034618833333333265,0.033548849999999734,0.037660460000000284,0.046150409999999836,0.05291051999999983,0.03412163038007298,0.03450944093461788,0.034090611766908134,0.034079352634987486,0.034952849489505035,0.034096226615546815,0.035372924032649695,0.034434824259447834,0.037869323423348464,0.04336391071739097,0.05171289704291649,41.437963021590704,39.94357750612434,42.74527528639552,42.21477534647937,39.772545651096046,41.80891852055144,39.926267059172375,40.0505113188274,41.68300089084328,39.350424459642326,16.89887778676477,-0.0008734968545175484,0.00040323769435725185,-0.0012767345488748005,0.03178153919429734,0.033548849999999734,0.035316160805702136,-0.00015599999999999642,16.958424507658712,26.978482859226784,46.71559322629675,49.655399625970965,13.900511390051673,5.999999999969918e-05,44.579828761776476,0.033915,-0.73713696004718,0
2019-09-22,0.033852999999999994,0.034169,0.033282,0.033605,0.033605,2434444.0,37,0.16230748906737782,0.03400907142857135,0.03355152380952358,0.034235399999999534,0.034012583333333436,0.033574115384615175,0.034005000000000216,0.03437313333333327,0.033562049999999746,0.03744088000000028,0.045865119999999836,0.05284474999999983,0.03405274632939658,0.034427219031470814,0.03392874117793876,0.03400637530652787,0.03485300878657874,0.03402605138475441,0.035258864417640035,0.034355793377595666,0.03770209505380539,0.04317066496061095,0.05153271896288747,41.17332363133534,39.79783319827938,41.847655226781114,41.88620458874431,39.66654449850358,41.514977944107976,39.840346538921814,39.89374271668547,41.64066199860292,39.337289326422,16.898057372049127,-0.0008466334800508665,0.00034408085505914705,-0.0011907143351100136,0.031797334012784964,0.033562049999999746,0.03532676598721453,-3.999999999997062e-06,9.447206785609945,16.734043399725522,31.386159081410714,42.93201804551078,11.020536134190849,0.0009339999999996991,45.42347420264628,0.033665,-0.17822664488340578,0
2019-09-23,0.033527999999999995,0.034263,0.032613,0.032671,0.032671,2043302.0,41,0.1622645367908389,0.0339097142857142,0.03351961904761882,0.03367399999999954,0.033916750000000113,0.03347930769230748,0.033909384615384834,0.03410159999999993,0.03355269999999975,0.03718996000000028,0.045551379999999836,0.05277048999999983,0.033868513485477036,0.03426756275588255,0.03350949411862584,0.03380093295167743,0.03469137850609142,0.03383247261550378,0.03509190542295358,0.034195336865443696,0.03750479720855812,0.04296275080297509,0.05134504016723685,37.20987569957617,37.56271434355371,30.057214611466307,37.02625319629913,38.02815015234007,37.137864123511406,38.5073830295901,37.49486692206895,40.97974703599245,39.13192111086918,16.885232757656272,-0.0008904455544139904,0.00024021502455681841,-0.001130660578970809,0.031770383813343836,0.03355269999999975,0.03533501618665565,-0.0009530000000000023,1.9372077488310764,9.447613014033154,18.4639726224242,32.18857497671052,-22.60685844303565,0.007653999999999695,40.13004713586846,0.033605,-2.779348311263219,-1
2019-09-24,0.032676,0.033023000000000004,0.022975,0.025017,0.025017,4133503.0,39,0.16217357965505005,0.033274214285714206,0.03314623809523787,0.031774599999999535,0.033200750000000105,0.033186846153845935,0.03323215384615407,0.03360999999999993,0.033179549999999745,0.036768320000000285,0.04517294999999984,0.05266401499999983,0.03268831168741343,0.033426602505347784,0.03067866274575056,0.032449558651419366,0.03397475787601058,0.032573119384717526,0.03444191152469851,0.03332120954492525,0.037015079670967614,0.04260738940093598,0.05108306961830912,20.16571412605328,25.34332020605229,7.971360700535081,18.238950161603068,28.137723492229195,19.237584100735315,30.006065664249878,24.709798347724384,36.179805574180776,37.511041077003156,16.78034709685319,-0.0015251992245912116,-0.0003156309164963221,-0.0012095683080948895,0.0289739957040022,0.033179549999999745,0.037385104295997285,-0.009047,17.085006693440413,9.489807075960387,13.844868928289538,21.23166687737478,-65.13654001024965,-0.0011710000000003107,29.695962862833763,0.032671,-23.42750451470723,-1
2019-09-25,0.025006,0.026741,0.02498,0.026188,0.026188,1608757.0,15,0.16213794135273898,0.03272899999999992,0.03284661904761882,0.030229199999999536,0.032581083333333434,0.032893538461538245,0.03266130769230792,0.0331763666666666,0.032853799999999746,0.036397380000000285,0.04478980999999984,0.052555039999999824,0.03182160346242497,0.032768547732134334,0.029181775163833707,0.03148624193581639,0.03339796099630609,0.03166095947261502,0.033909401103750215,0.03264185625493237,0.03659048831132182,0.04228225297715507,0.050835357482803566,25.74137065630192,29.042964673689195,18.910424895080656,24.581489482394385,30.98930053391813,25.17937487273964,32.366610499525336,28.61971294709917,37.325389523511184,37.90845400209735,16.859753381172926,-0.0019117190604897027,-0.0005617206019158506,-0.0013499984585738519,0.027611378438228917,0.032853799999999746,0.038096221561770574,-0.0074389999999999986,28.144709180098094,15.722307874123105,14.71451098312752,15.674450844613714,-51.79480219854779,0.00035299999999968684,31.722242311665372,0.025017,4.680817044409791,1
2019-09-26,0.026216000000000003,0.027921,0.024849,0.025835000000000004,0.025835000000000004,2094488.0,12,0.16209164974180099,0.032173714285714215,0.0325195714285712,0.02866319999999954,0.031895333333333435,0.0325943846153844,0.032062153846154066,0.03275459999999993,0.03257539999999975,0.03600996000000028,0.044425219999999835,0.05244802999999983,0.031023389667434974,0.03213822521103122,0.028066183442555803,0.030616820099536944,0.03283774166324638,0.03082867954795573,0.033388472000282464,0.0319935842306531,0.03616870445597586,0.041956564799389626,0.05058659770685527,25.1735233035816,28.59544779760768,18.130821522306565,23.97413864016077,30.60907388263155,24.59201448640523,32.03012317719291,28.156884001321288,37.12050898742331,37.83519283479772,16.854881030499552,-0.002220921563709434,-0.0006967384841084656,-0.0015241830796009685,0.026485671377599808,0.03257539999999975,0.03866512862239969,-0.0077169999999999956,25.33664068036857,23.52211885130227,16.39015421766949,14.983178043028813,-52.251646726710504,-0.003683000000000304,31.082951221868008,0.026188,-1.3479456239498866,-1
2019-09-27,0.025792,0.029808,0.025669,0.029518,0.029518,3252897.0,24,0.16202094379519952,0.03188042857142849,0.032429809523809305,0.02784579999999954,0.03155291666666677,0.032454269230769016,0.031712461538461766,0.03256733333333327,0.03241289999999975,0.035712100000000274,0.04409996999999985,0.05235933999999982,0.030822671045110314,0.03190002291911929,0.0285501222950372,0.030447770853454337,0.032591834873376274,0.030641439612533482,0.0331387641292965,0.031757814303924235,0.03590789251652583,0.041710256585540326,0.05037695991872735,39.97547290852301,38.88804642959513,46.002127998286326,40.57079146716678,38.751331885362546,40.25209777620197,38.88056054127083,38.96923985234468,40.59088566775553,39.07591674351004,17.10607147689716,-0.0021440640199219367,-0.0004959047522567746,-0.001648159267665162,0.02617320955898107,0.03241289999999975,0.03865259044101844,-0.005159,57.96420978029765,37.14851988025468,26.09355481660702,19.06607333913464,-22.139544915345546,0.0010339999999996947,40.28056987550385,0.025835000000000004,14.255854461002503,1
2019-09-28,0.029455,0.029799000000000006,0.028237,0.028484,0.028484,2259822.0,32,0.16197205421711786,0.03148185714285707,0.0322258095238093,0.027008399999999537,0.031130583333333444,0.03226746153846133,0.03131684615384638,0.032429433333333264,0.03219199999999975,0.035408580000000266,0.043764559999999834,0.05225273999999982,0.0305108482390956,0.031589475381017536,0.0285280815300248,0.030145652260615212,0.03228755080868174,0.030333233953600124,0.03283845676611608,0.03144602246545526,0.03561675947666208,0.04144835051453952,0.05015911952152608,37.73036765910708,37.3064164881739,41.26887625378793,38.04478084241815,37.469505024443706,37.87404276394388,37.7760308363553,37.3138023267035,39.95933980446497,38.85601482909866,17.091502418599468,-0.0021418985480665294,-0.0003949914243210938,-0.0017469071237454356,0.025716843428045796,0.03219199999999975,0.0386671565719537,-0.006993999999999997,54.82683121019105,46.042560556952324,36.671479508879024,26.385062847718476,-29.15360501567389,6.499999999969724e-05,39.119666659417184,0.029518,-3.5029473541567824,-1
2019-09-29,0.028491,0.029295,0.028099,0.028419,0.028419,1752930.0,33,0.16193408849854898,0.031109857142857068,0.032012333333333115,0.02768879999999953,0.030609083333333436,0.032096730769230565,0.030922000000000224,0.032249599999999934,0.03190984999999975,0.03512182000000028,0.04340038999999985,0.05215141999999982,0.030231935140549518,0.03130125034637958,0.02849172102001653,0.029880013451289787,0.032000991489520125,0.03005977196022868,0.03255333052314085,0.031157734611602383,0.03533449439914592,0.04119034357365756,0.04994279992429697,37.58818374105113,37.20675971866552,40.95102747413569,37.88414807469604,37.38876904182565,37.72316715796789,37.70644933772803,37.209468186579095,39.91951491195898,38.842136501448174,17.090582822857517,-0.002120978038230334,-0.00029925673158791934,-0.0018217213066424156,0.025287673437017003,0.03190984999999975,0.03853202656298249,-0.006094999999999996,71.99032062915914,61.59378720654921,47.65254229602278,36.80585887383624,-27.74936061381064,-0.0008400000000002987,38.67210901290695,0.028484,-0.228198286757475,0
2019-09-30,0.028472000000000008,0.029781,0.028098,0.029259,0.029259,2526578.0,27,0.16187958593525711,0.030803214285714205,0.031783619047618825,0.028302999999999537,0.030090833333333438,0.03197284615384595,0.030505230769230993,0.032104466666666595,0.03167709999999975,0.034853000000000266,0.04305124999999985,0.052042319999999816,0.030102210455142917,0.03111559122398144,0.02874748068001102,0.02978447292032213,0.03179788100881493,0.029945375965910292,0.032340793070034984,0.030976902743830723,0.03509623971682647,0.040954079344476216,0.04973699096982635,40.68322284069053,39.39843605318429,47.251267675025474,41.35094279510484,39.148383983142466,40.994469569515545,39.20190584924312,39.50473688011663,40.698568949837615,39.125927450892675,17.148478906653768,-0.0020134080884927977,-0.00015334942548030583,-0.0018600586630124923,0.02502436421452641,0.03167709999999975,0.03832983578547309,-0.004656000000000004,88.92921960072594,71.91545714669195,59.80944438014833,48.044488728350004,-21.978190754108347,0.0009129999999996988,41.722315943019865,0.028419,2.955769027763111,1
2019-10-01,0.029267,0.029735,0.027898000000000003,0.028346,0.028346,2309217.0,38,0.16182966654079253,0.03035099999999992,0.031518476190475965,0.028805199999999538,0.029576833333333438,0.031805269230769026,0.029956615384615606,0.031943966666666594,0.03140334999999975,0.03456558000000028,0.04268546999999984,0.05192675499999983,0.029868049061123864,0.030863810203619488,0.028613653786674013,0.029563169394118724,0.031542186119273084,0.02971689368506597,0.032083064484871436,0.030726340577751605,0.03483152443381367,0.04070441440696184,0.04952414528853455,38.46203014161357,37.892482891231815,41.47900798875932,38.801045401523645,37.944737747299506,38.619917525086755,38.172669386155256,37.92269017630637,40.121794302046105,38.927630030307824,17.135408252147904,-0.0019790167251543607,-9.51664497134948e-05,-0.0018838502754408653,0.02467194860451704,0.03140334999999975,0.03813475139548245,-0.005319000000000001,64.67745832326649,75.19899951771711,67.67760790872791,58.37986486163296,-32.767455100667604,-0.00014400000000029667,47.69243085074262,0.029259,-3.1204073960149015,-1
2019-10-02,0.028360000000000007,0.028563,0.027646,0.02849,0.02849,2144413.0,39,0.16178319486283904,0.029851857142857062,0.031264619047618826,0.028599599999999538,0.029124750000000105,0.031693230769230564,0.029493230769230994,0.0317822666666666,0.03114739999999975,0.034285480000000285,0.042250239999999835,0.05181103499999982,0.029684309186307344,0.03064800927601772,0.028572435857782675,0.02939806641040815,0.03131609825858619,0.029541623158627968,0.03185125387294425,0.030513355760822883,0.034582837201115095,0.04046254481474477,0.04931485031053918,39.02460516500014,38.282278968121545,42.80149089216077,39.43913720183939,38.25566890467722,39.21792735723082,38.43610000983457,38.331680706705065,40.258001061321075,38.97689744717563,17.145418527777647,-0.0019180318481780356,-2.7345258189735884e-05,-0.0018906865899882997,0.024379933074390774,0.03114739999999975,0.03791486692560872,-0.005115000000000005,39.20111472364132,64.26926421587785,63.92498889739663,63.80401372875758,-37.44106300900121,0.0007389999999997053,48.39701946211311,0.028346,0.5080081845763029,0
2019-10-03,0.028482,0.028665,0.02737,0.027751,0.027751,1807602.0,37,0.16174395812813125,0.02936878571428564,0.030985666666666436,0.028452999999999538,0.028631916666666767,0.031500269230769026,0.02901907692307715,0.03161203333333327,0.030853749999999742,0.034061280000000284,0.04182664999999984,0.051694844999999816,0.029426534628133032,0.030384644796379742,0.02829862390518845,0.02914467157803767,0.031052016906098327,0.02928581985025255,0.031586721365012366,0.030250274259792133,0.034314922016757635,0.04021083105603695,0.049100284635807435,37.15684428761896,37.03269916881861,37.57256566623445,37.278218809414454,37.26070113362199,37.21412318130647,37.586833708473264,37.017489456794735,39.78427912750101,38.81459934307742,17.134742673541428,-0.0019073453280606567,-1.332699045788555e-05,-0.0018940183376027707,0.024029323750759737,0.030853749999999742,0.03767817624923976,-0.004920000000000001,15.802571547075855,39.89371486466114,56.1201369647736,62.57424459029934,-36.677694018113705,-0.0013870000000002975,49.650704331638345,0.02849,-2.5938925938925994,-1
2019-10-04,0.027752,0.029792000000000006,0.02731,0.029138,0.029138,2945249.0,30,0.1616804667996217,0.02902757142857135,0.030772047619047393,0.028596799999999537,0.02825966666666677,0.031355499999999786,0.028670846153846376,0.03150063333333327,0.03060744999999975,0.03386374000000028,0.041409669999999836,0.05158582999999983,0.029388063344381963,0.03027131345125432,0.0285784159367923,0.02914364518141649,0.030910237876016967,0.029264702728787895,0.031428739341463174,0.030144343377907168,0.03411190546708087,0.039991567074729284,0.048901654937938716,42.674166882732614,40.830231590016545,51.043000030239064,43.565329194985246,40.2876150473868,43.0912663124755,40.151496857833024,41.00358456040522,41.110874822719325,39.293772872961156,17.231953656201927,-0.001766592694600479,0.00010194051440183365,-0.0018685332090023125,0.02391659860348353,0.03060744999999975,0.037298301396515965,0.004121000000000003,73.6502820306203,42.884656100445746,56.45212924506582,58.83241836907864,-24.84526967285579,0.0002249999999997046,45.36711567765346,0.027751,4.998018089438205,1
2019-10-05,0.029156,0.029299,0.028586,0.028913,0.028913,2270781.0,31,0.16163162492032715,0.02868814285714278,0.03052676190476168,0.028527599999999532,0.02794650000000011,0.031157461538461332,0.028309923076923305,0.03137429999999993,0.030371749999999743,0.03366796000000028,0.041065769999999835,0.05147588499999982,0.029324721565131037,0.030147830410231193,0.028689943957861525,0.02910816130735241,0.030762294329645338,0.0292144594818182,0.03126643357749781,0.03002707258001125,0.033908026821313,0.03977218950889306,0.048702762849004,42.032768779112025,40.415994364185885,48.98540401133874,42.81117864788626,39.962817321593015,42.39793667340373,39.876820590631034,40.56627579416647,40.9615570923769,39.24341825900253,17.228658572635506,-0.0016541330222929265,0.0001715201493675087,-0.0018256531716604352,0.02379767047269593,0.030371749999999743,0.03694582952730356,0.0027250000000000017,64.58501208702647,51.345955221574144,51.583287742325936,54.71851798405506,-24.747422143526613,0.0009129999999997057,48.14407692673219,0.029138,-0.7721875214496521,0
2019-10-06,0.028865,0.028999,0.027773000000000003,0.027999999999999997,0.027999999999999997,2547023.0,32,0.16157660555422776,0.028287785714285637,0.0302588095238093,0.02845839999999953,0.028195083333333436,0.030929999999999788,0.02795061538461561,0.0312608666666666,0.03009414999999975,0.03344044000000028,0.04065391999999983,0.05136208499999981,0.029148092023113564,0.029952573100210177,0.028459962638574355,0.02893767495237512,0.0305576799348568,0.02904096527012989,0.031055695927336664,0.029834018048581608,0.033676339494986995,0.039539076845350615,0.0484967652087154,39.45459775466542,38.74500144977127,40.94784034854674,39.78375507252735,38.649809087520325,39.61272521280824,38.7648676682939,38.803042815748455,40.354905382484816,39.03838842765271,17.21523404022619,-0.0016200049824816774,0.0001645185513430064,-0.0017845235338246836,0.02361734197283171,0.03009414999999975,0.03657095802716778,0.002164999999999997,27.80016116035448,55.345151759333675,44.207828309743526,50.74774843237839,-27.948142607828395,-0.0008230000000002957,47.2636602665557,0.028913,-3.1577491093971677,-1
2019-10-07,0.027934,0.029383,0.027812,0.028823,0.028823,2548196.0,27,0.16152177759616293,0.028012928571428498,0.030033619047618827,0.028524999999999537,0.02841466666666677,0.030737769230769024,0.028243384615384837,0.0311293666666666,0.02980144999999975,0.03321124000000028,0.040263469999999836,0.05125825499999982,0.029104746420031764,0.029849884636554705,0.028580975092382905,0.02892003265200972,0.030429185124867406,0.02900982737439705,0.030911651028798805,0.029737730615383363,0.0334860124559679,0.03932687730385853,0.04830100635091723,42.84072089919332,41.04676865668584,49.849018134650976,43.673490036169966,40.48039806786045,43.2328558191407,40.31511062266744,41.22119521896461,41.15620124388988,39.32698834973351,17.27363053612386,-0.0015091524728576902,0.00022029684877359463,-0.0017294493216312848,0.02367716197781444,0.02980144999999975,0.035925738022185065,-0.0006949999999999977,60.958904109588936,51.11469245232322,48.55938618693306,48.11683407966746,-19.294023265142282,-8.000000000028817e-05,47.469926396668264,0.027999999999999997,2.939285714285722,1
2019-10-08,0.028775,0.029465,0.028171,0.028903,0.028903,1791107.0,39,0.16148331686310569,0.028290499999999923,0.02975866666666645,0.028755399999999532,0.028670333333333436,0.030556769230769026,0.028452230769231,0.030996066666666607,0.02947269999999975,0.032945760000000275,0.03994858999999983,0.051147094999999816,0.029077846897360857,0.029763804215049733,0.028688316728255267,0.02891741224400822,0.030316134374877225,0.028994566320911755,0.03078206063984405,0.02965823246153732,0.03330628647730249,0.039120463891900936,0.048107991362350895,43.17172958719232,41.27149931087079,50.71556659725711,44.05405361624153,40.659132975654465,43.586880677688846,40.466498508134364,41.45730068089363,41.234477688594055,39.35517510223286,17.279330952964703,-0.0013987221308690082,0.0002645817526098213,-0.0016633038834788295,0.023955640252963643,0.02947269999999975,0.034989759747035866,0.00041899999999999923,64.1821112006444,50.980392156862536,58.235294117646774,50.334169538107716,31.41471301536008,-3.0000000000293684e-05,54.035034387664226,0.028823,0.27755611837767535,0
2019-10-09,0.028901,0.029647000000000007,0.028743,0.028933,0.028933,2554629.0,37,0.1614286074704143,0.028486571428571358,0.029446999999999782,0.028714399999999536,0.028621583333333436,0.03037634615384595,0.028690538461538687,0.03082509999999993,0.02919364999999975,0.03269794000000028,0.039647539999999835,0.05102211499999981,0.029058533977712738,0.02968827655913612,0.028769877818836845,0.02891981036031465,0.030213679976738177,0.02898577113221008,0.0306627664050154,0.02958916270329567,0.03313478504682004,0.03891873193364547,0.04791719542839715,43.303647042333424,41.359318286240935,51.09581895910321,44.20719267359668,40.72844640036654,43.728603683400564,40.52495506282848,41.54974755714974,41.264363393925244,39.36584399788826,17.281479093740174,-0.0012938696164235266,0.00029554741364424246,-0.0015894170300677687,0.024211588567668398,0.02919364999999975,0.0341757114323311,0.0005139999999999972,61.899679829241826,62.34689837982497,55.88517367737107,54.226617993983574,24.445631846113066,0.0007359999999996952,49.58331089377217,0.028903,0.10379545375911459,0
2019-10-10,0.02894,0.029072000000000008,0.027957,0.028197000000000007,0.028197000000000007,2191699.0,41,0.16138145877862206,0.028655285714285637,0.02914619047619025,0.028571199999999537,0.028597666666666775,0.030150692307692108,0.028588923076923307,0.03063453333333327,0.02890774999999975,0.03246742000000028,0.03934010999999983,0.05089971499999982,0.028943662780684377,0.02955270596285102,0.028578918545891237,0.028808608766420087,0.030064296274757568,0.028873089541894357,0.03050368470146602,0.029456575779172274,0.03294114641753297,0.03870642041020695,0.04772097457836335,40.813302981426155,39.82860282300057,41.6380209021176,41.209202400563605,39.55145599785602,41.00679667567626,39.54068787401052,39.92563117483605,40.745825190656646,39.194986448403185,17.27042115320403,-0.0012556875083374814,0.00026698361738422983,-0.0015226711257217114,0.024436394718615244,0.02890774999999975,0.03337910528138425,-0.00106199999999999,22.625400213447353,49.56906374777779,47.493251302655246,53.8712396992243,20.341026524285574,0.00034299999999970465,49.64202487590839,0.028933,-2.5438081083883235,-1
2019-10-11,0.028154,0.028513,0.027308,0.027854000000000004,0.027854000000000004,3298098.0,39,0.16131029614395095,0.028536428571428494,0.028857571428571212,0.028541999999999536,0.028550583333333445,0.029928653846153643,0.028540461538461768,0.030435633333333267,0.028617199999999756,0.032218180000000284,0.039004519999999834,0.05074284999999982,0.028798374409926462,0.029398278148046374,0.028337279030594163,0.02866174587927853,0.029900570624775524,0.02872750532162373,0.030332737301371437,0.0293039495144892,0.0327416504795905,0.03849152099614345,0.04752329323927516,39.67404803696279,39.121701931586045,37.732183483279904,39.8449674506809,39.00593373622928,39.764602877507656,39.08355623130589,39.17629326533106,40.50387904715887,39.11507730439147,17.265246890192582,-0.0012388247454969935,0.0002270771041797744,-0.0014659018496767679,0.024730450276868703,0.028617199999999756,0.0325039497231308,-0.0004919999999999959,23.34330910645588,35.95612971638162,46.601880891875524,49.99343529063389,-20.116054158607067,0.0003459999999997076,42.308209549926275,0.028197000000000007,-1.2164414654041278,-1
2019-10-12,0.027864,0.028256,0.027371,0.027508,0.027508,1694132.0,38,0.16127372228832712,0.028466714285714213,0.02856438095238073,0.028278999999999544,0.028404666666666776,0.029696192307692108,0.028470384615384845,0.030232266666666605,0.028312349999999757,0.03194882000000029,0.038698279999999835,0.05058235999999981,0.02862632448860293,0.029226434680042164,0.02806085268706277,0.02848424651323568,0.02972334317108845,0.028553290275677483,0.030150496185153933,0.029132906703585468,0.032536409284312444,0.03827402553087328,0.0473241360926157,38.51216525082625,38.40143044211379,33.88458711775362,38.453803391849256,38.45038383246923,38.4977236237403,38.618172497237296,38.41268286911335,40.257916471970965,39.033997565182815,17.260004437553835,-0.0012390966578527706,0.00018144415345919759,-0.0014205408113119686,0.025191927742854045,0.028312349999999757,0.03143277225714546,-0.0009820000000000002,8.550662676357339,18.17312399875345,36.12023260522921,43.40512159991994,-12.869198312236,2.5999999999699874e-05,40.604073844752065,0.027854000000000004,-1.24219142672507,-1
2019-10-13,0.027435,0.02816,0.027104000000000003,0.027482,0.027482,2080174.0,38,0.16122879815372,0.028399785714285638,0.028272809523809308,0.027994799999999542,0.02833266666666678,0.029419461538461332,0.02833369230769254,0.03002753333333327,0.028052899999999752,0.031682120000000286,0.03837424999999983,0.05041039999999981,0.02847374789012254,0.029067849709129238,0.027867901791375174,0.02833005474196865,0.029557317751007825,0.02840024880772356,0.02997833514095045,0.02897567749372018,0.032338197155515884,0.0380603220550144,0.04712670190263943,38.42157292379141,38.3458531318919,33.57585406166738,38.344817344673466,38.40769656794396,38.39872314597726,38.582499042593525,38.353697774498244,40.23918728024505,39.02785766252883,17.259608655609394,-0.0012272630090391715,0.00015462224181823762,-0.001381885250857409,0.02568663348483613,0.028052899999999752,0.030419166515163375,-0.0002689999999999984,14.864333464411951,15.586101749074984,26.256677057982714,36.32626351836241,-12.418820410867825,-4.800000000029781e-05,42.36871883238819,0.027508,-0.0945179584120992,0
2019-10-14,0.027477,0.027889,0.026986000000000003,0.02753,0.02753,2087470.0,37,0.16118370847635904,0.028276285714285643,0.028027999999999786,0.027714199999999543,0.028252666666666777,0.02911376923076903,0.028270923076923308,0.029809733333333276,0.028178549999999764,0.03143742000000028,0.03805254999999983,0.05025247999999982,0.0283479148381062,0.028928045190117487,0.027755267860916786,0.0282069693970504,0.029407146065747982,0.02827592754947733,0.02982037803508268,0.028837993922889688,0.032149640404319176,0.037851800826202237,0.0469317098439067,38.706764791194345,38.51794872391412,34.89010134687431,38.692334600399384,38.53851201260125,38.712073178158754,38.69054021012635,38.53665141068149,40.2914957474448,39.045735369487254,17.263128699834887,-0.0012001766686975876,0.0001453668657278571,-0.0013455435344254447,0.02626806596385505,0.028178549999999764,0.030089034036144463,-0.0016079999999999985,26.07861936720988,16.497871835992985,19.092464965576326,27.156458209596018,-25.60343551014327,0.0012699999999997089,40.46271944909635,0.027482,0.17465977730877214,0
2019-10-15,0.027471,0.027763,0.025969,0.02626,0.02626,2135748.0,39,0.16113733012739442,0.028127285714285643,0.02808719047619026,0.027326799999999547,0.028128416666666774,0.028796307692307486,0.028099384615384845,0.029564166666666607,0.028182149999999764,0.03117868000000028,0.037719199999999835,0.05008391999999982,0.02806952619302537,0.02868549562737954,0.02725684524061119,0.02790743564365803,0.029174024134951838,0.027987937899552003,0.029590676226367667,0.028592470692138293,0.031918674113953716,0.03762226021578239,0.04672602118874344,34.21469106506373,35.75182536601154,21.42869255380613,33.310690105911576,36.41356236417221,33.811453129337856,36.9151076145945,35.60135274485185,39.36169070148852,38.742172820481024,17.2436218300744,-0.0012665884912938068,6.316403450531039e-05,-0.0013297525257991172,0.02628725133315054,0.028182149999999764,0.030077048666848974,-0.0026529999999999987,11.438679245283135,17.460544025634913,16.855120771943483,20.734754265167442,-29.338959212376636,0.00033599999999970464,35.30939726609522,0.02753,-4.613149291681806,-1
2019-10-16,0.026209,0.026437,0.025186,0.025924000000000003,0.025924000000000003,1992661.0,40,0.16109382570191902,0.02794399999999993,0.028074619047618828,0.026940799999999543,0.027860583333333442,0.02848896153846133,0.027958846153846386,0.029309899999999937,0.02818659999999975,0.030927400000000282,0.037362559999999836,0.04991433499999982,0.02778345603395533,0.02843445057034503,0.0268125634937408,0.027602291698479872,0.02893328160643689,0.02769308962818743,0.029354116469827825,0.028338330626220362,0.03168358885458298,0.03739061149863818,0.04651903590328331,33.12497260092229,35.054097408915766,19.090297993014847,32.033679343979436,35.870170520666655,32.63438846830189,36.45774028639721,34.863658929636586,39.11808256151187,38.661854577843286,17.238442569986482,-0.0013309899079570163,-9.899057263193164e-07,-0.001330000002230697,0.02631463076955492,0.02818659999999975,0.03005856923044458,-0.002075999999999998,24.03908794788282,20.51879552012521,16.99427654022887,17.647287425916158,-35.14105724459021,-0.00023800000000029356,37.99759816753467,0.02626,-1.279512566641261,-1
2019-10-17,0.025923,0.026681,0.025744,0.026162,0.026162,1924588.0,40,0.1610519416573132,0.02783049999999993,0.02809019047619025,0.026671599999999542,0.02763133333333344,0.02820038461538442,0.027729923076923308,0.029026066666666614,0.02801879999999975,0.030747920000000283,0.037023379999999835,0.049746439999999816,0.027567261896094614,0.02822786415485912,0.0265957089958272,0.0273807083602522,0.028728001487441562,0.02747436253844637,0.029148173471774414,0.028131061042770803,0.031467055958324816,0.037168262756090885,0.04631647833210637,34.703288386539604,35.98121831740108,25.958112045780915,33.97596357709932,36.56647135172144,34.3770560715312,37.02879943184272,35.8522530613985,39.389105839571,38.7526943978113,17.25613464520972,-0.0013472931271893624,-1.383449996693255e-05,-0.00133345862722243,0.026050176692699014,0.02801879999999975,0.029987423307300486,-0.0026609999999999997,32.817753866846026,22.76517368667059,21.847694778326613,18.565697363499588,-23.36421114541944,0.0007709999999997094,39.985452274801524,0.025924000000000003,0.9180681993519402,0
2019-10-18,0.026215,0.026521,0.025264,0.025391,0.025391,1811786.0,40,0.1610123988049766,0.02756285714285708,0.027893666666666445,0.026253399999999538,0.02741391666666677,0.02788446153846134,0.027459000000000237,0.028689833333333283,0.027864149999999758,0.03060332000000028,0.03673867999999983,0.04956442999999981,0.027277093643282003,0.02796996741350829,0.026194139330551463,0.02707459938175186,0.028480816192075518,0.02717673931866832,0.028905775183272836,0.0278701028482212,0.03122877925407679,0.0369350496322079,0.046108264617359035,32.075759383542554,34.318591135714136,19.517793905384973,30.87909279635602,35.27790309500639,31.53140450986659,35.947357350646264,34.09223600987207,38.818113488990655,38.565821206492586,17.244133160584727,-0.0014062168103236607,-5.8206546480984486e-05,-0.0013480102638426762,0.02558753623811913,0.027864149999999758,0.030140763761880383,-0.0035119999999999978,7.584165741768426,21.480335852165684,20.391661233797898,19.74454418411773,-60.582053354890725,-0.00016600000000029091,34.769758468310535,0.026162,-2.9470223988991684,-1
2019-10-19,0.02539,0.026019,0.025241,0.025557,0.025557,1782854.0,41,0.16097347555680122,0.02732314285714279,0.0277542857142855,0.025858799999999536,0.02714175000000011,0.027610846153845958,0.027271076923077155,0.028391266666666613,0.027721049999999758,0.03043818000000028,0.036498489999999835,0.049351829999999805,0.027047747824177737,0.027750606739552992,0.025981759553700974,0.02684112255379004,0.028264237214884743,0.026945347987429983,0.02868972517144878,0.0276498073388668,0.031006356538230636,0.036709741718698834,0.04590377442216143,33.2417597918009,34.99610083345377,24.36605424533419,32.318024380931696,35.783859041825345,32.820800329688396,36.36086358363667,34.815649781100824,39.012269358104575,38.6301751354082,17.256585319758848,-0.0014231146610947064,-6.008351780162412e-05,-0.0013630311432930825,0.02524061544771816,0.027721049999999758,0.030201484552281364,-0.003375999999999997,14.396585176561887,18.266168261725365,18.055254395668303,20.098203469264213,-54.78289258896492,-0.0006690000000002874,36.315993471275746,0.025391,0.6537749596313702,0
2019-10-20,0.02555,0.026574,0.025429,0.026226,0.026226,2043457.0,37,0.16092904536103114,0.027196428571428503,0.027649857142856928,0.02585199999999953,0.02691866666666677,0.02765734615384596,0.02707130769230793,0.028134966666666608,0.027569399999999755,0.030290440000000286,0.03624899999999983,0.049116239999999804,0.026938181447620703,0.02761200612686636,0.026063173035800653,0.026746488314745416,0.02811325668044884,0.0268425839892257,0.028530775160387576,0.02751420663992711,0.030818891575947086,0.036502142872784006,0.04570797567169217,37.848628945542,37.708916932674796,41.429424883320436,37.95704075833957,37.81823682204717,37.89669136219799,38.02698296433295,37.70888426499031,39.79761271412123,38.890737361587966,17.30698163771099,-0.0013667683657034198,-2.9897779282700952e-06,-0.0013637785877751495,0.025114134174591983,0.027569399999999755,0.030024665825407526,-0.0019710000000000075,69.56521739130429,30.51532276987813,29.680562024872536,22.70915921811286,-30.15980958857503,-2.700000000029068e-05,40.23306914631002,0.025557,2.6176781312360564,1
2019-10-21,0.026229,0.026753,0.026076,0.026253,0.026253,1749263.0,37,0.16089111511373652,0.027012857142857068,0.02750671428571407,0.025917799999999536,0.026695333333333442,0.02765984615384596,0.02686746153846177,0.027887899999999945,0.027464749999999757,0.030152280000000288,0.036018949999999834,0.048894029999999804,0.02684682392127128,0.02748846011533305,0.02612644869053377,0.026670567035553813,0.027975459889304482,0.0267583577050506,0.028383821924233537,0.02739409172183881,0.03063983700434132,0.03629918954857046,0.045514393824212636,38.033538165614466,37.81863602921504,42.06245885776463,38.18222781845172,37.900689021389596,38.099969492450974,38.09457392842947,37.82582807723228,39.82950887953224,38.90131156060505,17.30902444402473,-0.001304892853750666,4.710858721958711e-05,-0.001352001440970253,0.024970742962119936,0.027464749999999757,0.02995875703787957,-0.0016010000000000052,66.9312169312169,50.297673166360944,38.25898782153935,28.66493474736001,-50.53086905230028,-0.0005370000000002872,37.47724515260089,0.026226,0.10295126973232094,0
2019-10-22,0.026196,0.027438,0.025609,0.02679,0.02679,3743193.0,39,0.16081017286082072,0.0268619285714285,0.027432619047618827,0.02604339999999954,0.02657808333333344,0.027696576923076727,0.02670261538461562,0.02766073333333328,0.02737974999999975,0.03002126000000029,0.03586754999999983,0.0486568749999998,0.026839247398435108,0.027424963741211863,0.026347632460355846,0.026688941337776304,0.027887648045652292,0.02676287803290052,0.028280994703315243,0.02733655917690178,0.030488863004171068,0.036110888765430456,0.04532808144785232,41.727922706685256,40.019925954407505,53.94297219601465,42.66592587518487,39.55605101683197,42.15537366690341,39.4517572249702,40.17145739800638,40.46935573159392,39.112951318150074,17.349835577071236,-0.0011987067078759912,0.00012263578647540938,-0.0013213424943514006,0.024917188742467428,0.02737974999999975,0.029842311257532075,-0.0007179999999999999,70.50523441055974,69.00055624436023,45.79648393028209,37.91201125889794,-38.12015154248574,0.0024519999999997114,45.2162633326301,0.026253,2.04548051651241,1
2019-10-23,0.026791,0.026893,0.024067,0.024338,0.024338,2563259.0,33,0.1607541773162281,0.026533714285714216,0.02723490476190454,0.025832799999999538,0.026285083333333438,0.027497346153845952,0.026405769230769458,0.02738296666666661,0.027209099999999757,0.029850860000000288,0.03568206999999983,0.04841297499999981,0.026505747745310428,0.02714433067382897,0.02567775497357056,0.026327258055041488,0.027624711153381755,0.026416466885343298,0.028026607948262647,0.027050982112434944,0.030247652690282012,0.03587776225522391,0.04511922491603289,32.305354103611876,34.224290945051735,25.40194671715157,31.40011351940041,35.117271617455266,31.883670571358362,35.75336219606147,34.01830679700068,38.5596271030939,38.49795769511879,17.310630197994435,-0.001297453098340267,1.911151680890691e-05,-0.001316564615149174,0.02440545666362025,0.027209099999999757,0.030012743336379256,-0.003144000000000001,8.039157520023737,48.491869620600035,45.88748228593315,43.31431801258481,-57.68989328311349,-0.00013700000000028967,36.2806262131263,0.02679,-9.152668906308337,-1
2019-10-24,0.02435,0.025581,0.024198,0.024475,0.024475,1878736.0,20,0.16071305961067744,0.026267857142857072,0.027078904761904544,0.02561639999999954,0.026032333333333442,0.02734315384615365,0.026145846153846387,0.027364899999999942,0.02697594999999976,0.029690760000000288,0.03552902999999983,0.04816693999999981,0.02623498137926904,0.026901664248935427,0.025276836649047042,0.0260422952773428,0.02739139921609422,0.0261391144731514,0.027797471951600542,0.02680565048267924,0.030021274153408207,0.03565196498284324,0.04491380974273903,33.208231561036094,34.77716714077856,27.957612996476026,32.47926083399311,35.53698398997697,32.86791828260581,36.09921688317976,34.60594178608449,38.72441795026674,38.55248020731655,17.32112105666567,-0.0013491039387514214,-2.6031458881797722e-05,-0.0013230724798696234,0.024073883768802345,0.02697594999999976,0.02987801623119717,-0.003055000000000002,12.103233461880803,30.215875130821328,45.42881194299693,45.704259386404,-50.52945967960886,-0.0024650000000002864,34.498839218768914,0.024338,0.5629057441038698,0
2019-10-25,0.024475,0.027485,0.024277,0.02694,0.02694,2365577.0,24,0.1606618865274445,0.02620257142857136,0.026974238095237874,0.025759199999999538,0.025987166666666773,0.02728626923076903,0.026102153846154084,0.02738996666666661,0.026877299999999757,0.02957550000000029,0.03537897999999983,0.04793809999999981,0.026328983862033164,0.026905149317214026,0.025831224432698027,0.026180403696213137,0.02735796223712428,0.026253526691272625,0.027742151180529542,0.026818445674805024,0.029900439872882392,0.03547945082476713,0.04473496586470183,46.86917338037127,43.69765451999402,58.58913406268598,48.32454715412197,42.48828019837613,47.55243204310949,41.91300215745977,44.02419187565954,41.59913466364414,39.52672377840602,17.510365506710666,-0.001177558540911141,0.00011641115116678599,-0.001293969692077927,0.024122058556812574,0.026877299999999757,0.02963254144318693,0.0006799999999999966,84.05500292568746,34.7324646358639,48.32676904987356,46.547687759601146,-9.633220910623733,-0.000844000000000289,45.50108907838194,0.024475,10.071501532175686,1
2019-10-26,0.026942,0.029836,0.026942,0.027784,0.027784,2741521.0,53,0.1606034906229749,0.026222285714285646,0.02692047619047597,0.026065399999999538,0.026008333333333442,0.027229538461538264,0.02612538461538485,0.027454933333333275,0.026866499999999755,0.029503120000000282,0.03520618999999983,0.04773228499999981,0.026522986013762077,0.02698504483383093,0.026482149621798682,0.026427110819872653,0.027389520589929887,0.026472165735376536,0.027744851104366343,0.0269104032295855,0.029817442230808577,0.03532706565992025,0.04456629953768987,50.577445807929905,46.33061565060396,64.74764084718895,52.46251168867673,44.61195093015886,51.466941305990936,43.724501254006526,46.77983496961751,42.540578790519355,39.8564844791,17.575285371926018,-0.000962409770057234,0.0002652479376165542,-0.0012276577076737885,0.024128146480139726,0.026866499999999755,0.029604853519859788,0.0018599999999999934,64.43057722308886,53.52960453688559,47.82664110824794,47.19407403370607,2.763869417184329,-0.0013520000000002974,43.339871309776676,0.02694,3.1328878990348974,1
2019-10-27,0.027849,0.030019,0.027509,0.029136,0.029136,3163821.0,50,0.16053651970781713,0.026340428571428504,0.026974571428571213,0.026534599999999537,0.026248000000000105,0.02725992307692288,0.026248923076923312,0.02744219999999994,0.026882149999999758,0.029430480000000286,0.03504776999999983,0.04752143999999981,0.0268713878785938,0.027180586212573573,0.027366766414532454,0.026843863001430702,0.027518889435120264,0.026852713487465603,0.02783460264602013,0.027122364826767838,0.02979071900607098,0.03520447030031788,0.044412764218906886,55.86446539159228,50.23605912969123,72.58493129306639,58.26247816626282,47.81734660487675,57.003094502819465,46.48694607057722,50.84963341014432,44.01519781663941,40.38245944493815,17.679585798322663,-0.0006750264336895588,0.0004421050191873838,-0.0011171314528769425,0.024093598421672212,0.026882149999999758,0.029670701578327293,0.0029740000000000014,85.16465053763444,77.88341022880347,50.75852433366288,48.97064483059472,14.621640735502426,-0.00044300000000029033,45.220032700965824,0.027784,4.866109991361922,1
2019-10-28,0.029137,0.031626,0.029034,0.029579,0.029579,2892962.0,52,0.16047589561731898,0.026486785714285647,0.02701057142857121,0.027582799999999536,0.026552583333333442,0.027301807692307497,0.026504230769231002,0.027478699999999943,0.026915949999999755,0.02936402000000029,0.034872049999999835,0.047351739999999816,0.027232402828114625,0.027398623829612338,0.028104177609688304,0.027264653308902903,0.02767149021770395,0.027242182989256236,0.027947144410793018,0.02735633008136137,0.02978241629995055,0.035093074848826435,0.04426516457493766,57.46200986441423,51.44881667004704,74.78877123356051,59.99505334507598,48.82506759971582,58.666817428509766,47.36181429719946,52.109606934306136,44.49130725613251,40.5545050645901,17.71387428697325,-0.00040683690880104553,0.0005682356352607176,-0.0009750725440617633,0.02401033253871741,0.026915949999999755,0.029821567461282106,0.004188000000000001,72.44211093161013,74.0124462307777,63.639115015980146,54.07476015263026,17.502349021952945,0.00035699999999970483,42.336799489115684,0.029136,1.520455793520048,1
2019-10-29,0.029496,0.030674,0.028832,0.029222,0.029222,2468586.0,54,0.16042400952174435,0.026698357142857083,0.027025761904761685,0.02853219999999954,0.02680758333333344,0.02735838461538442,0.026757923076923314,0.02750546666666661,0.026930399999999757,0.029267220000000288,0.034707089999999836,0.04718044999999981,0.027497682451032675,0.02756438529964758,0.028476785073125538,0.02756578356907169,0.02778634279417032,0.027525013990791058,0.028029393158483795,0.027534012930755532,0.02976043919014857,0.03497681594092888,0.044115481345336285,55.72057253813472,50.41162787607779,69.39416901799214,57.89685286351713,48.04855345382793,56.76073794361557,46.72568772250498,51.00327235162141,44.18245473778423,40.459471802628606,17.70790065552763,-0.00022055922509863282,0.0006036106551705043,-0.000824169880269137,0.02398001694552174,0.026930399999999757,0.029880783054477767,0.0036650000000000016,67.28806640359235,74.96494262427886,74.67608160432245,63.024573651321774,27.441171020937887,0.0008019999999997128,39.76906847857753,0.029579,-1.2069373542039963,-1
2019-10-30,0.029181,0.029229,0.027886,0.02842,0.02842,2362683.0,53,0.16037398423457802,0.02687664285714279,0.02700133333333312,0.028828199999999537,0.02706000000000011,0.027330769230769037,0.02693161538461562,0.027477499999999943,0.026941549999999752,0.02915734000000029,0.03453870999999984,0.047009644999999815,0.027620658124228318,0.027642168454225072,0.028457856715417024,0.0276972014815222,0.02783328036497252,0.02765286913496376,0.028054593599871936,0.02761839265163596,0.029707872947397643,0.03484697800150455,0.0439593074016016,51.932358910601465,48.12817849335392,58.097119617290886,53.355560294848814,46.329609462680594,52.62430766323914,45.31287872083642,48.57084541099096,43.490658355886744,40.2454878266375,17.694428607480077,-0.00013607888345032113,0.0005504727974550527,-0.0006865516809053737,0.023969407163284932,0.026941549999999752,0.029913692836714575,0.002193999999999998,31.554227156276607,57.094801497159594,64.17592645044029,67.49704102358089,22.16696269982263,-0.0005340000000002912,42.34425952453312,0.029222,-2.744507562795151,-1
2019-10-31,0.028424,0.030335,0.028360000000000007,0.028954,0.028954,2231551.0,50,0.16032702255541334,0.02707607142857136,0.027037380952380737,0.02906219999999954,0.02734308333333344,0.02733234615384596,0.02720569230769254,0.02749776666666661,0.02699654999999975,0.029060000000000287,0.03439709999999984,0.046837249999999817,0.027798437040997874,0.02776142586747734,0.028623237810278018,0.027890555099749557,0.02791629663423381,0.027838744972826082,0.02811261981923504,0.02774559335148015,0.029678309302401656,0.03473028536781138,0.04381000086029213,54.15583796572639,49.716918482302745,62.920230131344994,55.853324970318305,47.62518056484619,54.97699248173606,46.42737344885893,50.230291132777566,44.08525418786763,40.45726448423892,17.736308705528103,-2.574153448426167e-05,0.0005286481171368899,-0.0005543896516211513,0.023914628284107543,0.02699654999999975,0.030078471715891963,0.002701000000000002,35.09837260140881,44.646888720425814,58.30948552610429,65.72049786028896,24.160609207338453,-0.00025600000000029766,42.26351675130793,0.02842,1.8789584799437042,1
2019-11-01,0.028979,0.029767,0.028457,0.029210000000000007,0.029210000000000007,2512272.0,49,0.16027416461617927,0.027348857142857074,0.02710195238095216,0.029076999999999537,0.02759175000000011,0.02737888461538442,0.02748669230769254,0.02752176666666661,0.027081649999999752,0.02897202000000029,0.034247339999999835,0.04667463499999983,0.02798664543553149,0.0278931144249794,0.028818825206852014,0.02809354662286501,0.02801212651317946,0.028034638548136644,0.028183418540574712,0.027885060651339184,0.029659944231719238,0.03462097278627056,0.04366472721989122,55.219804935594254,50.47867413631578,65.22302420666956,57.04785563733823,48.24712290012378,56.102456942104205,46.962815608264904,51.025735113373145,44.371472920207374,40.559267173425816,17.756471232508808,8.142010968554754e-05,0.0005086478090453592,-0.0004272276993598116,0.02384991308559277,0.027081649999999752,0.03031338691440674,0.002420000000000009,35.401069518716724,34.017889758800614,48.35676932232074,56.94739376628839,34.589258219364545,-2.000000000029062e-05,38.473857774359324,0.028954,0.8841610830973456,0
2019-11-02,0.029205,0.029652,0.029006,0.029230000000000006,0.029230000000000006,1974972.0,51,0.16023268922970646,0.027611214285714218,0.02718395238095216,0.029007199999999542,0.027839833333333442,0.027394538461538262,0.027717769230769462,0.02757106666666661,0.02716904999999975,0.02888414000000028,0.034097369999999835,0.04650860499999983,0.028152426044127293,0.028014649477254,0.02895588347123468,0.0282683856039627,0.028102339364055054,0.028205404469831413,0.028250939925053762,0.02801315011311641,0.0296430836736126,0.03451422084990877,0.04352109809332513,55.30662907204825,50.53999966951368,65.4243316962445,57.14599491511189,48.29693379305535,56.19458666808313,47.00557487793766,51.08985942852328,44.394154972432844,40.56730094901349,17.75805388745439,0.00016604623990764541,0.00047461915141396564,-0.00030857291150632014,0.02380009142442466,0.02716904999999975,0.030538008575574836,0.0048920000000000075,48.20659971305614,39.568680611060465,43.50966707860995,50.05864064234493,33.71271225332757,0.0003279999999997174,39.35348680749493,0.029210000000000007,0.0684697021567926,0
2019-11-03,0.029114,0.029345,0.028499,0.028902,0.028902,1988255.0,56,0.1601908401044124,0.02780235714285708,0.0272515714285712,0.028943199999999537,0.028015833333333445,0.0273944999999998,0.0279215384615387,0.027563199999999944,0.027237649999999745,0.028780900000000283,0.03393664999999985,0.046339504999999816,0.02825236923824365,0.028095317706594545,0.02893792231415645,0.028365864741814587,0.028161573485236163,0.02830491811699835,0.028292943800856743,0.028097802483295797,0.02961402156876505,0.03440308776377196,0.04337563443070498,53.48445794182572,49.48709687056185,58.7335139668832,54.91669571821375,47.51803229132057,54.18606861350664,46.37201153620257,49.96333812852334,44.093407169253794,40.47668477999415,17.75242332139061,0.00020429125657842745,0.00041029133446779815,-0.00020600007788937062,0.023782961330997787,0.027237649999999745,0.030692338669001708,0.004426999999999997,41.48632094732528,41.697996726365936,38.349317987356535,43.40525146276236,25.355315520182177,-0.0006090000000003037,35.98104472698315,0.029230000000000006,-1.1221347930208903,-1
2019-11-04,0.029009,0.029673,0.028644,0.029511000000000006,0.029511000000000006,1859608.0,49,0.16015183036688233,0.02803507142857136,0.02734590476190453,0.029161399999999543,0.028446916666666777,0.02741673076923057,0.02813084615384639,0.02758313333333328,0.027400199999999743,0.028698580000000282,0.03379867999999984,0.04617145499999982,0.028420186673144505,0.02822401609690413,0.02912894820943764,0.028542039396920037,0.0282615310048483,0.02847721552885573,0.02837152807176922,0.028232392722981912,0.02960998150724485,0.034306214738746774,0.04323767786920543,56.34564480597989,51.45430627553426,66.39148791776323,58.19686998623802,49.10076685216893,57.24188950927801,47.7238601848284,52.025614512057,44.80159235887557,40.72497872277433,17.80105647534477,0.0002805083920717419,0.00038920677596889,-0.00010869838389714812,0.02383503162872746,0.027400199999999743,0.030965368371272037,0.0025710000000000073,58.27848101265836,49.323800557679824,43.69416875863289,41.85105127486641,29.256465517241693,-0.00010000000000028736,41.89017613155245,0.028902,2.1071206144903654,1
2019-11-05,0.029587,0.029935000000000007,0.029089,0.029611,0.029611,1991017.0,54,0.16011017556549798,0.02823657142857136,0.02750547619047597,0.029292799999999543,0.028874916666666774,0.027471115384615184,0.02853646153846178,0.02763683333333328,0.027584549999999756,0.028619760000000282,0.03365583999999984,0.04600236999999981,0.028578961783391907,0.028350105542640117,0.02928963213962509,0.02870649487431696,0.02836149167115583,0.0286391847390192,0.02845149400262282,0.028363688654126487,0.029610021448137205,0.034213240189464665,0.043102089034685966,56.81300003195042,51.77736782240068,67.57707258276098,58.7310035876688,49.361175090071676,57.74034192462086,47.946503478216925,52.36411924526588,44.91845422396814,40.76595707301804,17.809076615414337,0.0003450032031611268,0.00036296126964662,-1.7958066485493146e-05,0.02395997618262123,0.027584549999999756,0.031209123817378275,0.0018270000000000055,78.0784844384301,59.2810954661378,52.290191126037136,44.77789262400881,26.36695018226032,-0.00012500000000029152,45.53278421243857,0.029511000000000006,0.3388566975025986,0
2019-11-06,0.029481,0.030181,0.029415,0.029736,0.029736,2372626.0,53,0.1600606599326216,0.028622142857142787,0.02768699999999977,0.029397999999999543,0.029107916666666768,0.0275434999999998,0.02894115384615408,0.02766726666666661,0.02776324999999975,0.028520940000000283,0.033509649999999835,0.04583866499999981,0.028733233545606317,0.028476095947854656,0.029438421426416724,0.0288648802782682,0.02846330710292207,0.028795872633445026,0.02853436535729232,0.028494384972781114,0.029614961783504375,0.0341245819678911,0.04296909312389308,57.42346822840766,52.193978653667145,69.20649494256219,59.43292249306138,49.69525691098885,58.39326724278944,48.231292915532855,52.80122384328793,45.066737387261725,40.81761139051989,17.819149698651504,0.0004015731753461288,0.0003356249934652975,6.594818188083125e-05,0.024082011428433903,0.02776324999999975,0.031444488571565586,0.0005999999999999997,73.54340071343653,69.96678872150822,59.91865736498111,51.96767241655033,64.47682752030614,0.00028699999999971115,47.24211137781951,0.029611,0.42214042078956293,0
2019-11-07,0.029798,0.029919,0.029037,0.029449,0.029449,1776373.0,54,0.1600235245851757,0.028977428571428494,0.027843523809523582,0.02944179999999954,0.029246666666666768,0.027618153846153643,0.02913415384615408,0.02768546666666661,0.027966149999999745,0.02840036000000028,0.03336243999999985,0.04567913999999981,0.028828669072858807,0.028564541770776962,0.029441947617611156,0.028954744850842318,0.028536321391594507,0.02888917654295288,0.02859337404391862,0.028585300689659095,0.029608453478268914,0.0340319961863487,0.0428345648341031,55.49377023226796,51.13144431370695,60.789396454576256,57.02063496632801,48.92565144795307,56.244572516465595,47.613256339618815,51.65846689269393,44.78438956845326,40.735235761546654,17.814111901406015,0.00041842345924781097,0.00028198022189358384,0.00013644323735422718,0.024389602928084345,0.027966149999999745,0.031542697071915135,-0.00013000000000000164,56.48038049940546,69.36742188375725,61.57341352225096,57.927420671089685,58.36658061487945,0.0015269999999997024,51.05326697098302,0.029736,-0.965160075329563,0
2019-11-08,0.02937,0.029628,0.027581,0.027922,0.027922,2075389.0,42,0.15997980255522842,0.029047571428571364,0.027964047619047392,0.029245799999999544,0.029145500000000105,0.027635076923076717,0.02914476923076947,0.02765176666666661,0.028084399999999742,0.028268520000000286,0.03318357999999985,0.045508969999999815,0.0287077798631443,0.028506128882524507,0.028935298411740768,0.028795861027635813,0.02849081610332825,0.02875100846538818,0.02855005958947225,0.02852212919540585,0.029542318047748563,0.033911006162856645,0.04268618110441053,46.572100946658274,45.9207879907885,34.21820031490581,46.20987902476799,45.069259390240475,46.45085677353922,44.47965150159121,46.08625365315069,43.311766734510854,40.29820164914917,17.787222258050026,0.0003050449243075619,0.00013488134956266774,0.00017016357474489412,0.02469156523433541,0.028084399999999742,0.031477234765664074,-0.001299999999999999,13.115384615384665,47.71305527607544,55.89922625586285,59.13043238103159,12.948312236287336,-7.400000000028911e-05,41.871386158512394,0.029449,-5.185235491867301,-1
2019-11-09,0.027916000000000003,0.028372,0.027796,0.027996,0.027996,1732473.0,38,0.1599432376000028,0.02906271428571422,0.02808019047619024,0.028942799999999536,0.029013583333333436,0.0276529999999998,0.02905707692307716,0.02764506666666661,0.028172899999999744,0.02815014000000028,0.033016869999999844,0.04534500499999981,0.028612875881391726,0.02845975352956773,0.028622198941160512,0.028672805484922605,0.028454163058637263,0.028643150113189873,0.0285143138095063,0.028472021652986245,0.029481678124307437,0.033793877327948585,0.04254001014814774,47.01439963801627,46.199137000102866,35.84885357966851,46.74000601489671,45.28629141124815,46.93310200541005,44.662029604136094,46.38055382813053,43.40375773085166,40.32953584655599,17.793265736896018,0.0002186424262853419,3.8783081232358206e-05,0.0001798593450529837,0.02489373689114573,0.028172899999999744,0.031452063108853755,-0.00042400000000000077,15.96153846153829,28.519101192109364,47.43583774563882,54.96949250791749,3.111241561491462,-0.0003910000000003008,42.37535686540925,0.027922,0.265023995415814,0
2019-11-10,0.027994,0.028612,0.027853,0.028387,0.028387,2058224.0,39,0.15989989928576254,0.02900921428571421,0.028183095238095007,0.028697999999999536,0.028944000000000105,0.02773480769230749,0.02896538461538485,0.027662833333333272,0.02827959999999975,0.028044580000000284,0.03285251999999985,0.04520882499999981,0.028582759097206163,0.028453139572334307,0.028543799294107008,0.02862883541031913,0.028449188017256724,0.028606557239877036,0.028506100015344607,0.028463924352701838,0.029438749570413033,0.03368681045016743,0.04239918417652438,49.386443283890074,47.689515214650754,44.562254851891744,49.58415033237486,46.447273188746856,49.519916021788454,45.63703963724125,47.95667774243742,43.894443524263174,40.49620002831179,17.825342954026443,0.0001796473930624036,-1.695615924640517e-07,0.00017981695465486765,0.02512704211460175,0.02827959999999975,0.031432157885397737,-0.0005670000000000014,30.99999999999993,20.02564102564085,38.02014085795279,47.11840161981811,-12.796856313001474,0.0012409999999997074,43.23682986603347,0.027996,1.3966280897270922,1
2019-11-11,0.028333,0.028498,0.026885000000000003,0.027146,0.027146,2176726.0,40,0.15985382733630368,0.0288354285714285,0.02822561904761882,0.02817999999999954,0.028837833333333437,0.02778180769230749,0.028805692307692542,0.02765076666666661,0.02829739999999975,0.02791540000000028,0.03267813999999985,0.04508185499999981,0.028391191217578673,0.028334308702122092,0.028077866196071336,0.02840070688565465,0.028352655571534005,0.02839790620560888,0.02841835162725785,0.02833840774768262,0.029348837822553694,0.033557289451154215,0.042247411199643536,42.861321511023995,43.66732800929129,29.36904842921007,41.89213499933452,43.41117226413108,42.447422823456435,43.143931918979824,43.67795043371356,42.696051803860286,40.136829613352205,17.803184061259056,4.805131412064304e-05,-0.0001054125124273797,0.00015346382654802274,0.025176392915614142,0.02829739999999975,0.031418407084385355,-0.0020640000000000107,8.60250494396816,18.521347801835354,25.031961704059118,36.829313435883535,-36.58096526838036,0.00017699999999970514,36.504613889584654,0.028387,-4.371719449043576,-1
2019-11-12,0.027194,0.027194,0.026543,0.026969,0.026969,2475237.0,39,0.15980123576448174,0.028674499999999933,0.02823414285714263,0.027683999999999532,0.028672416666666777,0.02781284615384596,0.028694076923077162,0.02763366666666661,0.02842894999999975,0.02780136000000028,0.032495659999999836,0.044951839999999806,0.02820156572190152,0.028210189729201907,0.027708244130714224,0.028180444287861626,0.028250162566235186,0.028193776747664764,0.02832484507066057,0.028207987962189037,0.029255510849120217,0.033426828273903635,0.042095387207607284,42.01305974828186,43.123874970289705,27.74975989400922,40.91150249092461,42.99491200817207,41.53623904939009,42.79934197923118,43.10204106958165,42.52714112891691,40.085586070950434,17.80001231810605,-6.971827837356365e-05,-0.0001785456839372691,0.00010882740556370546,0.02583300397230964,0.02842894999999975,0.031024896027689867,-0.002261000000000006,13.808752025931918,17.803752323299893,16.49763600936441,26.516579523792068,-34.81687528975392,7.099999999971018e-05,37.41607177673018,0.027146,-0.6520297649745821,0
2019-11-13,0.026928,0.027165,0.026656,0.026898,0.026898,1846512.0,38,0.15976203113344273,0.028565785714285637,0.028356047619047392,0.027479199999999537,0.028479750000000106,0.02787080769230749,0.02853592307692332,0.027612599999999942,0.02855009999999975,0.02783898000000028,0.03230364999999985,0.044815754999999804,0.028027756958981315,0.028090899753819912,0.027438162753809482,0.027983145166652144,0.028150002376143693,0.02800866578371265,0.028232790549972794,0.028083227203885317,0.02916305944327236,0.033297544545707526,0.041944169424447016,41.65872106091068,42.89951454763897,27.03232242766255,40.499527421123716,42.82386134742267,41.15460871081247,42.658117468285646,42.86399614423194,42.45841554824576,40.06486242369263,17.798733995156738,-0.0001668572094915485,-0.00022054769204420322,5.369048255265465e-05,0.026580516244950475,0.02855009999999975,0.030519683755049033,-0.0020039999999999954,17.15804736587728,13.189768111925678,17.306168559462932,19.611922090962114,-26.5156794425082,0.0002639999999997158,37.53266298126504,0.026969,-0.2632652304497829,0
2019-11-14,0.026894,0.027008,0.026312,0.026634,0.026634,1765426.0,41,0.15972449781903292,0.028400071428571358,0.028458857142856918,0.027206799999999542,0.028263416666666773,0.027912230769230568,0.02833776923076947,0.02762506666666661,0.028534799999999763,0.027847900000000283,0.03212263999999985,0.0446852399999998,0.027841922697783808,0.027958454321654464,0.027170108502539654,0.027775584371782583,0.02803770590383675,0.027812284957467983,0.028129642772555197,0.02794520556542005,0.029063880641575408,0.0331655931685648,0.04179182943017391,40.30447877328797,42.04736422578684,24.23643093175269,38.920772761164926,42.17596032386883,39.69420446683165,42.12405850055632,41.95925623142795,42.19976819132613,39.98722588196675,17.793958652941466,-0.00026212153205416866,-0.00025264961168545866,-9.471920368710014e-06,0.026508612436658648,0.028534799999999763,0.03056098756334086,-0.002877000000000008,13.99999999999982,14.988933130602893,16.91386086715524,16.905888478660824,-42.413162705666906,0.0007099999999997109,37.89621514202123,0.026898,-0.981485612313171,0
2019-11-15,0.026543,0.026779,0.025879000000000003,0.025924000000000003,0.025924000000000003,1882056.0,38,0.15968437079801698,0.02816535714285707,0.028410476190475962,0.02671419999999954,0.028015250000000103,0.027900615384615187,0.028083461538461776,0.027625066666666604,0.02844179999999975,0.027849680000000283,0.031929819999999845,0.044562174999999794,0.027586199671412636,0.027773503928776783,0.026754739001693104,0.027490725237662186,0.027881135096145145,0.027542529963543987,0.027987343238841958,0.027752709797284805,0.02894074806739598,0.03302219528403877,0.04163394058012242,36.852449694460546,39.81887456443765,18.17110691996866,34.95120375624858,40.46610606158185,35.99478715515025,40.70774488169529,39.59900061904161,41.50616440208281,39.777853369731886,17.781064475935594,-0.00039040985848295615,-0.00030475035049139687,-8.565950799155926e-05,0.02612116409809561,0.02844179999999975,0.030762435901903886,-0.0036869999999999993,1.7182130584192403,10.95875347476534,11.057503478839099,15.09251096848572,-55.46927751519225,-0.0006220000000002751,37.67695761445892,0.026634,-2.6657655628144483,-1
2019-11-16,0.025927,0.027081,0.025839,0.026546,0.026546,1850897.0,41,0.15964501868563305,0.027973642857142784,0.02835152380952358,0.02659419999999953,0.02776816666666677,0.02791188461538441,0.02790223076923101,0.027637866666666604,0.028312299999999745,0.027790240000000282,0.03175116999999985,0.0444343499999998,0.02744750638189095,0.02766191266252435,0.02668515933446207,0.02734538289340646,0.02778223620013439,0.02740016854018056,0.027894353352465054,0.02763778505468625,0.02884683637847849,0.03289395379326572,0.04148381181813116,41.551296416414665,42.61039311763094,35.215133113980016,40.69196612976527,42.58374272142535,41.16773949363219,42.45911617698003,42.570577961959074,42.35282938071026,40.05556920170629,17.833486526808887,-0.0004368533067279253,-0.0002809550389890928,-0.00015589826773883242,0.025868956466890837,0.028312299999999745,0.030755643533108657,-0.003190000000000005,52.17712177121758,22.631778276545443,19.772426844288983,15.914597063427738,-41.12779650628245,2.1999999999709752e-05,40.6927213109184,0.025924000000000003,2.3993210924240005,1
2019-11-17,0.026544,0.027047,0.026268,0.026524,0.026524,1735087.0,38,0.15960818435755572,0.027803785714285642,0.028227142857142624,0.02650519999999953,0.02751091666666677,0.02790165384615365,0.027672461538461774,0.02767563333333327,0.028159549999999745,0.027751040000000282,0.03157980999999985,0.044305859999999794,0.027324372197638818,0.027558466056840317,0.026631439556308048,0.027219016294420854,0.027689033518642957,0.02727500160586905,0.027805943458757632,0.027531710287573275,0.028755744755793056,0.03276781609438917,0.04133495796919453,41.43445631239693,42.537281628730135,34.90654026007882,40.55482515180961,42.52817959649822,41.041393287307024,42.413327790166456,42.49293872183707,42.33072442421157,40.04897154909801,17.83308235415048,-0.0004700172242220988,-0.0002512951651866132,-0.00021872205903548573,0.0256681334530814,0.028159549999999745,0.03065096654691809,-0.002924999999999997,51.659125188537296,35.18482000605793,27.342501476810064,19.39081059997935,-38.23151125401902,0.0011079999999997134,37.7382808574233,0.026546,-0.08287500941761561,0
2019-11-18,0.026528,0.026848,0.025132,0.025416,0.025416,1928545.0,38,0.15956701648149738,0.02751128571428564,0.028028904761904533,0.02620879999999953,0.02715091666666677,0.027943115384615188,0.02734976923076947,0.027670933333333262,0.027969249999999744,0.027690980000000285,0.03140639999999985,0.04416724999999979,0.027069922571286983,0.027363696415309384,0.0262262930375387,0.02694162917220226,0.027520660665410143,0.02700942994788776,0.027651753558192625,0.027330214069709157,0.02862477437321293,0.032622235577668586,0.04117656037746125,35.97566501978486,39.00607743496344,22.820573226493373,34.255818064700954,39.81138024995553,35.18460380891843,40.159453418580604,38.75520666347517,41.22540099457581,39.716210264960154,17.812648874891103,-0.0005790314932078816,-0.00028824754733791663,-0.0002907839458699649,0.025248647212739603,0.027969249999999744,0.030689852787259886,-0.0025060000000000013,14.571575166752314,39.46927404216896,26.825207036985073,24.646711786028014,-60.946569429974794,0.0010839999999997102,35.74066011341695,0.026524,-4.177348816166482,-1
2019-11-19,0.02532,0.025806,0.023795,0.024332,0.024332,2259763.0,32,0.1595183944604401,0.027134214285714213,0.027796047619047387,0.025748399999999533,0.02672450000000011,0.027937615384615186,0.02693407692307716,0.027607799999999936,0.027764849999999747,0.027592440000000287,0.03122271999999985,0.04401120499999979,0.02670486622844872,0.02708808765028126,0.0255948620250258,0.026540147761094226,0.027284463579083464,0.02662693995533236,0.02743757590927697,0.027044669872594,0.028456430280145762,0.03245807249692268,0.04100895281151636,31.610338469580192,35.94753102954297,16.225242660900484,29.41374331235765,37.38500403183063,30.585922565576748,38.1119775081524,35.543537048359774,40.178473040032905,39.39278864716521,17.792603647180744,-0.0007443158179892412,-0.000362825497695421,-0.0003814903202938202,0.024607609281013274,0.027764849999999747,0.030922090718986217,-0.0036639999999999967,16.342057212416282,27.52425252256852,27.293618479468364,27.15377566442114,-68.53174088017661,0.0003389999999997076,32.079323271121176,0.025416,-4.265029902423678,-1
2019-11-20,0.024335,0.024531,0.023827,0.023993,0.023993,2643998.0,32,0.1594613272919681,0.026723999999999925,0.027585238095237868,0.025362199999999537,0.02639708333333344,0.027824269230769038,0.026514384615384856,0.0275324666666666,0.027516799999999748,0.027505380000000287,0.031035479999999845,0.04386381999999979,0.026343284064655557,0.02680671604571024,0.025060908016683862,0.026148278874772037,0.027040651462114318,0.02625066281885631,0.02721534520545265,0.026754034646632664,0.02828139379857142,0.03229044729896382,0.040839639848217694,30.375350181859318,35.04718442394446,14.63766993033908,28.06953999116449,36.65940425390351,29.296340125146994,37.49423657768033,34.6019486933928,39.85561470179951,39.29172519437709,17.786312861463944,-0.0008923725873422847,-0.0004087058136387717,-0.0004836667737035131,0.023994510039171413,0.027516799999999748,0.031039089960828083,-0.0043939999999999995,6.025562994522223,12.313065124563494,28.155088466688962,27.42463799438077,-72.54010357458641,0.0016429999999997141,31.12486713892486,0.024332,-1.3932270261384105,-1
2019-11-21,0.023971,0.024077,0.02216,0.02235,0.02235,1846812.0,30,0.15942112559180766,0.026216928571428492,0.027270761904761676,0.024522999999999538,0.02592658333333344,0.027615269230769037,0.026085769230769468,0.027384466666666604,0.027173799999999748,0.027382580000000288,0.03083402999999984,0.04370569499999979,0.025810846189368145,0.02640156004155476,0.024157272011122576,0.02556392827865326,0.026693195798254,0.02569342527330541,0.02690145196639119,0.026334602775524792,0.02804879012019607,0.03209360675839028,0.04065566333231503,25.252230258076054,31.09309998777281,9.328915001871831,22.637700307222413,33.397015927496035,24.012123199618806,34.679150678169115,30.49135690016871,38.332867114378665,38.80440138224363,17.75573493951148,-0.0011292675196007372,-0.0005164805967177793,-0.0006127869228829579,0.02305946262420816,0.027173799999999748,0.031288137375791336,-0.004795999999999997,3.8878657663187863,8.751828657752316,18.4972372657092,24.648648070622144,-76.5555915022108,0.0014599999999997115,27.064352327014927,0.023993,-6.847830617263373,-1
2019-11-22,0.022355,0.022688,0.019816,0.02089,0.02089,2424705.0,20,0.15936771154455062,0.025714642857142783,0.0268745714285712,0.023396199999999538,0.02530183333333344,0.027298115384615185,0.025539153846154086,0.02726953333333327,0.026756799999999747,0.027245360000000288,0.030653319999999838,0.04354961499999978,0.02515473336411906,0.025900509128686147,0.023068181340748384,0.02484486238962968,0.026263329442827776,0.025007221662833208,0.026513616355656272,0.025816069177855762,0.0277680532527374,0.031871753159214235,0.04045899006532682,21.75828285687218,28.137799692031265,6.727235060552159,19.082774335157,30.862542938583303,20.477492674657732,32.44250472183511,27.44884390475071,37.04982750811149,38.37720599529656,17.728515713527962,-0.0014184670531980947,-0.0006445441042521097,-0.0007739229489459853,0.021896925165165428,0.026756799999999747,0.03161667483483407,-0.006079000000000001,15.273037542662095,8.395488767834253,11.220019736534159,19.290781822977408,-76.38496632630903,-0.0007630000000002912,30.237660362984577,0.02235,-6.5324384787472045,-1
2019-11-23,0.020948,0.022241,0.020623,0.021653,0.021653,1558547.0,23,0.15933349286362672,0.025261571428571352,0.026513761904761683,0.02264359999999953,0.02484408333333344,0.026993269230769036,0.025021153846154085,0.027175466666666603,0.02639434999999975,0.027095660000000285,0.03047969999999984,0.04340026999999979,0.024687835582236518,0.025514371935169224,0.02259645422716559,0.02435380663737896,0.02592182355817387,0.024528047139571317,0.02620002820367845,0.02541958639901236,0.02752824724282613,0.031669401611507025,0.04027186578606984,27.38407162461426,31.692329316037387,20.611782033861203,25.689443467964946,33.59735496376207,26.561550399754,34.71627122640693,31.215099460979804,38.15328910007511,38.733217225252254,17.794703013460733,-0.0015680169207949073,-0.0006352751774791378,-0.0009327417433157697,0.02114264726762784,0.02639434999999975,0.031646052732371664,-0.005245000000000003,30.66777963272118,16.60956098056724,14.439260629727936,14.718839210657068,-64.10308236483066,0.00163899999999971,32.349041023468786,0.02089,3.652465294399243,1
2019-11-24,0.02152,0.021674,0.020014,0.020014,0.020014,1446047.0,21,0.15930154332295007,0.024663499999999918,0.02609052380952358,0.02177999999999954,0.024264500000000102,0.026639115384615185,0.024472538461538698,0.026944599999999937,0.025919499999999752,0.026917680000000287,0.030292819999999845,0.04324222499999979,0.024064657504604986,0.025014338122881112,0.021735636151443725,0.0236861440777822,0.02548420699830914,0.023883183262489702,0.025800929609892744,0.024904768646725462,0.027233570880362355,0.031438601579595986,0.04007029498222835,23.495828206312556,28.517957156929274,14.895937895970212,21.587731950357337,30.873149573628925,22.567404120765037,32.30297982324641,27.943298788434568,36.7421198835925,38.253735616976755,17.76385104120229,-0.001798062920526939,-0.0006922569417689353,-0.0011058059787580038,0.020161347500260416,0.025919499999999752,0.031677652499739084,-0.006620000000000001,4.199363732767694,16.71339363605021,12.010721933798216,12.556667433353406,-75.14134434173924,-0.00062300000000029,28.168673779884593,0.021653,-7.569389922874425,-1
2019-11-25,0.020015,0.021189,0.018794,0.020637,0.020637,1379138.0,17,0.15927100661997015,0.02419857142857135,0.02566795238095216,0.02110879999999954,0.023742750000000104,0.02633976923076903,0.02398546153846177,0.026706366666666603,0.02547079999999975,0.026770420000000284,0.03010542999999985,0.043093389999999794,0.023607636503990986,0.024616398293528283,0.021369424100962483,0.023217044988892627,0.025125154628064014,0.023419442796419745,0.025467772860867405,0.02449831448989447,0.026974881826230496,0.031224708479009933,0.0398769288630022,27.6779663082205,31.259705253381853,24.451984056893142,26.42512262061693,33.0170209607087,27.057396283451187,34.10225173490607,30.836620412343674,37.636428376926155,38.545794524886624,17.818281570933284,-0.0019081096391713875,-0.0006418429283307071,-0.0012662667108406804,0.01952820582611266,0.02547079999999975,0.03141339417388683,-0.0052870000000000035,34.88548173386333,23.25087503311729,17.782705681666442,14.744229415064169,-61.843230403800405,-0.00023300000000028853,36.66015057562827,0.020014,3.1128210252822974,1
2019-11-26,0.020628,0.021315,0.02035,0.02087,0.02087,1287127.0,21,0.15924265006921565,0.02376292857142849,0.025251714285714055,0.02081279999999954,0.023262416666666768,0.02602884615384595,0.023521769230769467,0.026430833333333268,0.025027499999999748,0.026611360000000285,0.02991129999999985,0.042943939999999785,0.02324261830345885,0.024275816630480257,0.021202949400641654,0.022855961144447608,0.02480995798894816,0.023055236682645492,0.02517114235371467,0.024152760728952137,0.026735474695790084,0.03101966474675231,0.039687805192723566,29.22822591804237,32.27744143182455,28.07648306285081,28.219297741973943,33.81423482488398,28.722071041064034,34.77224126669651,31.91026649691781,37.97095896550371,38.65539826347551,17.83872157231624,-0.0019539968445005523,-0.0005501841069278974,-0.0014038127375726546,0.01910184386491181,0.025027499999999748,0.030953156135087687,-0.005675999999999997,53.31278890600925,30.799211457546647,27.66769030960453,19.153705975023037,-57.641054720725755,-0.0005580000000002874,38.5467771678829,0.020637,1.1290400736541084,1
2019-11-27,0.020615,0.021932,0.0198,0.021428,0.021428,1666138.0,20,0.15920601604702578,0.023372214285714208,0.02485609523809501,0.02092039999999954,0.022887750000000102,0.025729538461538262,0.02312130769230793,0.02615913333333327,0.024626449999999748,0.026461860000000285,0.029703809999999838,0.0427669399999998,0.02300066919633101,0.0240169242095275,0.02127796626709444,0.022636274814532592,0.024559442582359408,0.022822774299410424,0.024929649298636305,0.023893259707147167,0.02652733843321008,0.030829730791371083,0.039506115588815865,32.91785126132035,34.70292972622003,36.791353527092646,32.49041140370497,35.71695753431718,32.68419567888326,36.37311407305626,34.468287083063395,38.773236456749366,38.918898054525215,17.887875398762574,-0.001923167767826816,-0.00041548402420332883,-0.0015076837436234873,0.01887770059002604,0.024626449999999748,0.030375199409973457,-0.005096000000000003,76.41427328111399,54.87084797366209,39.89593745729492,28.448777816188606,-49.421756414889686,9.599999999971436e-05,43.686132044581754,0.02087,2.673694298035456,1
2019-11-28,0.021454,0.021957,0.021242,0.021332,0.021332,1342940.0,32,0.15917660006780976,0.022993499999999924,0.0244695714285712,0.020856199999999537,0.0224532500000001,0.025425769230769037,0.022768076923077158,0.025896133333333272,0.024296949999999744,0.026309840000000282,0.029503889999999845,0.042602224999999785,0.02277817997015354,0.02377284019047955,0.02129597751139629,0.022435617150758348,0.024320372761443897,0.02260980654235179,0.024697542892272672,0.023649330211228392,0.02632359967112341,0.030641656914314225,0.03932527861778287,32.604522481316536,34.480353917177545,35.89346245084248,32.134044018372556,35.53444700734387,32.35101281268257,36.21510153401535,34.235943312696,38.685432476593775,38.88987127612235,17.886025248171425,-0.001884755610685549,-0.0003016574936496497,-0.0015830981170358994,0.018588232475137224,0.024296949999999744,0.03000566752486226,-0.004084000000000001,80.2402782168827,69.98911346800189,49.810437174127216,39.124688313675534,-48.64220183486229,-0.0006050000000002859,45.487676874653864,0.021428,-0.4480119469852495,0
2019-11-29,0.021309,0.022004,0.021161000000000003,0.021937,0.021937,2135177.0,31,0.15912992129280312,0.02270871428571421,0.0241845714285712,0.02124079999999954,0.022071000000000104,0.025157884615384412,0.0224135384615387,0.025680033333333272,0.023993999999999745,0.026184640000000283,0.029326029999999843,0.04243017999999979,0.02266602264079973,0.02360594562770868,0.021509651674264198,0.02235890681987245,0.024143826630966567,0.022513691322015826,0.024519443350835727,0.02348625114349236,0.02615157615460877,0.03046928747046642,0.03915226092009349,36.67452457954776,37.14205644014172,45.88167205520462,36.862064660605775,37.620521250476365,36.72847105720947,37.96994276410386,37.044099208411886,39.565171299985955,39.17860677494602,17.939781773415067,-0.0017849198110941218,-0.00016145735524657786,-0.001623462455847544,0.018471782024571254,0.023993999999999745,0.02951621797542824,-0.0023949999999999983,97.91277258566986,84.85577469455542,68.55311894470765,52.753164525376576,-36.93376563223701,0.0008679999999997162,50.54422288647165,0.021332,2.8361147571723366,1
2019-11-30,0.021946,0.022345,0.020825,0.021069,0.021069,1484849.0,38,0.15909741062044158,0.022317499999999924,0.023854714285714056,0.02132719999999954,0.021708750000000103,0.024833192307692112,0.021993923076923317,0.02541719999999993,0.023628099999999742,0.026048940000000284,0.029133559999999843,0.042229689999999785,0.0224530862886931,0.02337531420700789,0.021362767782842795,0.022160459616815148,0.023916061695339417,0.022307306847442133,0.024296834102394714,0.02325603674887404,0.025952259442663324,0.03028314316412055,0.038972327975614944,33.55920164120369,35.00467627110169,36.177306414658155,33.26056429787186,35.890177376127355,33.390149892859824,36.48194349768813,34.80522005473394,38.75151076929953,38.91219194070122,17.92286366018539,-0.0017556020785242687,-0.00010571169814137986,-0.001649890380382889,0.01836791681730417,0.023628099999999742,0.028888283182695318,-0.0029239999999999995,49.86247544204322,76.00517541486516,71.54851768634362,63.304024601726134,-49.60601394801178,0.0005259999999997142,45.56812200716185,0.021937,-3.9567853398368102,-1
2019-12-01,0.021061,0.021061,0.02027,0.020543,0.020543,1365453.0,25,0.15906735656106868,0.02189028571428564,0.023481190476190246,0.021261799999999536,0.021393000000000103,0.024484423076922883,0.02161907692307716,0.025128299999999937,0.02329794999999974,0.025909640000000282,0.028929229999999837,0.0419861399999998,0.022198408116867355,0.0231178310972799,0.02108951185522853,0.02191161967576666,0.023666205273462426,0.022055263012093256,0.024054651257078927,0.022997652296600318,0.02574013162138241,0.030090269042058755,0.03878895157784763,31.805062360256766,33.77092341514303,31.354738395998663,31.255803334841747,34.880581059564406,31.52046432883645,35.60813068613782,33.51630851649609,38.265104356511785,38.750912598812796,17.91257580378909,-0.001754585597695757,-8.375617385029434e-05,-0.0016708294238454624,0.01813956398255336,0.02329794999999974,0.028456336017446127,-0.0018069999999999961,29.19449901768177,58.98991568179819,66.72485970867812,68.94216544657644,-51.80597661325234,0.00029499999999971915,49.81846816673846,0.021069,-2.496558925435488,-1
2019-12-02,0.020541,0.020823,0.019938,0.020248,0.020248,1274764.0,28,0.15903925195671356,0.021521142857142773,0.023152714285714054,0.02102579999999953,0.02108091666666677,0.0241194999999998,0.021304923076923308,0.024828899999999942,0.02296189999999974,0.02576496000000028,0.02872353999999984,0.0417323949999998,0.02193835370128504,0.022856937361163548,0.020809007903485686,0.021655678187187177,0.023413004882835577,0.02179708258179422,0.023809060853396416,0.022735780649305048,0.025524753910739963,0.029895372625384324,0.038604464497471035,30.836522833922754,33.08577744535389,28.773367855858606,30.15161797675356,34.318336745530445,30.489321280924603,35.12062532902455,32.80100324501029,37.99230537510717,38.660148476926175,17.90678235221744,-0.0017573266956484,-6.919781744234993e-05,-0.00168812887820605,0.01793650156492004,0.02296189999999974,0.027987298435079445,-0.0006420000000000003,12.879102617365927,30.64535902569688,54.017825575928505,64.09706765698338,-48.15505031680939,0.00013699999999971374,45.24801728354245,0.020543,-1.4360122669522468,-1
2019-12-03,0.020192,0.020587,0.019778,0.020111,0.020111,1703647.0,28,0.1590016614931268,0.021219642857142774,0.022826142857142625,0.02078159999999953,0.02089433333333344,0.02376034615384596,0.021006307692307928,0.02453586666666661,0.02262254999999974,0.02561658000000028,0.028526999999999837,0.041510149999999794,0.021694706541113704,0.022607306691966863,0.02057633860232379,0.02141803538915838,0.023168411928551458,0.021556213641537904,0.02357047628220955,0.022485801539847423,0.025312449835808985,0.02970162267240642,0.038420449925356905,30.37624823795633,32.762394034012296,27.511146136908973,29.62507784713285,34.05361262154083,29.99851589963611,34.89138689130841,32.46316104027516,37.864434968633255,38.61772181627745,17.90407966396329,-0.0017503765393930802,-4.9798128949624185e-05,-0.001700578410443456,0.017803922351981243,0.02262254999999974,0.02744117764801824,-0.0015419999999999982,12.972341254382545,18.34864762980999,40.56423818342849,53.768974489345005,-43.13745528870701,0.00027599999999971403,44.775741442701474,0.020248,-0.6766100355590554,0
2019-12-04,0.020109,0.02095,0.019694,0.019835,0.019835,1322937.0,24,0.158972485525577,0.02092264285714277,0.02248980952380929,0.02036119999999953,0.020806416666666768,0.0234493076923075,0.02081284615384639,0.024213333333333274,0.022282599999999743,0.02548808000000028,0.02833337999999984,0.0412942049999998,0.02144674566896521,0.022355278810878967,0.02032922573488253,0.021174491483134016,0.022921492526436542,0.02131032597846106,0.02332947781238958,0.022233344250338145,0.02509764788146353,0.029506244005626087,0.03823552007535335,29.428122579842693,32.100213789594285,24.873307360108164,28.53743475275009,33.512787603285645,28.98617751344685,34.42363996225444,31.770955820218507,37.60435837523424,38.53168126575477,17.89861010531446,-0.0017470010433025226,-3.713810628725345e-05,-0.0017098629370152693,0.01770212765481694,0.022282599999999743,0.02686307234518255,-0.00017899999999999858,5.318747642399047,10.390063838049082,22.045433194774322,38.87583231804374,-42.76897757663014,-0.00016800000000029292,35.293902534449096,0.020111,-1.3723832728357754,-1
2019-12-05,0.019875,0.020374,0.019535,0.020003,0.020003,795288.0,21,0.1589549283232789,0.02075499999999992,0.022174047619047392,0.02014799999999953,0.02066891666666677,0.02314188461538442,0.020744615384615615,0.02389306666666661,0.02198654999999974,0.02536966000000028,0.02814852999999984,0.0410483099999998,0.021254246246436515,0.022141435282617243,0.020220483823255017,0.02099426202419032,0.022705307894848648,0.0211235651243952,0.02311486634062251,0.022020930512210702,0.024897857768464964,0.02931806095600973,0.038054101965150834,30.836033193997103,32.96420817426996,29.79049648041956,30.226626434958305,34.17360922089395,30.523097527505183,34.97195987276937,32.68828293716297,37.86931592215625,38.615761705677045,17.91395047757575,-0.001711045870658328,-9.463469144469721e-07,-0.001710099523743881,0.017637507202745113,0.02198654999999974,0.026335592797254368,-0.0006339999999999991,30.668414154652677,16.31983435047799,18.20662093729621,26.938764105166307,-28.45883351521737,-0.00011500000000029541,39.179568369289534,0.019835,0.8469876480968086,0
2019-12-06,0.019969,0.020376,0.019737,0.020118,0.020118,866472.0,29,0.1589358193038547,0.02069985714285706,0.0218975714285712,0.020062999999999533,0.02067758333333344,0.022823846153845955,0.0206265384615387,0.02357246666666661,0.02166514999999974,0.025248780000000283,0.027998349999999842,0.04081605499999981,0.021102746746911646,0.021957486620561132,0.02018632254883668,0.0208594524820072,0.022513655458193192,0.020979912963767312,0.02292152012509848,0.0218396990348573,0.024710412365780064,0.02913588153113825,0.03787563328888067,31.83342697281851,33.570380662478435,33.37265620378959,31.428597545053396,34.63542369697364,31.614155512892808,35.354304786961215,33.332521668184334,38.05298293735693,38.67375795736529,17.924500503920886,-0.001654202976185997,4.471723804630717e-05,-0.0016989202142323042,0.017813171463997045,0.02166514999999974,0.02551712853600244,-0.0007519999999999992,41.20141342756186,25.729525074871106,20.60800381927223,20.286685983780888,-11.185163720660283,-0.00013800000000029758,37.23435527380548,0.020003,0.5749137629355694,0
2019-12-07,0.020083,0.020579,0.019893,0.020256,0.020256,1182734.0,32,0.15890977509433335,0.02060007142857135,0.021598047619047392,0.02006459999999953,0.02064583333333344,0.02255884615384596,0.020645153846154084,0.02326603333333328,0.021351749999999742,0.025146080000000282,0.02787469999999984,0.0405850099999998,0.02098984718065676,0.02180280601869193,0.02020954836589112,0.020766613638621468,0.02234642172054925,0.02087649682608627,0.022749551084769545,0.021688870555347083,0.024535729527906336,0.02896004229289789,0.03770031355466295,33.074291047637274,34.31704735295648,37.932752587516106,32.93060486624633,35.201925455010795,32.97439094349914,35.822213435427564,34.12691340877406,38.2763186994435,38.74390267941885,17.937220228883344,-0.0015798080819277788,9.528970584362024e-05,-0.0016750977877713993,0.018209771148227697,0.021351749999999742,0.024493728851771788,-0.0011719999999999994,50.954063604240254,40.941297062151506,28.22299601664709,22.345873591071822,-22.255854707662508,-0.00024100000000030347,40.59882814929541,0.020118,0.6859528780196911,0
2019-12-08,0.020257,0.020606,0.020059,0.020497,0.020497,1065443.0,28,0.1588863465137314,0.020634571428571356,0.02131104761904739,0.02014179999999953,0.02061475000000011,0.02230992307692288,0.020634384615384853,0.023018533333333275,0.02110579999999974,0.025044880000000283,0.02774152999999984,0.0403711749999998,0.020924134223235857,0.02168409638062903,0.020305365577260745,0.02072513461729509,0.02220942751902709,0.02082228299378823,0.0226042252083328,0.021575359073885456,0.024377347977792358,0.02879245729699892,0.037529136305362816,35.27874415657901,35.64053168281711,45.71837856780238,35.599422165786436,36.20463763992709,35.39130644634627,36.64967664496051,35.53545243955575,38.670183946578845,38.86723644877699,17.959535199349453,-0.0014842929017319928,0.00015264390883152528,-0.001636936810563518,0.018597087216260216,0.02110579999999974,0.02361451278373926,-0.0008349999999999988,67.98586572438172,53.380447585394535,39.22570091064693,29.35223358218873,9.899569583931827,0.000495999999999705,45.03376469469053,0.020256,1.1897709320695116,1
2019-12-09,0.020455,0.020576,0.019811,0.020001,0.020001,1210884.0,32,0.15885967979188748,0.020589142857142775,0.021053190476190246,0.02017499999999953,0.020495833333333442,0.02204465384615365,0.020567538461538696,0.022752033333333282,0.02088924999999974,0.02492038000000028,0.027605409999999844,0.0401553849999998,0.02080104966013774,0.021531087618753664,0.02020391038484049,0.020613729291557387,0.022045840295395448,0.020704956851818484,0.022436275194891973,0.021425420114467797,0.02420572648846717,0.028618369033692005,0.037354726988891536,32.88984627228436,34.156616757220704,34.90493982102809,32.698420555407125,35.04558656331886,32.77207455600701,35.671558937332954,33.96596182675625,38.15902273415463,38.70524632990507,17.94943960987307,-0.0014321110038380616,0.00016386064538036508,-0.0015959716492184267,0.018849171170322386,0.02088924999999974,0.022929328829677097,-0.001936000000000004,43.510737628384504,54.15022231900207,46.86409890784402,38.10426527837932,-13.383838383837874,0.0007639999999996955,42.72278597390606,0.020497,-2.4198663219007654,-1
2019-12-10,0.019998,0.020036,0.01912,0.019237,0.019237,1144681.0,26,0.1588343596576586,0.020472499999999918,0.0208105714285712,0.02002179999999953,0.02032125000000011,0.021760153846153648,0.02039900000000024,0.022447033333333272,0.02065144999999974,0.02478006000000028,0.027466169999999842,0.039930314999999814,0.02059250970545271,0.02132253419886697,0.019881606923227,0.020401924785163943,0.02183777805129208,0.02049524873013013,0.02222987034360862,0.021216999151185148,0.024010874469311598,0.028432599349856525,0.03717445109845481,29.583769841367932,32.006240012374676,24.287007716060053,28.784297746674905,33.338384156010264,29.18872742618473,34.218015823234104,31.701438377758,37.382661703210566,38.4559011881658,17.933833758265127,-0.0014358532661281375,0.00012809470647223126,-0.001563947972600369,0.0190796714600439,0.02065144999999974,0.022223228539955574,-0.0018320000000000003,7.873485868102452,39.79002974028947,42.30511325053398,42.79830435634162,-30.910467537383642,-0.0001070000000003013,39.09306493960594,0.020001,-3.819809009549524,-1
2019-12-11,0.019235,0.019762,0.019111000000000003,0.019344,0.019344,933578.0,20,0.1588137072026047,0.020323642857142776,0.020589190476190247,0.01986699999999953,0.02010516666666677,0.021507076923076726,0.020246076923077158,0.02218696666666661,0.02050114999999974,0.02463114000000028,0.027326199999999842,0.039694319999999804,0.020426041744725683,0.021142667453515427,0.019702404615484663,0.020239167125907957,0.021653053751196367,0.020330784625825826,0.02204368516015,0.021038618279643703,0.02382785978424055,0.02825262708550293,0.036997033674589584,30.63011664660112,32.62855374323284,27.969494348917273,30.054635300490236,33.80735114916437,30.337565181169065,34.60366295904227,32.36455055525765,37.564126033593055,38.511932876555456,17.943875384718847,-0.0014138866252884179,0.00012004907784956089,-0.0015339357031379788,0.0190424289633118,0.02050114999999974,0.021959871036687683,-0.001199000000000002,15.585284280936301,22.323169259140997,37.181887421208856,42.1170331931956,-43.12913907284728,0.0004629999999996998,40.8326070643896,0.019237,0.5562197847897243,0
2019-12-12,0.019341,0.019469,0.018856,0.018881,0.018881,1807494.0,23,0.15877364289325274,0.020148571428571342,0.02042399999999977,0.019591999999999537,0.01992283333333344,0.021212269230769038,0.02001100000000024,0.021917366666666608,0.020400699999999737,0.02452200000000028,0.02718642999999984,0.039440094999999814,0.020220036178762252,0.02093706132137766,0.019428603076989782,0.02003021833730673,0.021447716436292938,0.020123672536422138,0.021839640956269352,0.020833130824439543,0.023633865282897785,0.02806705031153257,0.03681677463305138,28.655974159147238,31.328732157873784,22.330022960583342,27.735437866127555,32.77137736569843,28.20517353199991,33.71975864975109,30.997186272206946,37.08972280043779,38.35930403828032,17.93433230825223,-0.0014174980989862078,9.315008332141678e-05,-0.0015106481823076244,0.018786340345382863,0.020400699999999737,0.02201505965461661,-0.0013669999999999967,1.428571428571471,8.295780525869981,27.27678898607511,35.58792988593929,-47.14368147720678,-9.000000000300433e-06,36.5614446050289,0.019344,-2.393507030603814,-1
2019-12-13,0.018878,0.019055,0.018667,0.01889,0.01889,1321738.0,22,0.15874431872634734,0.01993092857142849,0.02032876190476168,0.019270599999999537,0.019785083333333443,0.02091865384615365,0.019843384615384853,0.021650433333333274,0.02026254999999974,0.02441030000000028,0.02705052999999984,0.039176369999999815,0.020042698021593957,0.020750964837616057,0.019249068717993187,0.01985480013156723,0.021258255959530497,0.019947433602647547,0.021649341539735845,0.02064807074592149,0.023447831350235128,0.027885326542987376,0.03663839876605585,28.751611970669703,31.38439606865507,22.69361295537365,27.852676327364033,32.812937334222745,28.31065764342659,33.753748280446786,31.056637103554497,37.10547165259276,38.36409980354832,17.93518493064509,-0.0014034558279632653,8.575388347548747e-05,-0.0014892097114387528,0.01862666961905184,0.02026254999999974,0.02189843038094764,-0.001221,11.681508643268774,9.56512145092542,16.015917569852522,26.824864659045467,-66.19595915707124,0.00039199999999969815,34.90749554396555,0.018881,0.047666966792014875,0
2019-12-14,0.018889,0.018982,0.018405,0.018498,0.018498,1466836.0,27,0.15871173343656408,0.019747285714285637,0.02017852380952358,0.018969999999999536,0.019639250000000108,0.020652576923076725,0.019686076923077164,0.021379233333333268,0.020186749999999743,0.024241460000000273,0.02690847999999984,0.0389226099999998,0.019836738285381426,0.020546149852378237,0.018998712478662125,0.019646061649787657,0.021053792555120833,0.019740371659412184,0.02144602918233353,0.020443302103452774,0.023253720316892573,0.027699438888670797,0.03645789728579658,27.058878466319875,30.264993800254782,18.23261097235527,25.872140263200997,31.92040619032329,26.485382305758012,32.992268219890505,29.879316753985012,36.697335032725675,38.233242956314,17.927032009524726,-0.0014077309053331724,6.518304488446433e-05,-0.0014729139502176367,0.018371699254085515,0.020186749999999743,0.022001800745913968,-0.0013369999999999981,5.702023298589778,6.270701123476581,8.454174703893576,17.24896041994037,-62.29706808819939,5.999999999969918e-05,32.21773031346178,0.01889,-2.0751720487030223,-1
2019-12-15,0.01847,0.018513,0.018222,0.018438,0.018438,1828397.0,21,0.15867106862054997,0.01959692857142849,0.020103476190475963,0.01881019999999953,0.019499833333333442,0.020425884615384412,0.019546846153846397,0.021129699999999942,0.020076799999999742,0.024054540000000273,0.02677882999999984,0.038671044999999814,0.01965023984733057,0.020354499865798396,0.018811808319108083,0.019460206011358783,0.0208600301436304,0.019554318565210442,0.021251962783473303,0.020252320950742992,0.02306486853975953,0.02751604405919216,0.036278594825241386,26.80012178882163,30.09288432049633,17.597250745896627,25.570642048317445,31.78299292463571,26.20687059632162,32.87496566834932,29.698379722188477,36.63442464853311,38.21309318178387,17.925778531706182,-0.0013998241322716112,5.847185435682036e-05,-0.0014582959866284314,0.01811602329038173,0.020076799999999742,0.022037576709617757,-0.0015650000000000006,14.025974025974055,10.469835322610775,9.6846723354679,11.384921536404637,-57.49795137940421,0.0010679999999997011,30.63800275261289,0.018498,-0.324359390204354,0
2019-12-16,0.018406,0.018466,0.017286000000000003,0.01737,0.01737,1520154.0,24,0.15863711259716964,0.01939135714285706,0.01994790476190453,0.01841539999999953,0.019294416666666776,0.020171153846153644,0.019336000000000242,0.020823833333333274,0.01990179999999974,0.023819220000000276,0.02662484999999984,0.0384255099999998,0.01934620786768649,0.02008318169618036,0.018331205546072052,0.019138635855765126,0.020601509392250368,0.01924227305589466,0.021001513571636314,0.01997781419352937,0.022841540361729744,0.02731513229564381,0.036090449603099685,22.666349249484643,27.207664814685025,10.088189576144515,20.87882957100248,29.440312313807034,21.81038857564497,30.857018957749844,26.678888117632564,35.52860046145405,37.854429718083,17.903384645572512,-0.0014628735364852414,-3.662039885448006e-06,-0.0014592114965997936,0.01763779492288736,0.01990179999999974,0.02216580507711212,-0.0027480000000000004,3.8479157123223713,7.858637678961977,7.33719862174511,8.492015220368831,-64.90753270184908,0.001721999999999703,27.054110786521047,0.018438,-5.7923852912463385,-1
2019-12-17,0.01737,0.017445,0.015445,0.015648,0.015648,2039545.0,23,0.15859108683765766,0.019072571428571352,0.019699238095237867,0.017768799999999536,0.018931500000000108,0.019913384615384413,0.01901392307692332,0.020461299999999943,0.019612799999999743,0.023540600000000283,0.02645230999999984,0.038156979999999806,0.01885311348532829,0.019679983360163963,0.01743680369738137,0.018601614954878186,0.020234582770602198,0.01872880547648114,0.02065612559927268,0.019565450937002758,0.022559440739701127,0.02708409997295779,0.035887042144362384,17.897381186054254,23.415525880810808,5.525876209579566,15.811350357480409,26.2060703675614,16.890289848778114,27.99407503630209,22.761064856795784,33.848267965701105,37.28454493599847,17.867215664455816,-0.0016329678157240115,-0.00013900505529937444,-0.0014939627604246373,0.016767960787129384,0.019612799999999743,0.0224576392128701,-0.004608000000000001,5.6232686980609365,7.832386145452363,8.176138075643005,8.399336344285308,-74.14852965608891,-0.0005310000000003022,24.129093762525297,0.01737,-9.913644214162353,-1
2019-12-18,0.015648,0.016516,0.015114,0.016179,0.016179,2076666.0,15,0.1585441740156351,0.018811428571428496,0.019449285714285485,0.01722659999999953,0.01860325000000011,0.01973219230769211,0.018719769230769474,0.02015339999999994,0.01935514999999974,0.023279740000000274,0.026273479999999842,0.037895909999999804,0.018496565020617854,0.0193617121456036,0.017017535798254244,0.01822890496182,0.01993416923203907,0.01836454755126955,0.020367278786416382,0.019242931800145358,0.022309227377359905,0.026868157399235856,0.035690942222527916,23.233657214470693,26.71520427715,19.069281981783934,22.125361588219167,28.713837013821692,22.68237548259389,30.06171845807744,26.26689068385993,34.817900142834,37.57722703231407,17.918605034838983,-0.0017052642702190706,-0.00016904120783554693,-0.001536223062383524,0.01624489746164413,0.01935514999999974,0.022465402538355352,-0.004318000000000002,27.53360910031024,12.334931170231087,11.3465581670513,8.95329828814644,-58.272234619062594,0.0002569999999997019,32.723274982142634,0.015648,3.3934049079754613,1
2019-12-19,0.016172,0.016391,0.015585,0.015922,0.015922,1751903.0,21,0.15850462995213768,0.018519928571428496,0.01919166666666644,0.016711399999999536,0.018242083333333443,0.019511769230769027,0.018397000000000243,0.01987306666666661,0.019054399999999742,0.023029780000000274,0.026093559999999842,0.0376303699999998,0.018153289684535476,0.019049011041457817,0.016652357198836162,0.017873996506155385,0.019636971511147287,0.01801561218680247,0.02008048660664758,0.01892665258108389,0.0220587478723654,0.026651401807171782,0.03549423632976645,22.47611920477631,26.144059910976203,17.60361056493218,21.28823308094905,28.23163225634037,21.887317098000317,29.636112512053927,25.67466565675737,34.56776433561612,37.49169738953868,17.913153315899287,-0.0017629750049919027,-0.00018140155408670304,-0.0015815734509051994,0.015834020983448792,0.019054399999999742,0.022274779016550696,-0.004078999999999999,23.77169755810532,18.976191785492073,14.960493018954404,11.494396420549538,-64.136413641364,-0.0001610000000002998,34.889565823559195,0.016179,-1.5884788923913762,-1
2019-12-20,0.015922,0.01619,0.015782,0.016083,0.016083,1327656.0,23,0.1584746876231146,0.01823171428571421,0.01891290476190453,0.016240399999999537,0.01787425000000011,0.01936057692307672,0.01807600000000024,0.019609399999999937,0.01880509999999974,0.022772360000000283,0.02591617999999984,0.0373930899999998,0.017877251059930745,0.01877937367405257,0.016462571465890776,0.017598458582131483,0.019373714362173413,0.017739524731544973,0.019822584244928384,0.01865582852574257,0.02182440481854715,0.026442126523861447,0.035301089699619516,24.136380286252898,27.16598204453573,22.104404975725327,23.258773508915933,29.0072317907861,23.691825817521924,30.275132981707305,26.760849749916936,34.86676274571839,37.58158891801567,17.928874254305832,-0.0017752557800419335,-0.00015494586330938717,-0.0016203099167325465,0.015471409464093838,0.01880509999999974,0.022138790535905645,-0.003154000000000001,28.908114558472576,26.73780707229595,17.936921125454113,14.747990770486574,-62.95833983460742,0.00017799999999969923,35.62409465448525,0.015922,1.0111795000628199,1
2019-12-21,0.016059,0.016109000000000002,0.01585,0.015905000000000002,0.015905000000000002,1172549.0,23,0.1584482420367206,0.017920928571428494,0.01866699999999977,0.01594739999999954,0.017532916666666776,0.019178576923076715,0.017722769230769472,0.0193945666666666,0.01857319999999974,0.02250626000000028,0.02573913999999984,0.0371806749999998,0.01761428425193998,0.018518066976411424,0.01627671431059385,0.01733792649257279,0.01911677255756797,0.01747744976989569,0.019569836874287844,0.018393844856624226,0.021592271296251183,0.026233470553091914,0.035108093782210366,23.53922082801217,26.737482464963303,20.610750411056536,22.581665591430863,28.65173156021028,23.05761929495017,29.96424576806343,26.314429434426085,34.68801078541517,37.52133644762383,17.925059859028643,-0.0017788460649951837,-0.00012682891861010947,-0.001652017146385074,0.015105945020271357,0.01857319999999974,0.022040454979728133,-0.0034389999999999976,33.933933933934085,28.871248683503904,23.95412476977645,18.95051297139496,-67.46782446890973,-0.000293000000000293,35.632812149476564,0.016083,-1.1067586892992476,-1
2019-12-22,0.015902,0.016308,0.015762,0.016198,0.016198,831698.0,20,0.1584295076503093,0.01761385714285707,0.01846009523809501,0.016057399999999538,0.017279666666666776,0.01899888461538441,0.01743023076923101,0.019238166666666605,0.018370699999999743,0.02224562000000028,0.025564879999999842,0.0369613249999998,0.017425446351681317,0.01830715179673766,0.01625047620706257,0.01716255318602313,0.01890056718293331,0.017294671231339164,0.01935229901143056,0.01818471677504097,0.021380731245417804,0.026034748363921775,0.034919933645073946,26.736049415327358,28.677486507103406,29.959422447329413,26.402380007866693,30.11576451993871,26.54336349379295,31.1665228453887,28.379423370920964,35.2453987791635,37.68742679671393,17.953936329186487,-0.0017380139969101795,-6.879748042008437e-05,-0.0016692165164900953,0.014842756922566546,0.018370699999999743,0.021898643077432937,-0.0026830000000000014,77.31811697574902,46.720055156051785,38.29309442531407,26.72804677351485,-66.12828795569902,0.00029099999999970117,37.237851771604255,0.015905000000000002,1.8421879911977301,1
2019-12-23,0.016242,0.016538999999999998,0.015847,0.015907,0.015907,1583318.0,33,0.15839385838428566,0.017321428571428498,0.01825338095238073,0.016002999999999542,0.01699325000000011,0.018786538461538254,0.01717407692307717,0.019046633333333268,0.018160499999999743,0.021985720000000274,0.025383309999999843,0.036736944999999806,0.01722298683812381,0.01808895617885242,0.016135984138041713,0.016969391157404187,0.01867882146567899,0.017096432484004997,0.0191300216558544,0.01796779136789421,0.02116607511814652,0.02583419889136887,0.034730750225719975,25.597211595348266,27.908556299917002,26.272259972855803,25.071122682807733,29.49162468797861,25.316641808754465,30.62694483682913,27.57359168905543,34.943296423930306,37.58719642462136,17.947633549108755,-0.0017094303082748027,-3.217103342776631e-05,-0.0016772592748470366,0.014568760676477681,0.018160499999999743,0.02175223932352181,-0.0029829999999999995,33.752620545073555,48.33489048491879,39.536896714266724,33.92803863645239,-65.02541296060978,0.0004189999999997043,37.83501487049417,0.016198,-1.7965180886529208,-1
2019-12-24,0.015911,0.016069,0.015404,0.015488,0.015488,1667611.0,25,0.1583562134232567,0.01705364285714278,0.01803323809523787,0.01591619999999954,0.01671050000000011,0.018561769230769017,0.016877461538461782,0.0188957666666666,0.017943149999999745,0.021705260000000268,0.025201919999999843,0.036498004999999806,0.016991655259707302,0.017852505617138564,0.01591998942536114,0.01674148482549585,0.01844246432007314,0.016866656414861427,0.018895052516767017,0.017731620761428094,0.02094340550567018,0.025629323665797208,0.034539280074220274,24.0188683869022,26.823659841722254,21.665200392596407,23.243043246447005,28.60519484754105,23.623693839033198,29.8578396446757,26.438607825912598,34.508882453547784,37.442383025984505,17.938520867453423,-0.0017009794945772904,-1.897617578420314e-05,-0.0016820033187930875,0.014253297783628388,0.017943149999999745,0.021633002216371103,-0.0030100000000000005,7.400881057268795,39.49053952603035,36.26273341409943,38.03090818456004,-62.997815493194295,0.0002449999999997003,42.76922259940624,0.015907,-2.634060476519773,-1
2019-12-25,0.015498,0.015628,0.015115,0.015243,0.015243,1124894.0,22,0.1583307732619612,0.01676071428571421,0.017814571428571204,0.01574819999999954,0.016406583333333443,0.018304307692307484,0.016597615384615627,0.0187159666666666,0.017705149999999746,0.021417900000000267,0.025018829999999843,0.036263584999999814,0.016758501225079662,0.017615277833762332,0.015694326283574096,0.016510948698496487,0.018205466963030686,0.016634705498452654,0.01865943622536269,0.017494609260339706,0.02071986019172233,0.025423653890236868,0.03434727728741211,23.125530453734253,26.1997757078833,19.291500978664864,22.21687534164122,28.092477295249648,22.66912128216278,29.411574627532342,25.786923553596075,34.254893536561816,37.357383071414105,17.93317012316271,-0.0016945182645341991,-1.001195659288941e-05,-0.0016845063079413095,0.013961067158230806,0.017705149999999746,0.021449232841768688,-0.003194999999999998,8.98876404494393,16.714088549095322,32.27886331139369,36.02616447991992,-67.35096074889132,0.0003759999999997064,34.663205305024405,0.015488,-1.5818698347107474,-1
2019-12-26,0.015247,0.015392,0.014826,0.014866999999999997,0.014866999999999997,1985184.0,39,0.15828580494651995,0.016473999999999926,0.017569999999999773,0.01554059999999954,0.016104000000000108,0.018065769230769017,0.016288153846154087,0.018515866666666603,0.017442599999999746,0.021120520000000267,0.024820729999999847,0.036037684999999806,0.016506301061735708,0.01736543439432939,0.015418550855716062,0.01625803351411241,0.017958173113917304,0.016382176141530844,0.018414762920500583,0.017244360759354968,0.020490336262635186,0.02521461123894505,0.034153443682562235,21.79274526008601,25.255357030923985,16.05251478157872,20.697623451292102,27.312281803580184,21.24997854513948,28.730584028768106,24.801795167804013,33.86472401241977,37.22638971628765,17.92492356547481,-0.001700139599804893,-1.2506633490866769e-05,-0.0016876329663140265,0.013674567069128072,0.017442599999999746,0.021210632930871415,-0.0025030000000000035,2.393461762988772,6.261035621733727,25.97076887720464,31.504121867565885,-66.87770743085629,0.00046099999999969776,31.469578262707923,0.015243,-2.4667060289969345,-1
2019-12-27,0.014866999999999997,0.014918,0.01433,0.014406,0.014406,3141306.0,38,0.15821446909445272,0.01615371428571421,0.017297999999999775,0.01518219999999954,0.01576800000000011,0.01782973076923056,0.015973384615384858,0.018281799999999942,0.017150099999999745,0.020819660000000267,0.02461000999999985,0.035797439999999806,0.016226260920170946,0.01709639490393581,0.01508103390381071,0.015973105281172042,0.017695049179553057,0.016099865264169295,0.01815613305466184,0.016974040687035452,0.020251734840571058,0.025000579333223364,0.033956951705621324,20.258968710174166,24.13777184043414,12.872669300021714,18.97422375663841,26.379492970153624,19.627585642623448,27.91180944806104,23.639200149530925,33.38911628869429,37.065445085162565,17.914772629799618,-0.001721943898381019,-2.744874565359422e-05,-0.0016944951527274247,0.013393409468816724,0.017150099999999745,0.02090679053118277,-0.0012419999999999985,3.440470801267532,4.9408988697333065,11.19523964230834,23.14829061030219,-69.4762937713045,-0.00033900000000029734,26.32114245935417,0.014866999999999997,-3.1008273357099325,-1
2019-12-28,0.014417,0.015069999999999997,0.014386,0.014745,0.014745,1361438.0,37,0.1581836134279344,0.015885642857142782,0.017035571428571202,0.014949799999999538,0.01554925000000011,0.017618076923076716,0.015689307692307936,0.018062233333333268,0.016862499999999746,0.020556120000000268,0.02441231999999985,0.035568134999999806,0.016028759464148154,0.016882631730850736,0.014969022602540473,0.015784166007145568,0.017476527018104683,0.01590631308357368,0.017936059954361074,0.01676175109779398,0.02003578445466631,0.024797498554347645,0.03376578800705793,24.448406776429838,26.63867263909952,25.836495520012733,24.014530421291923,28.250743547885904,24.209985553812913,29.43979394986884,26.306445209296022,34.083491958396515,37.26688363356917,17.94911236022556,-0.001692361010959112,1.7073134146502328e-06,-0.0016940683243737624,0.013309475224918271,0.016862499999999746,0.020415524775081226,-0.0014339999999999995,23.86428982173657,9.89940746199752,9.217573497640943,15.461194005717935,-58.631463833775825,-0.0002620000000003002,29.98127151892077,0.014406,2.3531861724281455,1
2019-12-29,0.014737,0.015589,0.014726,0.015007,0.015007,1466584.0,37,0.15815047611775238,0.015640571428571354,0.01677414285714263,0.01485359999999954,0.015495833333333443,0.017421769230769022,0.015507538461538703,0.01783123333333327,0.016612799999999744,0.02029634000000027,0.02422323999999985,0.035334059999999806,0.0158925248689284,0.01671211975531885,0.01498168173502698,0.015664602006046253,0.017293599090837667,0.0157778397859203,0.017747088344402296,0.016594631945623124,0.019838577221149983,0.02460362729584572,0.033579133400022526,27.59824213308719,28.54590228908409,34.829643282120514,27.776176534060287,29.685149926121394,27.643582437834226,30.61433077640387,28.337744040403585,34.62075990716059,37.423230623072094,17.97576509140838,-0.001628997084791417,5.205699166587613e-05,-0.0016810540764572932,0.013294283362495128,0.016612799999999744,0.01993131663750436,-0.0009149999999999993,52.15716486902922,26.487308497344326,18.168830259993022,12.860547799980733,-51.96122974405555,0.00012399999999970074,26.62228245839777,0.014745,1.7768735164462646,1
2019-12-30,0.015013999999999996,0.015202,0.014824,0.014883,0.014883,1495899.0,40,0.15811665973334366,0.015462928571428497,0.016530428571428345,0.014781599999999541,0.015387833333333444,0.017231307692307483,0.015448692307692554,0.01762503333333327,0.016395099999999743,0.020026260000000268,0.024035419999999853,0.0350929149999998,0.01575792155307128,0.016545836141198953,0.01494878782335132,0.0155443555435776,0.017115036195220066,0.015650005530788828,0.01756230845121505,0.0164316193793733,0.01964424085953626,0.02441113962662105,0.03339310222191285,27.026864149123405,28.18262270178553,32.58551482751649,27.088607105610922,29.39630920551239,27.01967169822527,30.36711783301023,27.954821676345716,34.48506972833755,37.378700015403375,17.972988159829935,-0.001570680651642467,8.829873985186086e-05,-0.001658979391494328,0.013233902964943691,0.016395099999999743,0.019556297035055792,-0.0011999999999999995,43.92374900714857,39.981734565971344,25.155827252433955,17.51407700335594,-43.94769393885819,0.00016399999999970258,28.12647782168898,0.015007,-0.8262810688345334,0
2019-12-31,0.014885,0.015355,0.014667,0.014719,0.014719,1909322.0,38,0.15807350380543864,0.015396571428571357,0.016315285714285487,0.01475199999999954,0.015287583333333445,0.017028076923076715,0.01533638461538486,0.017430899999999937,0.01616384999999974,0.019777720000000262,0.02384655999999985,0.034855839999999805,0.015619398679328444,0.016379760128362685,0.014872191882234213,0.015417377767642584,0.016937552032611172,0.015517004740676138,0.017378869196297952,0.016268512771813938,0.019451094159162286,0.02421921606965826,0.033207290259505765,26.256554731777364,27.694293097281562,29.562481209144146,26.160755248232828,29.00864192344559,26.178133823424663,30.03564646473301,27.439902013305396,34.30369571428337,37.319380811793344,17.969298408137256,-0.001520174264968588,0.00011104410122059204,-0.0016312183661891801,0.013243456711826964,0.01616384999999974,0.019084243288172518,-0.001186000000000003,30.897537728355786,42.326150534844416,30.856642445507354,24.727099985978075,-22.653011460618835,-0.00022200000000029835,28.37086824516916,0.014883,-1.1019283746556585,-1
2020-01-01,0.01476,0.015298,0.014595,0.014941,0.014941,2806015.0,37,0.1580101410559052,0.015308142857142784,0.01610561904761882,0.014858999999999541,0.015192416666666778,0.016828961538461328,0.015260923076923325,0.017253999999999936,0.01596684999999974,0.01953716000000026,0.02366925999999985,0.034610319999999806,0.01552894552208465,0.016248963753056987,0.014895127921489474,0.015344088880312957,0.016789659289454792,0.015434718349150976,0.017221587312665827,0.01614208298402213,0.01927422772154808,0.024035489018773937,0.03302553612757038,29.183899710506505,29.42839320583799,38.787160719813244,29.692310660582407,30.300735829880878,29.38431870801993,31.08782149540196,29.29110991687268,34.77733941427519,37.45508511664842,17.992202189556114,-0.0014455704091418315,0.00014851836563787853,-0.0015940887747797102,0.013297429067381777,0.01596684999999974,0.01863627093261771,-0.0012570000000000012,46.13466334164583,40.31865002571661,39.39548095358302,31.80265021717474,-32.647679324894035,0.00034999999999970124,29.288743708289513,0.014719,1.508254636863926,1
2020-01-02,0.014934,0.015177,0.014408,0.014591,0.014591,3114190.0,39,0.15793977733286324,0.015213071428571357,0.015901333333333108,0.014828199999999538,0.015082916666666776,0.016611076923076715,0.01514615384615409,0.017069999999999936,0.01575189999999974,0.019291020000000263,0.023564999999999846,0.034368974999999816,0.015403886119140031,0.01609823977550635,0.014793751947659653,0.0152282290525725,0.016626795638384064,0.015314187156415122,0.01705187200217126,0.015994360795067643,0.019090571732467764,0.02384846943424376,0.03284210790739555,27.34995835272869,28.307109354108057,31.08525799092185,27.449987960538273,29.42394699741729,27.366325136895128,30.34438309901756,28.104160212043627,34.3787587198311,37.32640455458968,17.98424601814921,-0.0013985665858115626,0.00015641775117451786,-0.0015549843369860807,0.013400117885198593,0.01575189999999974,0.01810368211480089,-0.0013160000000000012,15.495342929720529,30.84251466657393,37.72169157517981,35.99127165809002,-34.259974259973795,-0.0004140000000002996,29.673297402731773,0.014941,-2.342547352921487,-1
2020-01-03,0.0146,0.015263999999999996,0.014586000000000003,0.015005,0.015005,3162699.0,38,0.15786850108837738,0.015136071428571356,0.01571633333333311,0.01482779999999954,0.01498350000000011,0.016399846153845946,0.01507692307692332,0.016908999999999938,0.01557724999999974,0.01905844000000027,0.023453169999999846,0.03412148999999981,0.01535070130325469,0.01599885434136941,0.014864167965106437,0.0151938861214075,0.016506662628133394,0.015270017562641531,0.01691981574396666,0.015900135957442153,0.018930353233155305,0.02367335122762507,0.03266462424662545,32.709085614440305,31.53950657910705,46.238211492619435,33.85131124045017,31.84638916414311,33.209338473963214,32.32258757077918,31.549217900597206,35.27377849138983,37.582594184311546,18.027337081392567,-0.0013127765067258938,0.00019376626420814945,-0.0015065427709340432,0.013594247611349395,0.01557724999999974,0.017560252388650086,-0.0004829999999999991,63.04118268215421,41.557062984506736,39.8984951378048,39.0052225555225,-26.051232479458186,-0.0004800000000002962,33.620162439648645,0.014591,2.8373654992803754,1
2020-01-04,0.014985,0.015501,0.014968,0.015485,0.015485,1729371.0,38,0.15782965694206266,0.015106071428571352,0.015572857142856918,0.01494819999999954,0.014948333333333444,0.016226153846153637,0.015022076923077169,0.016758399999999937,0.015429599999999741,0.01884966000000026,0.023349669999999847,0.033887444999999815,0.015368607796154066,0.015952140310335827,0.015071111976737625,0.01523867287196019,0.01643098391493833,0.015300729339407028,0.01682724698629139,0.015860599199590517,0.018795241341659014,0.02351120565876121,0.03249368271183315,38.35769081746098,35.094000363860715,58.83223696242614,40.45081247755285,34.55115307414411,39.305720830781134,34.54953075122984,35.322146047901256,36.301227597963816,37.879946297067974,18.07749045298243,-0.0011923110429781366,0.0002513853823647254,-0.0014436964253428618,0.013973792985706165,0.015429599999999741,0.016885407014293318,0.00024199999999999745,98.53613906678862,59.02422155955433,50.82097314973282,42.813719954239104,-9.459459459458984,6.199999999970118e-05,37.61705142261966,0.015005,3.1989336887704223,1
2020-01-05,0.015457,0.015738,0.015323,0.015423,0.015423,2076332.0,39,0.15778310529279582,0.015050714285714209,0.015429285714285491,0.01508899999999954,0.014942916666666774,0.016079461538461327,0.014984846153846397,0.01660189999999993,0.01533224999999974,0.018627200000000267,0.02320871999999985,0.033654344999999815,0.015375860090000191,0.01590403664575984,0.015188407984491746,0.015267030891658625,0.01635631843975771,0.015318196576634597,0.01673665040653066,0.0158189230853438,0.018662996583162585,0.023351043170468908,0.032323825172411925,37.917202138275435,34.84915951261733,56.770902996240025,39.89387220202779,34.3682006549942,38.81292395094318,34.398454841973766,35.06005483417615,36.22546677602121,37.85641874913791,18.076054794129035,-0.0010892875480990863,0.0002835271017950204,-0.0013728146498941068,0.014197870712402619,0.01533224999999974,0.016466629287596866,0.0005560000000000028,76.31578947368422,79.29770374087556,59.90462349879851,50.208030595445344,-18.41292468519789,-0.0014580000000002991,36.4418967011873,0.015485,-0.40038747174685474,0
2020-01-06,0.015457,0.017162,0.01545,0.016881,0.016881,3640645.0,41,0.15770212984548418,0.01512028571428564,0.015405999999999776,0.015476999999999538,0.015079416666666776,0.015984730769230557,0.015092000000000244,0.01648939999999994,0.01539389999999974,0.018434340000000268,0.02309268999999985,0.03342862499999981,0.015576545411333497,0.015992851496145308,0.0157526053229945,0.015515333831403454,0.0163951837405164,0.01554145420854394,0.016745963283528682,0.01592007326769201,0.018593114364215037,0.02322292350372695,0.032170165220447626,51.84923639785099,44.4047571936553,78.26302218625338,55.50197329538849,41.883270603520415,53.55868547521791,40.69956689047394,45.1156746242931,39.265810014171436,38.75984109685653,18.229531156340656,-0.0008798499091129466,0.00039437179262492806,-0.0012742217017378747,0.014069212009040124,0.01539389999999974,0.01671858799095936,0.002475,89.79665940450255,88.21619598165834,68.63702271136985,59.7875397866337,18.117559523810122,-0.0003550000000002995,49.04680028114739,0.015423,9.453413732736827,1
2020-01-07,0.016913,0.017482,0.016861,0.017236,0.017236,3732365.0,40,0.15761961897547686,0.015245142857142782,0.015481619047618819,0.016005999999999538,0.015276833333333444,0.015921461538461332,0.015245307692307938,0.016380699999999932,0.01544674999999974,0.018270740000000268,0.02298085999999985,0.033190624999999814,0.015797806023155697,0.016105864996495738,0.016247070215329666,0.01578005170349523,0.016457466426404072,0.015783532178751947,0.01677757855555909,0.016045399623149915,0.018539894193069343,0.023104370563059088,0.0320215665615377,54.51224059301671,46.40968330661693,81.02010026677712,58.35451608090534,43.518527436556155,56.31898218503278,42.0988374148968,47.20566542690711,39.97647970004878,38.978000125618436,18.266999541118285,-0.0006774147229088416,0.00047744558306322656,-0.0011548603059720682,0.013921083295098122,0.01544674999999974,0.01697241670490136,0.002491000000000002,91.50552486187846,85.87265791335496,83.83905909780144,70.79356843598991,32.90662650602482,0.0009719999999997092,53.98588160712082,0.016881,2.1029559860197944,1
2020-01-08,0.017224,0.017616999999999997,0.01605,0.016263999999999997,0.016263999999999997,2515991.0,51,0.15756383560484674,0.015318071428571353,0.015485666666666441,0.016257799999999538,0.015431666666666776,0.015820461538461332,0.015352769230769475,0.016256133333333266,0.015463849999999741,0.01810938000000026,0.02285090999999985,0.032951079999999806,0.01585996522006827,0.016120240905905216,0.016252713476886442,0.015854505287572887,0.016443135580003772,0.015852170438930238,0.016744444455200437,0.016066218706659446,0.01845064344039996,0.022968917680622283,0.031864774854457725,46.9025611070476,42.05896813223629,57.18754865381337,49.03131639120666,40.294773717995966,47.920592234726065,39.46417372728232,42.547670194322926,38.71141799182638,38.597759718395274,18.24399612008086,-0.0005886302924308848,0.00045298401083294676,-0.0010416143032638315,0.013908379751346494,0.015463849999999741,0.017019320248652988,0.0012569999999999975,48.92412231030572,76.7421021922288,81.01564702343173,77.83057627753429,16.906772644478018,0.0005809999999996997,46.647350619235624,0.017236,-5.639359480157835,-1
2020-01-09,0.016252000000000003,0.016252000000000003,0.015302,0.015683000000000002,0.015683000000000002,3128488.0,44,0.15749409216410598,0.015376357142857068,0.015474285714285487,0.016297399999999542,0.015509833333333443,0.015712192307692097,0.015451000000000244,0.016137666666666595,0.01544384999999974,0.01794318000000027,0.02272427999999985,0.0327048749999998,0.0158363698573925,0.016080491732641106,0.016062808984590962,0.01582811985871552,0.016386829240744232,0.015828003233368776,0.01667596416776815,0.01602972168697759,0.018342108403521528,0.02282464208298619,0.03170376216933874,43.05350748675278,39.726855649395524,47.22366649517365,44.43425415986165,38.52339079067338,43.723480644573144,37.99546018745141,40.066344336361496,37.9786661651031,38.37177356600006,18.230205217284876,-0.0005587093820287117,0.0003863239369880959,-0.0009450333190168076,0.013911789361608258,0.01544384999999974,0.016975910638391222,0.0008000000000000021,16.45788336933053,52.29584351383813,64.59999588394011,76.48490066839105,13.068545803972421,6.999999999970918e-05,48.10915224426804,0.016263999999999997,-3.5723069355631742,-1
2020-01-10,0.01573,0.016198,0.015411,0.015613,0.015613,2583026.0,41,0.15743655836690348,0.015462571428571353,0.015451904761904537,0.016335399999999542,0.01556033333333344,0.01560353846153825,0.015517769230769475,0.016013299999999932,0.015429249999999738,0.017808440000000262,0.02259550999999985,0.0324228749999998,0.01580658720974017,0.016037992484219186,0.015912872656393975,0.01579502449583621,0.01632950855624466,0.015797288485744666,0.016607385834363754,0.01599003390726544,0.0182350845445599,0.02268183728926369,0.03154365508307666,42.60219791975778,39.450752433869646,46.063325741519314,43.89706611560065,38.312664649013406,43.232185892449905,37.82022531256264,39.77291291107192,37.890526671420716,38.34445451712357,18.22853676994368,-0.0005344840604084508,0.00032843940688668535,-0.0008629234672951362,0.013910182713550216,0.015429249999999738,0.01694831728644926,0.0008940000000000008,13.434125269978374,26.27204364987144,52.023663043198965,65.87976865019021,20.621903297454864,-0.0003840000000002886,45.72574882171113,0.015683000000000002,-0.44634317413762004,0
2020-01-11,0.015581,0.016303,0.015518,0.015997,0.015997,2624250.0,50,0.1573782360481276,0.015551999999999925,0.015456285714285487,0.01615859999999954,0.015653166666666773,0.015550730769230556,0.01559392307692332,0.015917166666666597,0.01541919999999974,0.017710580000000267,0.02247796999999985,0.0321523099999998,0.01583197558177481,0.016034265894744715,0.01594091510426265,0.015826097650322946,0.016304878292819132,0.015825818702066858,0.016568006103114482,0.015990697344668733,0.018147316523204608,0.02254946427363471,0.03138896199767291,45.93333128817794,41.776291845154816,53.572848113358795,47.65766349718828,40.17684040867909,46.76592877804936,39.40440169852402,42.21070564868752,38.68672038898409,38.58670833814335,18.269775272400445,-0.00047878064249618635,0.00030731425983915984,-0.0007860949023353463,0.013919004981195414,0.01541919999999974,0.016919395018804066,0.0010560000000000014,30.021598272138263,19.97120230381562,40.068650816726105,52.230769914621675,21.22753475754552,-0.00014100000000028673,44.77241640937795,0.015613,2.4594888874655885,1
2020-01-12,0.015986,0.016350999999999997,0.01591,0.016138,0.016138,1832069.0,45,0.15733760366115282,0.01563278571428564,0.015453428571428344,0.01593899999999954,0.015771416666666774,0.015569576923076709,0.015690461538461785,0.015825433333333264,0.015430749999999738,0.01760028000000027,0.022347969999999853,0.0318788199999998,0.015872778837538168,0.016043696267949742,0.016006610069508438,0.015874082627196338,0.016292516937795494,0.015870416030343018,0.016540263773881285,0.016004726168985996,0.018068519796804426,0.022422504585047884,0.031237211132024423,47.14023629118152,42.623981024046344,56.25641053953708,49.01705996476774,40.85833543996128,48.04482170844793,39.984558944489656,43.0986881075962,38.97969053381356,38.67606722545393,18.284982741528808,-0.0004184343105991563,0.00029412847338895184,-0.0007125627839881082,0.013911308568793392,0.015430749999999738,0.01695019143120608,0.0015469999999999998,36.11231101511878,26.52267818574504,28.99000804737416,40.36077396909969,19.57763545092666,0.00012999999999971368,46.045907310934155,0.015997,0.8814152653622509,0
2020-01-13,0.016158000000000002,0.016184999999999998,0.015865999999999998,0.016008,0.016008,1542308.0,49,0.1573033883937104,0.015713142857142783,0.015458238095237869,0.015887799999999543,0.01586033333333344,0.015562999999999787,0.015789615384615627,0.015742433333333264,0.015456749999999738,0.017520160000000267,0.02221891999999985,0.0316423449999998,0.015890808325866413,0.016040451152681583,0.01600707337967229,0.015894685299935363,0.016271441609069903,0.015890070883151163,0.016505924175566362,0.0160050379624159,0.017987715098890526,0.02229548469227466,0.031085676692899807,46.12316810582475,42.03289095238853,52.87501738552265,47.777680100407885,40.41749904764654,46.92548134552963,39.623133981991494,42.46697217311415,38.80531544236886,38.62373427133304,18.281830755847093,-0.0003767563091345398,0.0002686451798828547,-0.0006454014890173945,0.013915543654402713,0.015456749999999738,0.01699795634559676,0.0010030000000000004,67.30219256434724,44.47870061720132,32.66562209818246,33.908093654094195,19.453570810998343,-0.0016550000000002812,40.0287604771604,0.016138,-0.8055521130251431,0
2020-01-14,0.016016,0.017787999999999998,0.015962999999999998,0.017662999999999998,0.017662999999999998,4637741.0,56,0.15720141596945114,0.015923428571428498,0.015561809523809297,0.01628379999999954,0.016116333333333444,0.015629961538461325,0.015999000000000242,0.015716599999999928,0.015577749999999738,0.017460680000000266,0.02211554999999985,0.0313847349999998,0.016127100549084224,0.01618795559334689,0.016559048919781525,0.016166733715329926,0.01637452000839806,0.016143346471272427,0.01658057422875563,0.01616293910885248,0.017974981173443837,0.02220375232213061,0.03095211772083115,58.37346131578202,51.080603204294654,75.43330898005362,61.28002039703059,47.8554117150001,59.774195022636306,46.03960239696629,51.89266032436021,42.16494966831407,39.67332112146959,18.461664931355497,-0.00020778629306813717,0.0003500921567594058,-0.000557878449827543,0.013753250890734741,0.015577749999999738,0.017402249109264734,0.002178,94.741270509045,66.05192469617026,48.322299526125356,36.65930989056061,40.47291723948364,-0.0011570000000002828,51.254274966478974,0.016008,10.33858070964515,1
2020-01-15,0.017667,0.020168,0.017425,0.01882,0.01882,6667844.0,54,0.15705680747294004,0.016200499999999923,0.015732142857142632,0.01692519999999954,0.016434250000000112,0.015735230769230557,0.016324307692307936,0.015764933333333262,0.015775399999999738,0.017419680000000267,0.022015519999999848,0.0311394949999998,0.016486153809206327,0.016427232357588084,0.01731269927985435,0.016574928528356087,0.016555666674442648,0.016525725546804933,0.0167250533107714,0.016415992527057006,0.018008119166642116,0.02213674732565277,0.030831400131569143,64.43122021629034,56.099054971898276,82.4721396126128,67.6204802691835,52.18843554758528,65.97552769394197,49.886873521400794,57.0569795974312,44.34379990879351,40.39305429931894,18.58754178835661,1.9261853913439538e-05,0.000461712242992786,-0.0004424503890793465,0.01347952292651535,0.015775399999999738,0.018071277073484125,0.003397000000000001,71.01075268817199,77.684738587188,59.83762500976409,46.94184887802391,47.25301498355515,0.0003059999999997162,55.196713203397685,0.017662999999999998,6.550416124101233,1
2020-01-16,0.018924,0.018924,0.017564,0.018514,0.018514,3729419.0,55,0.15697578289853545,0.01648071428571421,0.015905809523809294,0.01742859999999954,0.016686666666666777,0.01583557692307671,0.016594230769231014,0.015860466666666594,0.015980799999999736,0.017361400000000266,0.02191162999999985,0.0309301099999998,0.01675653330131215,0.016616938506898257,0.01771313285323623,0.016873247216301304,0.016700728402261708,0.016809764754404228,0.0168404692262055,0.016615802762575387,0.018027957630695368,0.022065009754847768,0.03070883893623015,61.87946209855696,54.54858415095662,75.5977805767459,64.59006907736789,51.02394923415664,63.200461869351074,48.9333937243931,55.40528295359149,43.897665289583685,40.26473370027312,18.579917804485206,0.00017251881403959266,0.0004919753624951513,-0.00031945654845555866,0.013475295105042057,0.015980799999999736,0.018486304894957416,0.001632999999999999,61.55276615527657,75.76826311749777,66.14385858639176,58.10126104076035,48.04654011022708,-0.0012000000000002842,58.62388843275665,0.01882,-1.6259298618490958,-1
2020-01-17,0.018501,0.019902,0.01846,0.019714,0.019714,4749756.0,54,0.15687348928439507,0.016817071428571355,0.0161585714285712,0.01814379999999954,0.017044250000000108,0.015970807692307482,0.016919538461538708,0.015978299999999928,0.016229249999999737,0.017329040000000268,0.02181943999999985,0.030733489999999794,0.017150862194470533,0.016898489551725692,0.018380088568824157,0.017310286106101105,0.01692393370579788,0.01722465550377505,0.01702585830838579,0.01691086916613964,0.018094076939295548,0.022018455106236918,0.0305994375537801,67.31792117505029,59.18316615860462,82.47285261662266,70.253516453423,55.103590332610004,68.75139020450814,52.604230278884465,60.15477251743263,46.068061589018434,41.00701960898215,18.711324030369443,0.0003863524003032241,0.0005646471590070262,-0.00017829475870380205,0.01329153095110546,0.016229249999999737,0.019166969048894013,0.0024779999999999976,89.44676894467682,74.00342926270838,76.81075017230336,67.59741125615301,52.60864707853917,1.6999999999718632e-05,63.77029477815396,0.018514,6.481581505887446,1
2020-01-18,0.01975,0.020557,0.019452,0.019697,0.019697,4045175.0,51,0.15678683352815972,0.0171179285714285,0.016394380952380726,0.018881599999999544,0.017278916666666783,0.016116576923076713,0.017248307692307938,0.016104133333333263,0.01646374999999974,0.017284240000000266,0.021734439999999848,0.030537274999999794,0.01749034723520779,0.0171528995924779,0.01881905904588277,0.017677472859008628,0.017129346023886927,0.01757784757466433,0.017198190030425418,0.017176214959840622,0.01815693666716631,0.021972485698192625,0.03049095558807084,67.17246270532279,59.09373771415664,82.07972573336987,70.08149250416454,55.036146179936615,68.59353503951414,52.548933469757785,60.059623763150384,46.042323092143185,40.99972989553721,18.710894085586823,0.0005481268351217004,0.000581137275060402,-3.3010439938701534e-05,0.013205561683623048,0.01646374999999974,0.01972193831637643,0.003433000000000002,81.27993034392688,77.42648848129332,79.6062977282193,74.1869688289714,49.62299717247929,0.001084999999999718,59.72979268612572,0.019714,-0.08623313381352915,0
2020-01-19,0.019709,0.020483,0.018174,0.018612,0.018612,3201263.0,53,0.15671792723295724,0.01734571428571421,0.01656604761904739,0.019071399999999544,0.017393583333333445,0.01623673076923056,0.017381461538461783,0.016188433333333262,0.01665019999999974,0.01723510000000027,0.02164201999999985,0.030323269999999795,0.017639900937180084,0.01728554508407082,0.018750039363921847,0.01782124626531499,0.017239172244339747,0.01772558363542657,0.017289403576849584,0.017312956392236754,0.01817478228806175,0.021905941426941286,0.030372757025005463,58.52491181824765,53.671195367286785,60.12830065731989,59.93443372685152,50.90653488056785,59.244052582463645,49.142074595032284,54.3034900233358,44.42645505264729,40.53522845365177,18.68335750776692,0.0005820740209752442,0.0004920675687311567,9.000645224408763e-05,0.013346424067791705,0.01665019999999974,0.01995397593220777,0.0029289999999999976,37.89910600255431,69.54193509705256,68.23786482692114,74.88497090914787,33.52959730838017,9.999999999718567e-06,53.03078117200202,0.019697,-5.5084530639183615,-1
2020-01-20,0.018591,0.018731,0.018019,0.018602,0.018602,2721777.0,48,0.15665912420356087,0.017468642857142783,0.01674314285714263,0.019027799999999543,0.017588416666666776,0.01636592307692286,0.017486538461538706,0.01627833333333326,0.01684434999999974,0.01719628000000026,0.021552959999999847,0.030125619999999794,0.017768180812222742,0.017405222803700746,0.01870069290928123,0.0179413622244973,0.017340122448462728,0.017850785973222774,0.017374087217052837,0.017435722450118967,0.018191535923824036,0.021840516844229576,0.030255635064557643,58.450605737212115,53.62368462757396,59.95097377741693,59.84791338732394,50.870002027266466,59.16401076554245,49.111750604410645,54.25317091278833,44.411802358145046,40.530953961420394,18.683102824299887,0.0006012397760345732,0.00040898665903238863,0.0001922531170021848,0.013562115570172598,0.01684434999999974,0.020126584429826885,0.0029890000000000003,34.680922151687305,51.28665283272272,60.97189871962418,69.60535375825481,21.344412749597357,-8.20000000002763e-05,53.85538885676174,0.018612,-0.053728777133033034,0
2020-01-21,0.018596,0.018856,0.018338,0.018684,0.018684,1762626.0,49,0.15662111824441313,0.017572071428571354,0.016931952380952155,0.019061799999999542,0.017838500000000108,0.016512730769230557,0.017672692307692552,0.016361199999999926,0.01703149999999974,0.01716500000000027,0.021464979999999845,0.029919614999999795,0.017890290037259702,0.017521475276091592,0.018695128606187487,0.018055614189959254,0.017439668933761785,0.017969816548476663,0.01745859771917846,0.017554606026298113,0.01821084824053681,0.021778011560185426,0.030140494417149114,58.90896680861263,53.97368936831126,61.08040313983072,60.35629750644975,51.168413256555716,59.645473821256225,49.376442000105705,54.615262300208315,44.564726500307216,40.58284579070429,18.692236755945828,0.0006159452561974693,0.00033895371135622747,0.00027699154484124165,0.013779517058417321,0.01703149999999974,0.020283482941582158,0.0026869999999999984,26.201733648542127,32.92725393426114,53.90169221827729,61.03715192160747,18.58793324775393,-0.0008490000000002801,50.664863241892746,0.018602,0.44081281582624143,0
2020-01-22,0.018726,0.01982,0.018649,0.019533,0.019533,3168186.0,52,0.15655320823557012,0.017805571428571355,0.017150619047618824,0.019025599999999542,0.018165166666666774,0.016709923076922862,0.017968846153846398,0.01648206666666659,0.01727859999999974,0.017153440000000266,0.021385009999999847,0.029718779999999792,0.018109318032291745,0.01770434116008326,0.01897441907079166,0.01828290431458091,0.017594730494223876,0.018193128470122853,0.017592430124392752,0.01774302449998401,0.018262697329143214,0.02173355588572631,0.030034947209018274,63.38927987550182,57.45633888558665,71.17883137661114,65.2862360581512,54.16191253962102,64.33415713469101,52.0450805525313,58.211109098011654,46.1298046214123,41.1201128196681,18.78715759507187,0.0006881738203570327,0.00032894582041263266,0.00035922799994439985,0.014056524474123791,0.01727859999999974,0.02050067552587569,0.0033950000000000017,59.65327029156826,40.178642030599114,47.942992487655594,54.272194475185614,42.637276640146695,0.0010259999999997216,54.345787431513614,0.018684,4.543994861913925,1
2020-01-23,0.019533,0.019559,0.018481,0.018507,0.018507,2060954.0,49,0.1565089117661419,0.01800728571428564,0.017337095238095013,0.018787599999999544,0.018374333333333444,0.016854615384615173,0.018191461538461788,0.016582699999999926,0.017453699999999742,0.017126880000000268,0.021307479999999844,0.029513339999999787,0.018162342294652845,0.017777310145530238,0.01881861271386111,0.018317380573876156,0.017662306013170256,0.018237967260105303,0.017651434632496445,0.0178157840714141,0.01827227782603956,0.021669663689969355,0.02992024126663998,55.54727745249391,52.4334338902322,51.71843305220079,56.14544823877885,50.292776326164685,55.883903647039354,48.83061070975853,52.893430833819544,44.57843775159145,40.67123643075528,18.760557632209775,0.0006550745607058969,0.00023667724860919765,0.00041839731209669927,0.01437440000440494,0.017453699999999742,0.020532999995594547,0.0024989999999999978,19.805194805194756,35.22006624843494,35.648045379909156,45.83091002861394,34.81262327416215,2.199999999972363e-05,48.20249498074852,0.019533,-5.252649362617101,-1
2020-01-24,0.018512,0.018769,0.017985,0.018485,0.018485,1326699.0,40,0.15648032158522188,0.01821242857142849,0.0175028095238093,0.018762199999999545,0.01856991666666678,0.016988384615384402,0.0183828461538464,0.01669076666666659,0.01760369999999974,0.017096520000000268,0.021233089999999847,0.029297824999999788,0.018205363322032462,0.017841645586845672,0.01870740847590741,0.018343168177895202,0.017723246308490974,0.01827325765151883,0.017705213043303126,0.017879518921755617,0.018280619872077224,0.021606601042643232,0.029806457771449538,55.38985021006507,52.3306672890378,51.35714110814593,55.96343466203745,50.21290312408036,55.71491419764763,48.76387724723897,52.784865737002846,44.545672469695184,40.66162354295303,18.75998523985293,0.0006199218694042281,0.00016121964584602308,0.00045870222355820506,0.014638011291537231,0.01760369999999974,0.020569388708462245,0.0008219999999999997,27.247956403269644,35.56880716667745,33.51781546005223,39.03628444253891,35.615079365079815,7.099999999971711e-05,45.49209465719082,0.018507,-0.1188739395904137,0
2020-01-25,0.018486,0.018548,0.01829,0.018414,0.018414,544875.0,41,0.1564685834014195,0.01838507142857135,0.01764228571428549,0.018724599999999543,0.018770416666666782,0.017124192307692097,0.01855792307692333,0.016808999999999928,0.017753249999999738,0.01706244000000027,0.02115560999999985,0.02908949499999979,0.01823318154576147,0.017893677806223342,0.018609605650604936,0.018354065381295945,0.017774413248602756,0.018293363701301853,0.017750941234057762,0.017930421881588415,0.018285850465329097,0.02154338122001663,0.029693099982678894,54.852310040559175,51.98618200870551,50.00432913398347,55.336248142871554,49.947056306125184,55.13545327139785,48.54264367345416,52.42026906586279,44.438154533697634,40.63032141966404,18.758128977613374,0.0005796521326931862,9.675992730798493e-05,0.00048289220538520126,0.014953567696645872,0.017753249999999738,0.0205529323033536,-0.00040600000000000017,23.378746594005428,23.477299267489844,31.25738034851586,33.474413729492326,31.183073151851843,-0.0002700000000002839,47.145493496233776,0.018485,-0.3840952123343344,0
2020-01-26,0.018407,0.018721,0.018174,0.018684,0.018684,1497570.0,42,0.15643635715530493,0.01856692857142849,0.0177975714285712,0.018724599999999543,0.018855500000000112,0.017276692307692097,0.018763769230769483,0.01695159999999993,0.017843399999999742,0.017031000000000268,0.02108853999999985,0.028913609999999788,0.018293290672993272,0.017965525278384853,0.01863440376706996,0.01840482455340426,0.01784179004500255,0.01834916888683016,0.01781113857379597,0.018002191226199043,0.01830146417257109,0.021486759809719272,0.029583556699269164,56.56959836673424,53.21318791439728,55.369185212039106,57.30736701420216,50.972129778056384,56.96832082205333,49.4439487262758,53.69730827332537,44.95351438659712,40.805345723973645,18.788839982640216,0.0005630345084017102,6.411384241320698e-05,0.0004989206659885031,0.015045864061708906,0.017843399999999742,0.02064093593829057,0.00016999999999999999,38.092643051771105,29.57311534968196,33.63556222916165,32.803586012576496,32.309644670051235,-0.0004600000000002865,56.994765156052615,0.018414,1.4662756598240456,1
2020-01-27,0.018682,0.019472,0.018666,0.019144,0.019144,2336110.0,50,0.15638632320132825,0.01879092857142849,0.01790533333333311,0.01864679999999954,0.01888250000000011,0.017438346153845943,0.01887769230769256,0.01709823333333326,0.017938799999999738,0.01700394000000027,0.021024409999999848,0.028761449999999786,0.01840671858326084,0.01807265934398623,0.018804269178046642,0.018518543852880532,0.017938250041669032,0.018462716188711568,0.01789712963355107,0.01811093491894199,0.018334504793254575,0.02144036852635849,0.029479680513206773,59.38931392791781,55.254130629858295,63.39882429519246,60.522941491755546,52.686463107922314,59.96889345603638,50.956264168565205,55.81862186462686,45.82671361469705,41.1041137139229,18.841370169781555,0.0005802938112114997,6.509851617839742e-05,0.0005151952950331023,0.015098670751694025,0.017938799999999738,0.02077892924830545,-0.0005699999999999977,73.63405336721733,45.03514767099785,36.43171884429147,33.774887140656254,38.19732034104796,-0.00036900000000028577,55.430279452043635,0.018684,2.461999571826179,1
2020-01-28,0.019158,0.019633,0.018993,0.019513,0.019513,2132889.0,54,0.1563407685700937,0.01892307142857135,0.018013761904761682,0.018847999999999542,0.01896575000000011,0.01762765384615363,0.01893100000000025,0.01724843333333326,0.01810124999999974,0.016994180000000268,0.020957279999999846,0.028603139999999787,0.018554222772159398,0.018203599403623844,0.019040512785364425,0.01867153710628353,0.018054898186730586,0.018612756733181343,0.018001379334612287,0.0182444649266618,0.01838072029155832,0.021402202812965256,0.02938050956282661,61.535668192757036,56.83645805803543,68.8018796733009,62.94813473662883,54.025606852287,62.24327531004345,52.14291902298014,57.46016489480353,46.52083759572886,41.34397167525944,18.88366975657089,0.0006166389195529433,8.115489961587285e-05,0.0005354840199370706,0.01529297509410433,0.01810124999999974,0.02090952490589515,-0.0001840000000000001,92.71844660194164,68.14838100697658,51.014369203640854,40.360550092364576,26.71865973425817,-0.0010140000000002855,55.89424929893271,0.019144,1.9274968658587355,1
2020-01-29,0.019508,0.020852,0.019476,0.020527,0.020527,2475826.0,57,0.15628827669290404,0.019044999999999927,0.01821676190476168,0.019256399999999545,0.01903350000000011,0.01784003846153825,0.019085846153846404,0.017436566666666597,0.01834344999999974,0.017019980000000268,0.020900019999999846,0.028459484999999788,0.018817259735871474,0.018414817639658042,0.019536008523576284,0.018956992936086058,0.018238016839565357,0.01888622005701258,0.018164322603346977,0.01846184921936068,0.018464888123261917,0.02138487206419367,0.02929241494031092,66.7151106137744,60.82461011287708,79.01638797071494,68.67666548106907,57.46139978539311,67.67781506035239,55.21958943318587,61.57906989208568,48.374900763625,41.999563308725044,19.000260129986728,0.0007189760965207077,0.00014679366126690968,0.000572182435253798,0.01557811758641749,0.01834344999999974,0.021108782413581988,0.0019149999999999998,87.86407766990284,84.73885921302049,63.137593456967494,50.194560501633184,25.173278277540692,-0.0007590000000002872,57.35570117175727,0.019513,5.196535642904743,1
2020-01-30,0.020518,0.021511,0.019906,0.021286000000000003,0.021286000000000003,3099250.0,57,0.1562229215466822,0.019242999999999927,0.018483571428571204,0.019830799999999545,0.019165916666666782,0.018063153846153642,0.019206769230769482,0.0176554666666666,0.01862709999999974,0.017058820000000266,0.020844979999999843,0.028356264999999787,0.019146425104421945,0.018675834217870942,0.020119339015717524,0.019315301715149745,0.01846379336996792,0.01922904576315364,0.01836572114506653,0.01873081596037395,0.018575519961565368,0.02138291420153637,0.029212749120009318,69.95927108051147,63.471260215347975,83.78499208156678,72.16622929348748,59.79682297403446,71.03815480487938,57.340837010100486,64.29610174061321,49.706148306680184,42.485548378817796,19.087746133978893,0.0008515083451818249,0.0002234607279424215,0.0006280476172394034,0.015877261811510772,0.01862709999999974,0.02137693818848871,0.0026840000000000024,93.2574168414744,91.2799803711062,77.1133275064613,63.75509672235646,38.319048935582536,0.0002069999999997144,68.23231154938841,0.020527,3.6975690553904705,1
2020-01-31,0.021256,0.021532,0.020613,0.021079,0.021079,3516640.0,55,0.15614893617371758,0.019340499999999927,0.01874385714285692,0.020309799999999545,0.019371500000000114,0.0182806923076921,0.01931307692307717,0.017860066666666598,0.018881199999999744,0.01710278000000026,0.02081238999999984,0.028247229999999793,0.019404101757165684,0.01889430383442813,0.02043922601047835,0.01958663991281901,0.01865751237959993,0.019493324939845975,0.018540771393771912,0.01895445253557643,0.01867369564934712,0.021376896098535648,0.02913181629294455,68.02197395820923,62.269302583003814,77.98494390841495,69.86657124733122,58.88128023407125,68.93328750282302,56.58543702614796,63.019891069331344,49.35212446249022,42.38771622256585,19.082097080471858,0.0009291275332190886,0.00024086393278374823,0.0006882636004353405,0.0162167873877837,0.018881199999999744,0.021545612612215787,0.0023950000000000013,84.19399860432664,88.43849770523451,86.33359861697241,75.52817319346697,21.871494952732483,-0.011289000000000285,65.91980464597985,0.021286000000000003,-0.9724701681856684,0
2020-02-01,0.021063,0.032813,0.021045,0.032368,0.032368,51231355.0,57,0.1551408757441932,0.02024557142857136,0.019523428571428348,0.022954599999999548,0.020518666666666782,0.018876346153845945,0.020371230769231016,0.01845263333333326,0.019692699999999744,0.017372340000000267,0.020891319999999842,0.028210174999999792,0.021132621522876927,0.020119185304025573,0.02441548400698557,0.02155300300315455,0.019673104055185117,0.02133256423415369,0.019432850658689854,0.020231933246473915,0.019210727192509974,0.021594541720346826,0.029164017125850573,87.78568376400881,81.87708774251739,96.01922904009312,89.54673083043778,77.97738863545614,88.66267258142504,75.08348273068228,82.69217218617625,63.72432347405729,48.87257892607675,20.37369925427409,0.0018798989479694333,0.0009533082780272744,0.0009265906699421592,0.013286803338187162,0.019692699999999744,0.026098596661812325,0.012835,96.78002894356004,91.41048146312026,90.96279373224093,84.80323995189146,72.351967110147,0.0017769999999997094,82.38579799716842,0.021079,53.55567152141943,1
2020-02-02,0.032206,0.039546,0.030152,0.030591000000000007,0.030591000000000007,54406334.0,57,0.1541267220180222,0.021101214285714213,0.020211666666666444,0.02517019999999955,0.021510916666666786,0.01938999999999979,0.021293461538461792,0.018972166666666592,0.02042184999999974,0.017614200000000267,0.020927829999999842,0.028153404999999788,0.02239373865316,0.02107116845820507,0.026473989337990382,0.022943464079592312,0.020481837088134367,0.02265519791498888,0.020152731261355025,0.021218511032524017,0.01965701240064684,0.021772689409052824,0.029178215960419224,79.49912277288553,75.41426080695797,83.1525130345147,80.57317436753809,72.47541660465221,80.04537424523166,70.2171059199455,76.00913921354761,60.94748936242268,48.01336527203326,20.32238278215541,0.002461626991457945,0.0012280290572126288,0.0012335979342453162,0.01261522101461129,0.02042184999999974,0.028228478985388192,0.012084000000000008,55.38116591928255,78.7850644890563,83.49533759570909,86.9305766483074,65.80060422960753,0.00034899999999972453,58.70264982111794,0.032368,-5.489990113692523,-1
2020-02-03,0.030606,0.033526,0.02942,0.030242,0.030242,21540359.0,59,0.1537220738772774,0.021932642857142786,0.020889476190475962,0.02711319999999955,0.022403333333333445,0.019927615384615176,0.022182538461538708,0.0194640666666666,0.02105079999999974,0.01785028000000027,0.02095240999999984,0.028079299999999797,0.023440173499405338,0.021904880416550063,0.027729992891993585,0.024066315759655038,0.02120481211864293,0.023739026784276186,0.020803651825138568,0.0220778909341884,0.02007210995356265,0.02194039852966564,0.029188800876235956,77.95076178192221,74.2090626180653,80.60685125258985,78.89110838577312,71.4472496957397,78.43305104782051,69.30549932168546,74.76312231519832,60.42006033506218,47.846507849062824,20.312284448137007,0.0028615036410121024,0.0013023245654134286,0.0015591790755986735,0.012220303236257873,0.02105079999999974,0.029881296763741613,0.011757000000000005,52.62729124236254,68.26282870173493,76.44798031020105,83.63537054605028,62.76962899050928,0.000394999999999722,53.641023452994794,0.030591000000000007,-1.140858422411839,-1
2020-02-04,0.030157,0.031254000000000004,0.027906,0.029847,0.029847,17616383.0,56,0.15338937498019986,0.022729999999999927,0.021469666666666443,0.02882539999999955,0.023348333333333447,0.020472384615384403,0.022975923076923328,0.0199448666666666,0.021602149999999744,0.018099820000000263,0.02095951999999984,0.02800364499999979,0.02429441703281796,0.022626891287772784,0.028435661927995726,0.024955651796631183,0.02184497418392864,0.024611594386522447,0.021387093642871568,0.02281780608331331,0.02045543897499157,0.02209696489541484,0.02919535012124853,76.15219243238424,72.82904490387426,77.38906040487014,76.92214467031354,70.27548916872279,76.55357121363673,68.26892673910467,73.33446776071806,59.82241437965129,47.657184226243274,20.300810148031953,0.003110677612702544,0.0012411988296830965,0.001869478783019448,0.012013660447156555,0.021602149999999744,0.03119063955284293,0.011433000000000002,48.771985422278576,52.26014752797445,67.55089402636186,75.83140397742393,59.198175743755854,-0.0009670000000002732,53.66762007302516,0.030242,-1.3061305469215134,-1
2020-02-05,0.029878,0.031679,0.028497,0.030814,0.030814,16555541.0,53,0.15307999518454868,0.02353578571428564,0.0220408095238093,0.030772399999999558,0.02437575000000012,0.02105703846153825,0.02392261538461564,0.020409299999999925,0.022217149999999745,0.018403140000000262,0.02097186999999984,0.02792195999999979,0.025163694761775563,0.02337117389797526,0.029228441285330482,0.025856936135611,0.02250934646660059,0.025497652331304955,0.02199528114978308,0.023579348361093,0.02086165705440366,0.022269579451941274,0.02921145609019133,77.51310113960815,74.06593489888442,79.76237849325467,78.35486504747746,71.46521725231071,77.94680543053816,69.42572597212235,74.58295343032535,60.79086970061822,48.164331409288756,20.411425041066963,0.003347589669010411,0.0011824887087927708,0.0021651009602176407,0.01191162887832935,0.022217149999999745,0.03252267112167013,0.012129999999999998,52.80255121344793,51.40060929269623,61.27260454818615,68.4238262949163,59.45191040843235,-0.0010630000000002825,54.72759641523383,0.029847,3.2398566020035657,1
2020-02-06,0.030822,0.033316000000000005,0.030627,0.031877,0.031877,19142885.0,61,0.15272886500632465,0.024490785714285642,0.02267714285714264,0.03067419999999955,0.025497666666666783,0.021667807692307483,0.024952769230769483,0.02089733333333326,0.022825299999999743,0.018717100000000268,0.02099841999999984,0.02785275499999979,0.026058802126872158,0.024144430816341145,0.03011129419022032,0.026783099807055462,0.02320324672833388,0.026408987712547103,0.02263281139818417,0.024369600898131758,0.021293631287564303,0.022459825403387985,0.02923797891516455,78.92931610620765,75.35779621324308,82.22369203706147,79.84497472439783,72.71203054522883,79.39619874785355,70.64150392709298,75.88611020615586,61.82269919172474,48.71601097583784,20.53327289255541,0.0035798530787215827,0.0011318016948031536,0.002448051383918429,0.01173601735793892,0.022825299999999743,0.03391458264206056,0.012732999999999994,34.11512027491406,45.22988563688008,48.73962281445695,59.187707129668254,70.32400589101644,-5.6000000000291934e-05,53.77712716642034,0.030814,3.4497306419160267,1
2020-02-07,0.03188,0.032644,0.031172,0.031933,0.031933,12000722.0,56,0.15250973384947658,0.025451357142857067,0.023258999999999776,0.03094259999999955,0.02660175000000012,0.02227530769230748,0.02599269230769256,0.02141963333333326,0.023437099999999742,0.019037320000000267,0.021033549999999842,0.027786129999999798,0.026842028509955863,0.02485248256031013,0.03071852946014688,0.027575392144431544,0.023849895118827662,0.027198132325040373,0.023232823566043257,0.02508992462211921,0.021710861433150017,0.022647413019162482,0.02926479504536192,79.00395327030917,75.42535637389447,82.3593229639701,79.92385259569728,72.77710437250832,79.47273817598574,70.70491834714457,75.95430527506717,61.876608925305526,48.745035844580364,20.53971366709736,0.0037254970256038783,0.0010219565133483591,0.002703540512255519,0.01174098410131301,0.023437099999999742,0.035133215898686475,0.012419999999999995,71.65480427046256,52.857491919608066,51.994350484692966,54.00219261577864,70.60800168014306,0.0006419999999997122,53.745942026386786,0.031877,0.17567525174890797,0
2020-02-08,0.031948000000000004,0.032352,0.029693,0.031291,0.031291,12085536.0,56,0.15228838936977368,0.026371142857142787,0.023811095238095013,0.031152399999999542,0.027614000000000118,0.02286311538461517,0.026962461538461796,0.021939899999999925,0.02407104999999974,0.01934148000000027,0.02105691999999984,0.027727009999999795,0.027435224708628414,0.025437802327554663,0.03090935297343125,0.02814702412221131,0.024401088072988582,0.027782827707177462,0.023752705916621108,0.025680503229536432,0.022086553141653937,0.022818573157396885,0.02928495628869165,75.70983620486925,73.02094397445809,74.53567011512915,76.21921757338006,70.76796864375933,75.98765929483419,68.94083856603368,73.45375270413325,60.87147720304068,48.42767709328202,20.520551048659264,0.003745936049222728,0.0008339164295737678,0.002912019619648961,0.012104780239159568,0.02407104999999974,0.03603731976083991,0.010764,62.5693160813308,56.11308020890237,53.98275545248661,51.572242917212115,65.64204516490824,-0.004950000000000288,43.322082075105904,0.031933,-2.010459399367437,-1
2020-02-09,0.031237,0.037622,0.031231,0.036241,0.036241,30788544.0,56,0.15174625401559688,0.02762521428571422,0.02465057142857121,0.032431199999999535,0.029008000000000117,0.02357765384615363,0.028277615384615644,0.022627499999999925,0.024952999999999743,0.019748200000000268,0.02112722999999984,0.0276872849999998,0.028609328080811295,0.026419911206867874,0.03268656864895417,0.02939225118033265,0.02527811858610053,0.028991138034723536,0.024558402309097168,0.026686264826723437,0.02264162948904006,0.02308436378794348,0.0293541706539783,81.9329830794439,78.54536000288715,86.44734167713325,82.85661556079837,76.05976877309298,82.39724473336983,74.09108918844457,79.04014405966664,65.30395700190097,50.916244524787814,21.09100841563223,0.004114132594232111,0.0009616903796665203,0.0031524422145655906,0.01211554972029325,0.024952999999999743,0.03779045027970624,0.014955000000000001,84.86575342465754,73.02995792548352,61.201509052962386,55.72620499671393,72.25994978803989,0.0017919999999997246,57.73987888244067,0.031291,15.819245150362725,1
2020-02-10,0.036248,0.037064,0.03322,0.034449,0.034449,20543948.0,57,0.1513869189128564,0.028718428571428506,0.025405190476190248,0.03315819999999954,0.030168166666666787,0.024178769230769014,0.02942653846153872,0.02324256666666659,0.025741249999999737,0.020113220000000268,0.02117941999999984,0.0276383949999998,0.029387951003369786,0.027149828369879885,0.033274045765969436,0.03017021253720455,0.025957443135278268,0.029770832601191607,0.02519650538592961,0.02742557293846406,0.023104663626724763,0.023309406089172324,0.0294048654733417,74.52689822080279,72.88512186311134,71.84699636076891,74.68174152821992,71.21326497953014,74.63065787005216,69.76355520307051,73.18581361970794,62.681979309698725,50.03347452991474,21.036075590288934,0.004212769401926275,0.0008482617498885473,0.003364507652037728,0.012592325611340615,0.025741249999999737,0.038890174388658855,0.013369999999999998,59.98234329675872,69.13913760091557,62.63746746962454,59.273910658357785,59.717507511022845,-0.001845000000000277,58.35092518552766,0.036241,-4.944675919538644,-1
2020-02-11,0.03445,0.036618,0.033423,0.036294,0.036294,14434223.0,52,0.15113691991412034,0.029917071428571362,0.02624376190476168,0.03404159999999955,0.03141883333333345,0.024862615384615167,0.03063938461538487,0.02391443333333326,0.02657929999999974,0.020520960000000272,0.02125333999999984,0.0275949949999998,0.030308757536253818,0.027981116699890802,0.03428069717731296,0.031112333685326926,0.026723114014146548,0.03070271365816423,0.02591247278038576,0.028270185039562717,0.023621892504108104,0.023566526760673858,0.029473414075597008,76.83658985954429,74.84069707736873,76.70736969524127,77.1917038095091,73.04934522711685,77.03114763723431,71.53253206488401,75.17368988804749,64.19181717879592,50.9183658848753,21.24831151242592,0.004389219671180375,0.0008197696153141178,0.003569450055866257,0.01296801120067305,0.02657929999999974,0.04019058879932642,0.003925999999999999,83.25135578257027,76.03315083466208,72.46471457115578,65.43456369791419,61.91108651540322,0.000404999999999725,61.386463582418116,0.034449,5.3557432726639265,1
2020-02-12,0.036335,0.036974,0.035592,0.035889,0.035889,12990228.0,61,0.15091421933408175,0.03101435714285708,0.027022619047618816,0.034832799999999546,0.03265300000000012,0.025484730769230555,0.03176269230769256,0.024577133333333258,0.02744839999999973,0.020928980000000274,0.021317119999999842,0.0275578999999998,0.031052789864753308,0.02870001518171892,0.03481679811820864,0.03184720542604585,0.02740206853161717,0.03144361170699792,0.026556119697780232,0.02899578646436627,0.024102955543162687,0.023810536131749625,0.02953725075146172,75.23224376269908,73.61967697614092,73.37074234778267,75.41381324130114,72.00246812485163,75.34578655673485,70.59568505350434,73.91075684387614,63.61553693082825,50.71922362788732,21.23571988482142,0.004445136894428683,0.0007005494708499406,0.003744587423578742,0.013787692545107384,0.02744839999999973,0.04110910745489208,0.00529799999999999,78.14352377348966,73.79240761760613,73.76245847176122,69.6215468375138,57.978562801932526,-0.003331000000000278,58.649095182095785,0.036294,-1.1158869234584312,-1
2020-02-13,0.035831,0.041025,0.035603,0.03922,0.03922,29893464.0,65,0.15041593158537828,0.03229535714285707,0.028008952380952152,0.03641859999999954,0.03322400000000012,0.02623561538461517,0.0331581538461541,0.025295699999999924,0.028485149999999737,0.02140852000000028,0.02141320999999984,0.027534524999999803,0.03214175121611953,0.02965637743792628,0.03628453207880576,0.03298148151434649,0.028277470862608494,0.032554524320283926,0.02737314423340731,0.029969521086807574,0.02469578081597984,0.024115674030130818,0.029633596515128764,79.08124945991044,76.87103099383901,81.36915778158878,79.60022140534295,75.05570583989827,79.347944075226,73.54079746981618,77.21633183239656,66.16386094370348,52.269903892053115,21.61964836088345,0.004704010651737995,0.0007675385825274022,0.003936472069210593,0.014544282968526912,0.028485149999999737,0.042426017031472564,0.008977999999999995,81.57034919338368,80.9884095831478,77.5626650941718,74.59661271236287,61.696711160038674,-0.0006640000000002755,60.45054313780992,0.035889,9.281395413636485,1
2020-02-14,0.03899,0.040181,0.038094,0.039884,0.039884,18478937.0,63,0.1501122228670322,0.033638571428571365,0.029027952380952158,0.03714719999999955,0.03399841666666678,0.02705376923076902,0.03373630769230794,0.025997833333333262,0.02955864999999973,0.02190886000000028,0.021514689999999836,0.0275121699999998,0.03317405105397026,0.03058616130720572,0.03748435471920384,0.034043407435216264,0.02913721376167453,0.03360159227452908,0.028180296218348774,0.03091375717377828,0.025291397254568863,0.02442791810874209,0.029735590579654844,79.75325637624276,77.45139525011841,82.61803156084045,80.32373807320755,75.60638779897819,80.04339705611132,74.0756482119842,77.80493777965356,66.6389467419022,52.57037947669274,21.69611356343074,0.0049061936735417255,0.0007757772834649061,0.0041304163900768185,0.015576634494744144,0.02955864999999973,0.04354066550525533,0.010036999999999994,85.38116591928248,81.69834629538519,77.66574759309678,76.33029038634321,63.69178662150734,0.00503499999999972,62.2581196263109,0.03922,1.693013768485474,1
2020-02-15,0.039884,0.040184,0.033671,0.034849,0.034849,21360992.0,64,0.1497532761497006,0.03381578571428564,0.0298105714285712,0.03722719999999954,0.03438233333333345,0.02767865384615364,0.0340638461538464,0.026542333333333258,0.03036689999999973,0.02231772000000028,0.02156868999999983,0.0274655649999998,0.033397377580107565,0.03097369209745974,0.03660590314613589,0.034167344752875285,0.029560309038587532,0.033779793378167784,0.02861053517200369,0.03128854220484702,0.025666205205370083,0.024634276165994725,0.029786470275379676,63.246277664186955,64.57872533388935,51.31694134475643,62.201318563893615,64.40941120853967,62.77951327399863,63.94707299850729,64.5312456053889,60.11099776701242,50.15235347267278,21.536003289010946,0.004607035714287763,0.00038129545936875514,0.004225740254919008,0.01718578090527909,0.03036689999999973,0.043548019094720385,0.004035,18.758221520652427,61.90324554443944,69.42092323787553,74.883111975048,10.66133814619066,0.0018619999999997113,52.37707060414772,0.039884,-12.624109918764425,-1
2020-02-16,0.034825,0.036642,0.030631,0.032987,0.032987,25502279.0,59,0.14931713994358944,0.033986928571428494,0.030491666666666438,0.03656579999999955,0.03464400000000011,0.02822876923076902,0.03427500000000025,0.026984766666666597,0.03105904999999973,0.022682560000000282,0.021619339999999827,0.0274014599999998,0.03334266056942655,0.031156720088599762,0.035399602097423925,0.033985753252432936,0.02981413799869216,0.03366653718128667,0.028892887741551836,0.03145030009009968,0.025953295197316355,0.024799676637955227,0.029818316342291318,58.452624509722135,60.672013457017314,43.93083543014802,57.045082536018896,60.943327389981434,57.8135077602738,60.77169877994994,60.52195937350178,57.96897243536928,49.30529192936567,21.477097346989,0.004171615253740785,-4.330000094257807e-05,0.0042149152546833634,0.018948992979413826,0.03105904999999973,0.043169107020585636,0.0011100000000000068,22.666923224937506,42.26877022162404,57.304036726348976,68.13023585244039,10.258605925672317,-0.00010800000000027453,49.3339754135401,0.034849,-5.343051450543768,-1
2020-02-17,0.033022,0.033438,0.030053,0.033095,0.033095,20383032.0,49,0.1489672380117231,0.034190714285714206,0.031155999999999767,0.036006999999999546,0.03483408333333345,0.028750384615384407,0.034524846153846406,0.027431366666666592,0.03173814999999973,0.02304432000000028,0.021670329999999828,0.0273435999999998,0.03330963916016968,0.03133292735327251,0.034631401398282614,0.03384871429052018,0.03005716481360385,0.03358488901253144,0.02916399175822592,0.03160693817675686,0.02623336205232356,0.02496394046690661,0.029850920159780955,58.64740332719357,60.81605162031607,44.486963829752064,57.26766758077819,61.069514225573776,58.02092786558647,60.888102710576064,60.67077405916393,58.05739646480624,49.35540167878575,21.489615240221905,0.003791549476916331,-0.00033869262221362587,0.004130242099129957,0.02089754096147916,0.03173814999999973,0.0425787590385203,0.0011620000000000033,27.72511848341234,23.050087743000663,47.220355668333504,57.98177187751929,12.342634652822973,-0.0005430000000002794,55.0756517541879,0.032987,0.3274017037014465,0
2020-02-18,0.033051,0.033699,0.031537,0.033638,0.033638,12949193.0,53,0.14874747652445813,0.034461499999999916,0.031828619047618814,0.034890599999999536,0.03498083333333345,0.029332346153845938,0.034742076923077174,0.02793223333333326,0.032393699999999734,0.023419420000000284,0.021722839999999827,0.027287679999999804,0.03335342060548039,0.03154247941206592,0.03430026759885508,0.033816296707363226,0.030322411864448007,0.033592476296455516,0.0294526374512436,0.03180037263611335,0.02652374001105597,0.02513570402201737,0.0298886025462508,59.66601479660962,61.557644100738536,47.62141882589234,58.440646102478844,61.71533227823394,59.10950830183429,61.48191521949481,61.438159107623214,58.505080356053064,49.60834062919749,21.552806126534804,0.0034938848429152194,-0.00050908580497179,0.0040029706478870095,0.022906434849186013,0.032393699999999734,0.04188096515081345,0.002347000000000002,35.38643766656801,28.59282645830585,37.98357336297036,47.502655252550895,16.29626445428377,0.002547999999999731,55.23691714883997,0.033095,1.6407312282822328,1
2020-02-19,0.033553,0.033973,0.030815,0.03109,0.03109,9121161.0,50,0.14859184912059198,0.034481214285714205,0.03233161904761881,0.033131799999999545,0.03491058333333345,0.029817153846153632,0.03468153846153872,0.028348499999999926,0.03288389999999973,0.023746840000000286,0.021762279999999818,0.027220209999999804,0.03305163119141634,0.03150134492005993,0.03323017839923672,0.03339686644469196,0.03037927024485926,0.03323497968267616,0.029558273744711757,0.03173271809934065,0.026702809030230246,0.02525361087306653,0.029900556749770688,53.091097464737366,56.317938886999094,36.13316741287971,51.284469792526,57.09957223961176,52.261087886448,57.26613136236104,56.049750613398295,55.66146730399856,48.461248892822475,21.471307275886808,0.0030175961998326964,-0.0007882995584434505,0.003805895758276147,0.02492278841669395,0.03288389999999973,0.040845011583305516,-0.005151000000000006,10.235909584443784,24.449155244807947,22.954522096002627,36.05281704243546,1.110932217034401,-2.50000000002748e-05,51.88474995175371,0.033638,-7.574766632974617,-1
2020-02-20,0.031062,0.031609,0.030371,0.031115,0.031115,7930987.0,44,0.14845579184551505,0.03442678571428563,0.03279966666666643,0.032384999999999546,0.03489591666666678,0.030305653846153625,0.034618615384615636,0.028762866666666588,0.033385699999999734,0.024070320000000284,0.021803739999999818,0.0271496999999998,0.032793413699227496,0.03146622265459994,0.03252511893282448,0.033045810068585514,0.030433768745240064,0.03293212544229385,0.029658707696665832,0.03167388780416535,0.026875836127083958,0.025369677984490958,0.02991264076221078,53.14537492782095,56.35612383027615,36.314058432103565,51.347794216723535,57.132239442417834,52.31945920550238,57.29581945971217,56.08942601358497,55.68302427766326,48.4730558991543,21.474235244946424,0.0026120413233454466,-0.0009550835479445602,0.0035671248712900072,0.027585719197875967,0.033385699999999734,0.0391856808021235,-0.003334000000000004,16.11777204431628,20.580039765109266,22.42643220073539,27.788175886569412,-3.2008737293118195,-0.0006760000000002736,50.32855443691186,0.03109,0.08041170794468311,0
2020-02-21,0.031088,0.03261,0.030612,0.031791,0.031791,7927199.0,44,0.14832085261342642,0.034416642857142785,0.03330976190476167,0.032145799999999544,0.03452508333333345,0.030809769230769012,0.03465707692307717,0.029171466666666587,0.03335684999999974,0.02441432000000028,0.021852669999999824,0.027078159999999803,0.032659758539330494,0.031495747867818134,0.032280412621882984,0.0328527623657262,0.030534304393740795,0.03276910752196616,0.02979627494204223,0.031685041346625795,0.02706858765151204,0.025496832875887176,0.02993133090388033,54.665106136674865,57.410751301953105,41.674358306696575,53.132411986331704,58.029647665465745,53.958784502558224,58.10898352741004,57.186748233334654,56.269430362229464,48.793431651400994,21.553719886263128,0.0023184579719854053,-0.0009989335194436817,0.0033173914914290865,0.027529877317564518,0.03335684999999974,0.03918382268243496,-0.004503,44.33673469387757,23.56347210754577,26.760394494523407,24.047116263753768,-0.5813477442068643,0.00017199999999972793,49.074408521638965,0.031115,2.172585569660934,1
2020-02-22,0.030811,0.032227,0.029703,0.031619,0.031619,5919384.0,43,0.14821987353362848,0.03444007142857134,0.033274095238095006,0.03185059999999955,0.03428925000000011,0.0312895769230767,0.03430153846153871,0.02960853333333325,0.03340824999999974,0.024746600000000285,0.021902519999999825,0.0270125799999998,0.03252099073408643,0.03150695260710739,0.03205994174792199,0.032662952770999086,0.030614652216426664,0.03260480644739956,0.029913870107071763,0.031678751694566194,0.02724703519459,0.025618063908047824,0.029948123631204908,54.18598398138307,57.04332878900809,40.630220810846026,52.60057683061316,57.71043087081347,53.45519080470349,57.81951296403143,56.807484194513464,56.07685800475996,48.715592808959535,21.54814252602384,0.002048300554572429,-0.001015272749485326,0.003063573304057755,0.02766649146232121,0.03340824999999974,0.03915000853767826,-0.004269999999999996,44.871194379391135,35.10856703919489,30.189609673719172,26.45881212299261,1.3691768241777842,-0.0006470000000002724,56.391698075693206,0.031791,-0.5410336258689474,0
2020-02-23,0.031586,0.032908,0.030639,0.032266,0.032266,5801143.0,46,0.14812171733718846,0.03415614285714277,0.033353857142856914,0.031576199999999555,0.03395358333333345,0.0317800769230767,0.03413361538461564,0.03006789999999992,0.03350944999999973,0.025082220000000283,0.021965939999999826,0.0269478799999998,0.03248699196954157,0.03157595691555217,0.032128627831948,0.032601883113922314,0.03073697427446913,0.03255640552634248,0.03006562042274455,0.03173468010460751,0.02744385734382176,0.025749706206898364,0.029971187077660576,55.749120891765735,58.10006146938356,46.66246347097312,54.45823297251084,58.6000454929045,55.15082852896701,58.62074818967944,57.91001360051716,56.64613709696757,49.02454644572809,21.624812788244977,0.0018649088394531719,-0.0009589315716836662,0.0028238404111368388,0.027933717337285613,0.03350944999999973,0.03908518266271385,-0.006953999999999995,60.02341920374713,49.743782759005185,35.11700598115499,30.68900338313248,-20.22591970691485,0.001081999999999736,60.492536392632275,0.031619,2.0462380214428144,1
2020-02-24,0.03225,0.032829000000000004,0.030552,0.031184,0.031184,7625457.0,46,0.147992484200673,0.033922928571428486,0.03339871428571405,0.031594999999999554,0.03356150000000011,0.03218996153846131,0.03374053846153871,0.030493566666666583,0.03357629999999974,0.025397440000000285,0.022012319999999818,0.0268817449999998,0.032313259706936034,0.031540324468683795,0.031813751887965334,0.03238374725024195,0.030770087291175124,0.03236034759400784,0.030137773943857808,0.03168223438035918,0.027590529604848358,0.025857315984979583,0.029983254867932612,52.537291013765476,55.69950344148953,38.759412518983744,50.84787577213753,56.53467967862888,51.7551758106382,56.7576478177391,55.42570695492861,55.420876750928755,48.53072594711194,21.589351675402646,0.0016136599590668259,-0.0009681443616560099,0.002581804320722836,0.02815554895087532,0.03357629999999974,0.03899705104912416,-0.0087,46.20904836193442,50.367887315024134,42.31163373665312,35.872749797175715,-17.235918281159158,0.002373999999999724,54.37510359158822,0.032266,-3.3533750697328557,-1
2020-02-25,0.031194,0.031288,0.028661,0.02881,0.02881,6417970.0,44,0.1478821331996482,0.03338835714285706,0.0333493333333331,0.03113399999999955,0.03269400000000012,0.03247934615384593,0.03319600000000025,0.03083109999999992,0.03347609999999974,0.025636020000000287,0.022035179999999818,0.0268074949999998,0.031846158412677884,0.031292113153348906,0.030812501258643557,0.03183393998097396,0.03062489563997697,0.03185315508057815,0.030052111108770208,0.0314086882488964,0.02763835197328568,0.025915784975376027,0.029971580690142236,46.27062494765482,50.86845894613729,26.80596336463555,43.925999404237025,52.33214382294969,45.182005729750394,52.94273054326565,50.44059947189102,52.861966691518795,47.47108313184994,21.511567441943644,0.001209044340996994,-0.0010982079837806736,0.0023072523247776675,0.027773596619926982,0.03347609999999974,0.039178603380072494,-0.006038999999999996,3.5083588415352,36.58027546907215,39.78975109609691,39.0727969379683,-38.43467543138856,0.004800999999999736,44.732989023129214,0.031184,-7.612878399179069,-1
2020-02-26,0.028777,0.02888,0.02262,0.024009,0.024009,34091194.0,41,0.1472776411817459,0.03253978571428563,0.03302528571428548,0.02957759999999955,0.03137108333333345,0.032592038461538235,0.032025923076923334,0.03099326666666658,0.03308269999999973,0.025771480000000287,0.022021109999999827,0.0267137549999998,0.030801203957654174,0.03063001195758992,0.02854466750576237,0.03063010306082412,0.030134829296274968,0.03073256149763841,0.02966223297272052,0.030703956034715787,0.02749602444492153,0.02587802685705175,0.029912251529046287,36.7678346407556,42.97204182918375,15.331491630909653,33.835069416170285,45.26561232904847,35.392372299968756,46.42226646728713,42.351934806274365,48.265060438492,45.44435712993333,21.355190584874176,0.0004952737645491506,-0.0014495828481828135,0.0019448566127319641,0.025997702088195743,0.03308269999999973,0.04016769791180372,-0.008978000000000003,13.501166407465018,21.072857870311445,33.622637438814394,38.574674090521434,-49.773755656108534,-0.0006150000000002681,43.22998992041857,0.02881,-16.664352655328006,-1
2020-02-27,0.024018,0.025784,0.022492,0.024624,0.024624,11376712.0,39,0.14707580954440053,0.031497214285714205,0.03267990476190452,0.02817859999999955,0.03051900000000012,0.032294192307692086,0.030852076923077176,0.03116363333333325,0.03271724999999973,0.025938680000000283,0.022024029999999827,0.0266233749999998,0.029977576763300283,0.030084010870536287,0.027237778337174917,0.029706087205312717,0.02972661971877312,0.029859909855118643,0.029337185684157906,0.030124912602838092,0.027383396035316768,0.025853194642060626,0.029859632110846825,38.501312352874116,44.135797734302905,20.558727855319816,35.879224420801265,46.23144078731521,37.267461275000315,47.28170997257365,43.56909109106554,48.84628385258181,45.74405112774621,21.428722133369,-2.0532513460402857e-05,-0.0015723113009538936,0.0015517787874934907,0.02469106391288444,0.03271724999999973,0.040743436087115024,-0.008471,20.46850998463903,12.492678411212985,28.742100559863967,34.05149636492506,-69.00529500756423,0.0005159999999997321,44.432285648895395,0.024009,2.5615394227164856,1
2020-02-28,0.024582,0.025435,0.0234,0.024108,0.024108,7324368.0,40,0.1469462349255872,0.030370357142857064,0.03230728571428548,0.026546999999999543,0.02977908333333345,0.03204484615384593,0.030025846153846406,0.03128299999999992,0.03235809999999974,0.026107180000000292,0.022025179999999825,0.026530329999999804,0.029194966528193582,0.029540737155032987,0.02619451889144994,0.028844843019879995,0.029310425665530663,0.02903820844724455,0.02899981886582513,0.029551873307329706,0.02725494913197101,0.02581863633231685,0.029802401940589644,37.57529231379136,43.35807984640387,19.35559763563345,34.89919730185586,45.53141207185109,36.31513660041522,46.63316085241794,42.77348134600445,48.381115892484466,45.53209209325416,21.411841128020747,-0.0004655826456506744,-0.001613889146515332,0.0011483065008646575,0.02346696163467676,0.03235809999999974,0.04124923836532272,-0.00953,15.633162426235874,16.534279606113206,19.864049204361727,27.40959573434667,-75.10950295181863,-0.00021300000000026853,42.41970013318264,0.024624,-2.0955165692007727,-1
2020-02-29,0.024143,0.025316,0.024098,0.024321,0.024321,5549105.0,38,0.14684845921450482,0.02961835714285706,0.03197538095238072,0.02517439999999955,0.02904791666666678,0.031817115384615166,0.029359230769231026,0.03138416666666658,0.03176209999999974,0.026281340000000285,0.022044889999999828,0.0264394599999998,0.028545104324434436,0.029066215595484533,0.025570012594299963,0.028148867170667686,0.028940838579195063,0.028364321526209612,0.028697959584159,0.02905369489710783,0.02713989230326626,0.02578898016732048,0.029747860627747955,38.23234334671137,43.78643649531289,21.62750804565847,35.684795913123445,45.88267720921389,37.03045658350111,46.94358673749752,43.222861917682465,48.587263859212605,45.637111873716925,21.437516290619733,-0.0007919714085273741,-0.0015522223275136256,0.0007602509189862513,0.022382251883187033,0.03176209999999974,0.04114194811681245,-0.006768999999999994,20.79354251932702,18.965071643400535,14.780948035840245,21.129032600021947,-65.0599431467061,5.4999999999735816e-05,39.14624304621015,0.024108,0.8835241413638562,0
2020-03-01,0.024333,0.025107,0.023846,0.024266,0.024266,5930071.0,39,0.14674399666953614,0.028995428571428488,0.031405142857142625,0.024265599999999547,0.02826691666666678,0.031602461538461316,0.028680076923077176,0.03149039999999992,0.03125294999999974,0.026446720000000284,0.022078649999999825,0.026365984999999804,0.02797455708117651,0.028629832359531388,0.02513534172953331,0.027551502990564962,0.028594554239995424,0.027778847022465386,0.028412026707761644,0.02859772395452613,0.027027190644314646,0.025758822144205214,0.02969331475085494,38.12133465314084,43.69704296971285,21.44034800278491,35.56474120156692,45.80347070941377,36.915154648004005,46.87084013578626,43.131033053807506,48.53621105849425,45.61417497506643,21.43569892258745,-0.0010430512494304619,-0.0014426417347333704,0.00039959048530290866,0.021393946367746133,0.03125294999999974,0.04111195363225335,-0.0068489999999999975,27.77082028804009,21.399175077867557,19.633440325141226,18.09281252178103,-60.667826086956396,-0.0012440000000002655,37.33510132119187,0.024321,-0.22614201718679228,0
2020-03-02,0.024255,0.025778,0.023945,0.02551,0.02551,4809920.0,38,0.14665986147954274,0.028453642857142775,0.030979476190475964,0.024565799999999548,0.027801916666666784,0.03139846153846132,0.02805484615384641,0.031261799999999916,0.030713749999999738,0.02663416000000028,0.022117219999999826,0.0262984599999998,0.02764594947035297,0.02834621123593763,0.025260227819688872,0.027237425607401125,0.028366068740736505,0.027454726019256043,0.02822479917822864,0.028303655006476025,0.02696769297198858,0.02575389497303284,0.02965168972845837,42.189107231317955,46.29505876039252,36.382751849161316,40.471980350366685,47.9153539114565,41.36244760680089,48.72785779904388,45.8625893861726,49.75423124805718,46.23151355594147,21.5868047873846,-0.001128643133335383,-0.0012225868949106331,9.394376157525028e-05,0.020836030981940142,0.030713749999999738,0.04059146901805934,-0.006281000000000003,91.67679222357228,46.7470516769797,35.26856548836268,23.22765128311468,-48.90078009154779,-6.300000000027117e-05,40.29808444605955,0.024266,5.126514464683107,1
2020-03-03,0.025463,0.02619,0.025076,0.025573,0.025573,4874387.0,38,0.14657509215643438,0.027877571428571345,0.030468952380952145,0.02475559999999955,0.02734008333333345,0.031155999999999774,0.02763046153846179,0.03109453333333325,0.030197949999999738,0.026825460000000283,0.022172809999999824,0.0262328149999998,0.027369556207639246,0.028094101123579664,0.025364485213125915,0.026981360129339414,0.028159174759941213,0.02718590801650518,0.0280537153602784,0.028043592624906882,0.02691299912994981,0.025750312894358918,0.029611105751060775,42.394583862685096,46.42621425015059,37.10970424324382,40.719669247644845,48.02187353601244,41.5870347040955,48.821469794664154,46.00051151006614,49.81558511435779,46.262713583169905,21.59447997393192,-0.0011778146306017992,-0.0010174067137416396,-0.00016040791686015962,0.02038091392731636,0.030197949999999738,0.040014986072683126,-0.006046000000000003,77.8853046594982,65.77763905703675,46.7519244233345,33.884643412279445,-53.65577805867861,7.999999999730445e-06,42.238532038516155,0.02551,0.24696197569580303,0
2020-03-04,0.025591,0.025889,0.024828,0.025565,0.025565,3390218.0,40,0.14651611325164546,0.027482928571428488,0.0299773333333331,0.025046999999999552,0.02682125000000012,0.0309110769230767,0.02720353846153872,0.03093863333333325,0.02951519999999973,0.026983500000000285,0.022222089999999826,0.026163759999999803,0.027128948713287342,0.02786418283961788,0.02543132347541728,0.026763458570979504,0.027967013666612237,0.02695434972843301,0.02789315307897012,0.027807536184439558,0.026860136418971392,0.02574664333209439,0.02957084599234375,42.37409273617526,46.41113612820719,37.04519919417975,40.69637480236153,48.00892616016519,41.565263942017566,48.80977623505441,45.98489117461257,49.8077076108807,46.25927090237837,21.59421022942262,-0.0012035550956327294,-0.0008345177430180557,-0.00036903735261467364,0.02047119849625517,0.02951519999999973,0.0385592015037443,-0.006701000000000002,73.33617747440283,80.966091452491,58.2925274329679,46.771005781555004,-44.231846929789256,-0.0010880000000002624,50.45898804199243,0.025573,-0.03128299378249988,0
2020-03-05,0.025567,0.026941000000000003,0.025523,0.026653,0.026653,7056883.0,41,0.14639448680307168,0.0271642142857142,0.02937890476190453,0.025513399999999548,0.02640741666666678,0.030732692307692086,0.026808307692307944,0.030832166666666588,0.028853649999999738,0.027140160000000284,0.022279919999999828,0.026095609999999804,0.027065488884849036,0.027754075308743523,0.025838548983611518,0.02674646494467496,0.027869679320937254,0.02691129976722829,0.02781314320290753,0.027697580357350083,0.026852013422148983,0.0257645909888846,0.029541812698887594,46.165645464419406,48.78117717302838,50.95750031758601,45.30622727929387,49.916014713219354,45.72654222579421,50.47673367757838,48.48297319454058,50.885104390906925,46.80303780273793,21.727845814642638,-0.0011232143762622898,-0.0006033416189180927,-0.0005198727573441968,0.02116978402472085,0.028853649999999738,0.03653751597527862,-0.004531,90.69466882067829,80.63871698485967,72.27275269323815,59.10573484984682,-32.92017116718298,0.0002069999999997352,50.800503613591964,0.025565,4.255818501858011,1
2020-03-06,0.026781,0.0271,0.025978,0.026446,0.026446,6449919.0,39,0.14628366207915147,0.026782428571428485,0.02873899999999976,0.025949399999999543,0.02592241666666678,0.030355961538461318,0.026410384615384863,0.03068656666666658,0.02843349999999973,0.027298800000000286,0.022330099999999832,0.026016954999999804,0.02698289036686916,0.027635159371585026,0.02604103265574101,0.026700239568571125,0.02776422159346042,0.02684482837190997,0.027724940415623168,0.02757838222807864,0.026836091327162748,0.02577808423662946,0.029511008592431,45.55465176950219,48.35492474538948,48.50999287028828,44.59178977391592,49.556863161790936,45.06894615457581,50.15563456661778,48.03914239878913,50.674015400435636,46.71221341388846,21.720767063314124,-0.0010639820248892935,-0.00043528741403607736,-0.0006286946108532162,0.02122574731718839,0.02843349999999973,0.035641252682811084,-0.002364000000000005,79.27099841521391,81.10061490343156,82.57278831867292,71.04602281495961,-40.848299579671284,0.0009079999999997353,52.03950760807154,0.026653,-0.7766480321164559,0
2020-03-07,0.026485,0.027025,0.025487,0.025538,0.025538,5948504.0,38,0.14618121577795098,0.026348071428571342,0.028295619047618813,0.025954999999999544,0.025451916666666786,0.03001323076923055,0.0258928461538464,0.03047526666666658,0.02806104999999973,0.027415280000000285,0.022372159999999832,0.0259380249999998,0.026790238317953272,0.027444508519622747,0.02587335510382734,0.026521433481098644,0.027599316290241132,0.026658138604494255,0.02758384748558296,0.02738406011111877,0.026785185784921072,0.025773330093329862,0.029471476168625717,42.88704005155903,46.4882168412289,38.720618433027155,41.48324799823006,47.98417788711916,42.20197199044409,48.74998114785705,46.09560668472102,49.750617122790146,46.314034794622145,21.68961596147431,-0.0010778828091424844,-0.00035935055863141465,-0.0007185322505110697,0.02107767505135094,0.02806104999999973,0.035044424948648525,0.0015289999999999993,31.249999999999954,67.0718890786306,70.48742987395845,75.1109902952898,-43.9982635120468,0.0039739999999997356,48.33279962155475,0.026446,-3.433411479996973,-1
2020-03-08,0.025479,0.025593,0.021381,0.021564,0.021564,10571906.0,33,0.14599478162404295,0.02558364285714277,0.027751666666666428,0.025153199999999543,0.024848083333333448,0.029446692307692087,0.025152846153846404,0.03012963333333325,0.02748449999999973,0.02745262000000028,0.02236842999999983,0.0258472299999998,0.02609340654222617,0.026909916836020682,0.02443690340255156,0.025758751407083467,0.027152255824297342,0.025930404518137933,0.027195470228448582,0.0268297686719646,0.026580433401198682,0.025689977022174817,0.02939279481371402,33.64754052046989,39.49710404721301,18.797727901667567,31.17807615295617,41.935599684801296,32.467335778736924,43.266092232833365,38.869034485711296,46.007969066713706,44.63229016396964,21.553650946212873,-0.0013935044172138748,-0.0005399777333622442,-0.0008535266838516308,0.020348696205807808,0.02748449999999973,0.03462030379419166,-0.00306,3.199860115404777,37.90695284353943,55.55034096513975,69.53685305259033,-62.409610450198244,0.00020399999999973215,37.36252421289168,0.025538,-15.561124598637333,-1
2020-03-09,0.021622,0.022488,0.020352,0.02136,0.02136,7799195.0,17,0.14585599401884675,0.024881928571428485,0.027192857142856908,0.02431219999999954,0.024627333333333445,0.0288878846153844,0.02457976923076948,0.029798599999999918,0.02687059999999973,0.02750758000000028,0.022371339999999837,0.0257524499999998,0.025462285669929342,0.02640537894183698,0.023411268935034372,0.025082020421378318,0.026723199837312358,0.025277489586975368,0.02681898827822609,0.026308838322253687,0.026375710522720298,0.025604234902923833,0.0293128665071099,33.25351400531503,39.180237656080116,18.220233791073728,30.753224265797037,41.65568720230772,32.05852949088124,43.00945428567295,38.543337505178336,45.82745595921196,44.548420785657186,21.546682690239173,-0.0016411794159340368,-0.0006301221856659247,-0.001011057230268112,0.019852202690091362,0.02687059999999973,0.0338889973099081,-0.0027480000000000004,14.93775933609957,16.462539817167986,43.8706573374791,56.63614272552572,-60.3810694529809,0.00014499999999973562,34.812015475629856,0.021564,-0.9460211463550361,0
2020-03-10,0.021383000000000003,0.021753,0.020893,0.021215,0.021215,5967523.0,16,0.14574991362712786,0.024339428571428484,0.02660128571428548,0.023224599999999544,0.024343250000000108,0.0281953846153844,0.0243648461538464,0.02929773333333325,0.026376849999999737,0.027559840000000283,0.02237805999999984,0.0256536449999998,0.02489598091393877,0.02593352631076089,0.02267917929002292,0.024487094202704732,0.02631518503454848,0.024697133931693174,0.026457440647372796,0.02582371086299143,0.026173329717907732,0.025517319360291675,0.0292322907209695,32.9595766342145,38.94757186593347,17.754988822854642,30.43388991024955,41.45146285309096,31.75249436230607,42.82289045399618,38.30379701131,45.69746719460653,44.488405717559175,21.541707756774727,-0.001828090831843748,-0.0006536268812605086,-0.001174463950583239,0.0192202303547275,0.026376849999999737,0.03353346964527197,-0.003106000000000001,12.788974510966206,10.308864654156736,28.28951847553668,42.57017225938513,-54.091588918168156,0.0012849999999997375,34.84782101247033,0.02136,-0.6788389513108561,0
2020-03-11,0.021236,0.021361,0.018931,0.01993,0.01993,6095574.0,17,0.14564068911662195,0.024048071428571342,0.026069857142856912,0.021921399999999543,0.023995083333333445,0.027427923076922857,0.02400376923076948,0.028813766666666588,0.025817599999999736,0.027584760000000284,0.022374879999999837,0.0255492099999998,0.0242338501254136,0.025387751191600808,0.02176278619334861,0.023786002786904,0.025842208365322663,0.02401611479859415,0.026036315444316484,0.025262405066516055,0.02592849325838194,0.02540667937295916,0.02913973061429319,30.40748583289012,36.912510272488326,13.963303491283968,27.674968345760284,39.661957886853216,29.101197533460994,41.18683686558804,36.20978124022411,44.555081881821174,43.95834475603172,21.4975002511698,-0.002056205578418662,-0.0007053933022683385,-0.0013508122761503234,0.01847431347350131,0.025817599999999736,0.033160886526498165,-0.004336,12.342475908080056,13.356403251715165,14.903813974109907,29.021329929041844,-38.75534441805212,0.007348999999999738,35.33053296556401,0.021215,-6.057035116662746,-1
2020-03-12,0.020038,0.020402,0.011959,0.012581,0.012581,17273940.0,14,0.14531967858626274,0.02318785714285706,0.02518728571428548,0.019329999999999545,0.023016750000000117,0.026571461538461315,0.023117076923077167,0.02802333333333325,0.024857099999999733,0.02744572000000028,0.022299579999999836,0.0254132899999998,0.02268013677535845,0.024223501083273462,0.018702190795565742,0.022062156204303383,0.02485989663455802,0.02238252697022356,0.025168230576941227,0.02405465220303834,0.0254050621502101,0.025152705523989675,0.028974967125593755,20.622745222671547,28.11185236116529,5.663226022414838,17.721571120899302,31.568078475254897,19.217984651477934,33.60048970514466,27.260527915378642,38.8845607861398,41.12785534687004,21.24688794679974,-0.002797740430254634,-0.0011575425232834484,-0.0016401979069711856,0.015945685819609392,0.024857099999999733,0.033768514180390084,-0.012928999999999998,4.562124101510923,9.897858173518948,9.566238794412099,17.586523748019513,-69.77808679529521,-0.002841000000000264,23.88256459433971,0.01993,-36.87405920722529,-1
2020-03-13,0.012457,0.016666,0.008971999999999999,0.015422,0.015422,19069657.0,10,0.14496362404610166,0.022567428571428485,0.02440780952380929,0.018101599999999544,0.022279750000000112,0.025895884615384397,0.022432538461538712,0.02734109999999992,0.02404724999999974,0.027384020000000283,0.022255449999999836,0.0252944149999998,0.021712385205310655,0.023423364621157697,0.01760879386371049,0.021040593711333638,0.024160793180146314,0.021388165974477336,0.024539441507461148,0.023232494850368025,0.025013569516868527,0.024960018285890867,0.028840111731309237,29.958139925756306,34.44199718513287,26.053969694048003,28.49223559103805,36.7498420909967,29.22480359737273,38.151295532430666,33.89251707422514,41.8050408765596,42.57166774861893,21.601969920712122,-0.0031201994688126802,-0.0011840012494731954,-0.0019361982193394848,0.01478619552157476,0.02404724999999974,0.03330830447842471,-0.010151,47.721219295649604,21.541939768413414,18.470510630461067,14.313521132994303,-44.35253267973852,0.0008479999999997344,37.63055708587709,0.012581,22.58167077338844,1
2020-03-14,0.015394,0.015722,0.014356,0.014574,0.014574,5140732.0,8,0.14486884190793214,0.0218712142857142,0.023596142857142625,0.01674439999999954,0.021368416666666782,0.02518353846153824,0.021687000000000248,0.026519566666666588,0.023162649999999733,0.027305800000000286,0.022201159999999838,0.0251748449999998,0.02076060051126924,0.02261887692832518,0.016597195909140328,0.020045733140359227,0.02345066035198733,0.020414713692409145,0.023896509797302363,0.022407876293190115,0.024604174633854076,0.024754354557457392,0.0286981603707987,28.87220354623188,33.519051635373465,24.181794705265,27.33515202580644,35.9070629462214,28.1056633851438,37.36150335153408,32.95094102625211,41.20554831257422,42.259226441383255,21.572791758632007,-0.0034049272116281025,-0.001174983193830894,-0.0022299440177972088,0.013827508261739604,0.023162649999999733,0.03249779173825986,-0.010990999999999999,43.830686174790706,32.038009857316965,24.24909599819929,17.4286151410241,-48.207131905633275,-0.0005250000000002683,38.27795881885423,0.015422,-5.498638308909354,-1
2020-03-15,0.014574,0.015875999999999998,0.014448,0.015099,0.015099,3443653.0,12,0.1448055522260258,0.021216428571428487,0.022778666666666437,0.015521199999999544,0.020495583333333442,0.02447049999999978,0.020886153846154096,0.02569339999999992,0.02235839999999973,0.027239500000000284,0.02215096999999984,0.0250746599999998,0.02000572044310001,0.02193525175302289,0.016097797272760218,0.019284697272611652,0.022832018844432717,0.019655326022064986,0.02332892852005705,0.021711792836695814,0.024231422687428426,0.02456315941770576,0.028562845342233537,30.54228143560952,34.65476442971304,28.02420471345859,29.261866466005912,36.83831211345331,29.8955544216216,38.180222350370045,34.140329922627075,41.733191098557505,42.52299724353374,21.638647858830186,-0.003547321571821059,-0.00105390204321908,-0.0024934195286019784,0.01316249504411772,0.02235839999999973,0.03155430495588175,-0.011553999999999995,49.45516183711358,47.002355769184504,31.582333463428768,24.767313364029654,-44.308569771376035,0.0019579999999997343,41.915598289030825,0.014574,3.6023054755043082,1
2020-03-16,0.015094,0.015121,0.012658,0.013141,0.013141,5907686.0,9,0.1446958654673316,0.020332928571428488,0.021919476190475958,0.014163399999999543,0.01946025000000011,0.023780153846153625,0.019929846153846402,0.024969799999999917,0.021574949999999732,0.027128640000000287,0.02207981999999984,0.0249772599999998,0.01909042438402,0.0211357743209299,0.015112198181840147,0.018339513076825246,0.02211416559669696,0.018724708018912843,0.022671642809085627,0.0208955268522486,0.023796504150666524,0.02433697804309772,0.028409394144798383,27.92248224959234,32.48641219080346,22.84312425046813,26.430395367341234,34.87575141505006,27.177947527070607,36.349245848972906,31.92277438897579,40.35547516437776,41.803658957046096,21.570756566256666,-0.0037746525198717115,-0.0010249863930157862,-0.002749666126855925,0.012030112707695521,0.021574949999999732,0.03111978729230395,-0.013304999999999996,36.47419072615924,43.25334624602106,36.40867642704461,30.746701962890835,-57.79096388356768,-0.0008470000000002642,38.924030428107535,0.015099,-12.967746208358166,-1
2020-03-17,0.01316,0.014375,0.013061,0.013988,0.013988,3372272.0,8,0.14463341557031614,0.019505428571428486,0.02121366666666644,0.014444799999999544,0.018404833333333443,0.023121423076922856,0.019039307692307945,0.024336499999999917,0.021073899999999736,0.027025520000000282,0.02201472999999984,0.024878129999999804,0.018410101132817342,0.020485976655390814,0.014737465454560096,0.01767004952654444,0.02151222740434904,0.01804803544478244,0.022111407789144617,0.020237667152034445,0.02341185692907176,0.02413204778481856,0.028265897685646163,30.67841709127478,34.348022614018376,29.59951360261363,29.62179453106177,36.39789630498068,30.136542433137432,37.68506488028179,33.873701421815056,41.211801175974564,42.23063059875261,21.677589901122378,-0.0038421778778045955,-0.0008740094007589357,-0.002968168477045659,0.011028112154773402,0.021073899999999736,0.03111968784522607,-0.01155,65.193657395373,50.37433665288182,48.534983085817025,38.841997658763404,-52.2152611889845,-0.0001280000000002668,39.99490110070696,0.013141,6.445475991172667,1
2020-03-18,0.013988,0.014421000000000003,0.013661,0.014116,0.014116,3689218.0,11,0.14456529908318078,0.01868764285714277,0.0207425714285712,0.014183599999999543,0.01737733333333344,0.022441615384615164,0.018074923076923332,0.023703866666666584,0.020548499999999737,0.026917580000000284,0.021955879999999837,0.024780644999999803,0.017837554315108358,0.01990688786853711,0.014530310303040063,0.01712327267630684,0.020964358707730592,0.017486316095527803,0.021595575028554644,0.019654651232793068,0.023047313520088552,0.02393371020492116,0.02812510268379893,31.10494451603435,34.633376382492884,30.69999101086905,30.118085264536585,36.63033672076685,30.59544638530589,37.88862010271554,34.173037354378664,41.34161632497051,42.29524998786981,21.69378999702702,-0.003841086031423753,-0.0006983340435024753,-0.0031427519879212783,0.010190202405686818,0.020548499999999737,0.03090679759431265,-0.007448000000000001,45.307644499689296,48.99183087374039,48.05226812662496,44.331975879828796,-51.32469628367773,-0.0027900000000002645,40.450633292686,0.013988,0.9150700600514705,0
2020-03-19,0.014109,0.017571,0.014109,0.016906,0.016906,12940552.0,12,0.14433081933521572,0.017991428571428488,0.020375047619047387,0.014649999999999544,0.01665800000000011,0.02187573076923055,0.017341076923077174,0.02314613333333325,0.02018839999999973,0.026845160000000288,0.02193256999999984,0.024699369999999804,0.017713347073093914,0.01963407988048828,0.015322206868693376,0.017089846110721167,0.020663739544194988,0.017403413796166688,0.02129302180090596,0.019392874924908016,0.022806477695771352,0.02379454762660589,0.02801346982127357,39.76088966620142,40.53528848378944,50.81149582124334,40.093446903994014,41.47193733741747,39.86720340484642,42.14523087293145,40.352625148350185,44.0866347212969,43.682093100686,22.046993261720356,-0.003573893433473821,-0.0003449131564420343,-0.003228980277031786,0.009850402751233124,0.02018839999999973,0.030526397248766345,-0.004454,86.46448198656626,65.65526129387608,56.57902728898007,51.05542616714062,-40.59727602149186,-0.0001040000000002636,54.49367023969557,0.014116,19.764805894020967,1
2020-03-20,0.016912,0.018742,0.016112,0.01701,0.01701,9809477.0,9,0.14415515477029014,0.01731742857142849,0.020037047619047392,0.015032199999999545,0.01627850000000011,0.02128896153846132,0.016685076923077174,0.022676799999999917,0.019822849999999736,0.02675964000000029,0.021909229999999842,0.024617714999999804,0.017619567463348057,0.019395527164080256,0.015884804579128917,0.01707756209368714,0.020393092170550915,0.01734721182528573,0.02101669781375073,0.01916593445586916,0.02257916484495679,0.02366020014885132,0.027903982559370342,40.061652085268605,40.74421806787999,51.44184878845692,40.43679382920443,41.64452459422292,40.18796067301353,42.29755075140318,40.57098493326506,44.18594359630787,43.73300508230496,22.06016318346342,-0.003315530076863773,-6.923983986558899e-05,-0.003246290236998184,0.009583568605100658,0.019822849999999736,0.030062131394898814,-0.0042049999999999995,71.53188691650233,67.76800446758585,60.994372304857826,55.20855590682089,-39.4712624445745,0.00011699999999973536,44.59903106541724,0.016906,0.6151662131787416,0
2020-03-21,0.016982,0.01734,0.015995,0.016893000000000002,0.016893000000000002,4259185.0,9,0.1440787067871124,0.01669992857142849,0.0196833333333331,0.015782599999999543,0.015906250000000108,0.020739307692307474,0.01632576923076948,0.02220273333333325,0.01945419999999973,0.026675920000000287,0.021889349999999842,0.0245378899999998,0.017522691801568315,0.019168024694618414,0.01622086971941928,0.017049167925427582,0.02013382608384344,0.017282324421673486,0.020750652793508757,0.018949464507691145,0.022356177988291814,0.02352619618550773,0.027794420543854226,39.821998561958935,40.576195408080025,50.56702346789189,40.15629753830041,41.5015523096201,39.92991257102502,42.16848874330953,40.39629628127357,44.096071468521245,43.68812942302465,22.055950152227712,-0.003084658158415857,0.0001293056628658613,-0.003213963821281719,0.009358572189708505,0.01945419999999973,0.02954982781029097,-0.003036999999999998,67.45291321950366,75.14976070752398,67.1901168035267,61.587838799121464,-37.399956738048786,0.001082999999999737,48.084282694915046,0.01701,-0.6878306878306817,0
2020-03-22,0.016868,0.017918,0.015547,0.01581,0.01581,5008023.0,11,0.14398871124609747,0.01628892857142849,0.01928066666666644,0.016146999999999544,0.015455833333333441,0.020239307692307473,0.015898846153846406,0.021670033333333248,0.01896919999999973,0.02634476000000029,0.02185854999999984,0.024454539999999803,0.01729433289469254,0.018862749722380376,0.016083913146279518,0.01685852670613103,0.01981354267022541,0.017071992361434418,0.02043190100037916,0.018650467887911037,0.022099465126005864,0.02337340022143827,0.02767517257824373,37.59174972241246,39.01595994313322,42.532664878379116,37.544714066524186,40.17571400141736,37.527842999649,40.97268299849507,38.77367200729785,43.26522153649014,43.27300096678508,22.016834597403783,-0.002955015964094376,0.0002071582857498745,-0.00316217424984425,0.009170907353897471,0.01896919999999973,0.028767492646102,0.003229000000000001,42.294823853572154,60.426541329859255,62.61035009516654,63.59827973451697,-28.451344936708754,-0.0014480000000002616,44.88506959558977,0.016893000000000002,-6.410939442372587,-1
2020-03-23,0.015792,0.017273,0.01554,0.017258000000000003,0.017258000000000003,4326668.0,10,0.14391122346077465,0.01599592857142849,0.018887714285714056,0.016775399999999545,0.015233166666666775,0.01997965384615363,0.015594461538461788,0.02119133333333325,0.018553449999999732,0.02607810000000029,0.021846149999999842,0.0243773149999998,0.017289488508733537,0.01871686338398216,0.016475275430853014,0.016919984135957026,0.019624243213171674,0.017098564881229503,0.020227133193903082,0.018517851898586173,0.02190960374851544,0.023252303187350384,0.027571519119753744,42.22685505406415,42.13266561107745,54.206402645560225,42.921525624219626,42.716601963498825,42.50775088741084,43.19812270428356,42.0419542721805,44.68654763772092,43.991676902889175,22.202229181611262,-0.0027042590772146484,0.0003663321381036813,-0.0030705912153183297,0.00924140766707191,0.018553449999999732,0.02786549233292756,0.0018360000000000023,67.96891862723946,59.2388852334383,67.14260492067658,65.64769060645655,-19.107508850381844,0.0001379999999997425,52.432674269180964,0.01581,9.15876027830489,1
2020-03-24,0.01726,0.017536000000000003,0.016659999999999998,0.01712,0.01712,5420831.0,12,0.14381458922517926,0.01570342857142849,0.018485190476190246,0.01681819999999954,0.015611416666666772,0.019691038461538246,0.015378307692307941,0.020686466666666584,0.018131199999999736,0.025815660000000292,0.02183296999999984,0.024305899999999804,0.0172668900409024,0.018571693985438325,0.016690183620568674,0.016950755807348252,0.0194387437158997,0.01710162704105386,0.02002667298784482,0.01838472314633987,0.02172177615053444,0.02313087144106622,0.027467523904631815,41.90902213490393,41.9187699182157,52.975688325914184,42.543379001116655,42.53779521389593,42.162798271304155,43.03832552145224,41.81857114982947,44.57798621904325,43.9380952115689,22.197174771568246,-0.0024879879085514464,0.0004660826454135064,-0.002954070553964953,0.009410756104989084,0.018131199999999736,0.02685164389501039,0.002546,49.34415990006247,53.2026341269579,59.71854050337581,63.15716517307291,-19.081123899165824,0.0007579999999997379,51.83146899590663,0.017258000000000003,-0.7996291574921877,0
2020-03-25,0.017118,0.017199000000000002,0.01612,0.016362,0.016362,3517816.0,13,0.14375168838669206,0.015448571428571346,0.01804695238095215,0.016688599999999543,0.01568975000000011,0.01939311538461517,0.015669153846154096,0.02019239999999992,0.017616649999999737,0.02554596000000029,0.021822889999999838,0.024223869999999804,0.017146238035448746,0.018370812714034842,0.01658078908037912,0.016860177990833138,0.019210836773981204,0.016995966035189027,0.01979024247249999,0.018192082846688454,0.02151158885051348,0.022996834382827284,0.0273570211792126,40.131367299596135,40.7289537605241,46.07982212616435,40.42414856359663,41.54583280405284,40.23157216742743,42.153278866908884,40.57518121365069,43.97938424866422,43.64319577794494,22.169314692837034,-0.0023506587831480658,0.00048272941665350975,-0.0028333881998015755,0.00985123500721035,0.017616649999999737,0.025382064992789125,0.0012630000000000002,34.56686291000848,50.62664714577002,52.32553570207703,59.72889370870973,-17.04404318333799,-0.00018200000000025834,50.30262452540906,0.01712,-4.427570093457933,-1
2020-03-26,0.01636,0.016597,0.016267,0.016544,0.016544,3091154.0,14,0.1436964283394251,0.015731642857142774,0.017565571428571198,0.01661879999999954,0.015853916666666776,0.019093999999999785,0.015755461538461787,0.019783533333333245,0.01712154999999974,0.02526056000000029,0.021831849999999837,0.0241420799999998,0.017065939630722247,0.01820473883094077,0.01656852605358608,0.016811535223012656,0.01901329330924185,0.016931399458733447,0.019580807474274185,0.01803512257557527,0.02131678144461099,0.02286905548415744,0.027249428928673162,40.77760351755392,41.149128365322646,48.02902269788357,41.1862094323914,41.88375009899787,40.931170757190586,42.44692343026233,41.01731547956883,44.16301356679733,43.734774869247104,22.192879952123217,-0.002201758086229199,0.0005053040908579013,-0.0027070621770871003,0.01055651327907582,0.01712154999999974,0.02368658672092365,0.003403,42.220353238015115,42.04379201602857,47.27902370577932,53.10769997041065,28.786227936369823,0.00032599999999973617,48.95740662621234,0.016362,1.11233345556776,1
2020-03-27,0.016557,0.016738999999999997,0.016189,0.016218,0.016218,3070103.0,12,0.1436415544489367,0.015788499999999917,0.017078523809523582,0.01670039999999954,0.015947166666666776,0.018784461538461326,0.015881923076923328,0.01952383333333325,0.016655549999999734,0.02494738000000029,0.021832239999999836,0.024052859999999808,0.016952881013292613,0.018024126209946152,0.016451684035724053,0.01672022211177994,0.01880623454559431,0.016829485250342953,0.01936385215335327,0.017862063282663338,0.021116829231096836,0.02273735141516422,0.02713966346669632,39.95000775584299,40.608923756935866,44.566140652497815,40.18866712273989,41.4381635512894,40.027385581772116,42.051816516486824,40.45126658812444,43.90010418843631,43.60658031167591,22.18079038753877,-0.0020860124338143715,0.0004968397946181831,-0.0025828522284325546,0.0114168225340145,0.016655549999999734,0.02189427746598497,0.002230000000000001,33.96793587174342,36.91838400658888,45.61364610941358,48.40606850575658,7.0742979025953545,0.00026799999999973373,46.5411187675407,0.016544,-1.9705029013539654,-1
2020-03-28,0.016149,0.016483,0.015108000000000003,0.01595,0.01595,4583409.0,8,0.1435593762193997,0.015886785714285638,0.016621952380952154,0.016438799999999542,0.01618125000000011,0.018416769230769015,0.01594738461538487,0.019234699999999917,0.016374849999999736,0.02462772000000029,0.02183251999999983,0.02396303999999981,0.016819163544853598,0.017835569281769232,0.01628445602381604,0.016601726402275332,0.018594661616291027,0.016703844500293958,0.01914360362733048,0.017679962017647783,0.020914208476936168,0.02260294841684413,0.02702832353170432,39.24839277516226,40.154922539963906,41.60678890413574,39.34008458433863,41.06519857679822,39.259914061570846,41.72191050322861,39.97507416344304,43.68204834049254,43.50070916975048,22.170811965923367,-0.0019929352140156953,0.0004719336115334874,-0.0024648688255491827,0.0116689895876243,0.016374849999999736,0.021080710412375168,0.0018339999999999988,34.67874794069175,36.95567901681664,38.95561197210404,43.94942726243225,12.893553223388587,0.000745999999999733,47.01017544281578,0.016218,-1.6524848933284098,-1
2020-03-29,0.015948,0.016679,0.0152,0.015204,0.015204,5383946.0,12,0.1434628644192151,0.01589428571428563,0.016319095238095008,0.016055599999999542,0.016282583333333444,0.018017961538461327,0.016106076923077174,0.018937899999999917,0.01606704999999974,0.02430598000000029,0.021823729999999836,0.02386995499999981,0.016603808405539783,0.0175963357106993,0.015924304015877355,0.01638669157115605,0.01834350149656577,0.01648958100025196,0.018889435651373673,0.017444156111205138,0.020690278732742595,0.022456434586807617,0.026910668571189844,37.2949560772528,38.88712814306121,34.05346441055084,36.985123672530776,40.023885679217905,37.12602325291177,40.80120045173407,38.64541104924962,43.074574764960104,43.20579679697675,22.14294496011198,-0.0019568099254097145,0.00040644712011157465,-0.002363257045521289,0.0119679183089264,0.01606704999999974,0.020166181691073072,-0.001702000000000002,4.59110473457654,24.41259618233711,30.005000939006845,38.19141967350808,0.9639217846325664,-0.00083200000000027,47.17246842533367,0.01595,-4.6771159874608,-1
2020-03-30,0.015197,0.016456000000000002,0.015109,0.016036,0.016036,2916430.0,10,0.1434107163159931,0.016101071428571347,0.016065571428571204,0.01599039999999954,0.016442583333333444,0.017651461538461324,0.01626361538461563,0.018661733333333253,0.01580809999999974,0.02390188000000029,0.021825039999999837,0.023782089999999804,0.016528100618134478,0.017454487009726637,0.015961536010584903,0.016332739021747433,0.018172575459783118,0.016424783714501685,0.018705343028704403,0.017310046005376074,0.02050775799812524,0.02232929726825697,0.02680246291376507,40.814913987904205,41.061322224518115,46.94407713758607,41.23534192711346,41.73504195091707,40.97901837070179,42.269415232267015,40.94567590509702,43.96111520459093,43.63622685060255,22.252478172549587,-0.0018398364380356887,0.00041873648598848064,-0.002258572924024169,0.012500305193195784,0.01580809999999974,0.019115894806803688,-0.0009739999999999992,56.89760882893942,32.055820501402444,34.471150122793034,34.477254344634574,29.640626599775125,-0.00014400000000026889,43.49588191177188,0.015204,5.472244146277294,1
2020-03-31,0.016021,0.016319999999999998,0.015979,0.01618,0.01618,2132800.0,12,0.14337269456766316,0.016257642857142776,0.015825809523809298,0.01591759999999954,0.016382083333333443,0.017248653846153632,0.016422384615384866,0.018392199999999918,0.015620599999999738,0.02353650000000029,0.02182485999999983,0.02369486999999981,0.016481687202383213,0.017338624554296942,0.016034357340389934,0.016309240710709362,0.01802497727757696,0.016389814612430016,0.0185424176720138,0.01720242257629264,0.02033804199819876,0.02220752900551921,0.0266967667653694,41.42466449212756,41.43908228753534,49.01399435615871,41.96922652839053,42.03229548905025,41.64555697228456,42.52435649880102,41.34530951460777,44.1147638357047,43.710800292794616,22.271499173689595,-0.0017157365668676006,0.00043426908572525517,-0.002150005652592856,0.012928808157002937,0.015620599999999738,0.01831239184299653,-0.0007130000000000017,65.72654812998165,42.405087231165744,39.17238910118634,34.549513387662,24.18358340688476,-0.00026700000000026697,42.76633025319628,0.016036,0.8979795460214435,0
2020-04-01,0.01618,0.016447999999999997,0.015791,0.016447,0.016447,3147198.0,12,0.1433166608845832,0.016424142857142776,0.015659952380952153,0.01596339999999954,0.016335166666666776,0.01686407692307671,0.016387076923077174,0.018090099999999918,0.01581389999999974,0.02313956000000029,0.02183025999999983,0.02360678499999981,0.01647706224206545,0.017257567776633585,0.01617190489359329,0.016330434447523308,0.017908090071830522,0.01639798395351144,0.01840722943510968,0.017130477569026675,0.020185452115916457,0.022093459124221795,0.026594779036360747,42.59947478772083,42.15919771812226,53.086372816207145,43.38933237011382,42.59619209734337,42.932447421998894,43.00657971077186,42.108032232953,44.40306011707406,43.84992511247852,22.306918801472712,-0.0015776556243072145,0.0004578800226285131,-0.0020355356469357274,0.013514529294390495,0.01581389999999974,0.01811327070560897,0.0006369999999999987,85.23233609166135,69.28549768352734,49.42526914516993,41.02293612304969,25.328697163968638,-0.0005230000000002663,48.58946366450578,0.01618,1.6501854140914762,1
2020-04-02,0.016402,0.017397,0.016402,0.01697,0.01697,3677530.0,14,0.14325160492882635,0.016428714285714203,0.015868952380952154,0.016167399999999544,0.01634158333333344,0.016534538461538243,0.016384000000000253,0.01780333333333325,0.01589129999999973,0.02276118000000029,0.021845079999999836,0.02352349999999981,0.016542787276456725,0.017231425251485074,0.01643793659572886,0.016428829147904337,0.017838601918361594,0.016479700531581234,0.018314504955425186,0.01711519399102414,0.02005935595450797,0.021992004488098592,0.02649901009072532,44.91802299148448,43.582834880995456,60.5019429732164,46.18397637882994,43.710038168706795,45.46923638699878,43.95829376987599,43.616025314273,44.97025208574024,44.123151878829404,22.376551483594408,-0.0014097727704572571,0.0005006103011827763,-0.0019103830716400332,0.013543762961510835,0.01589129999999973,0.01823883703848863,-0.0002880000000000036,81.33741258741257,77.43209893635172,58.75700207451409,49.11822010695671,0.922722029988842,0.00015499999999973174,46.66374389696374,0.016447,3.179911230011556,1
2020-04-03,0.016944,0.017343,0.016630000000000002,0.016815,0.016815,2519428.0,14,0.14320707681402545,0.016414785714285632,0.015935285714285492,0.016489599999999542,0.01642533333333344,0.016351884615384397,0.01637800000000025,0.017511666666666592,0.016003349999999736,0.02231308000000029,0.021860799999999837,0.02343981499999981,0.016579082306262496,0.017193568410440983,0.016563624397152574,0.016488240048226747,0.017762779554038512,0.016527600455641056,0.01821776270023646,0.017086604087117076,0.019932126309233144,0.021889489547740202,0.02640265178136486,44.34919722721264,43.252307316411866,57.28181198257735,45.46339636956194,43.45056032407111,44.83316019949832,43.734639208023474,43.26532166687237,44.8319918159841,44.05897793883121,22.370579699636522,-0.0012745395058117654,0.0005086748526626143,-0.0017832143584743802,0.01370718585087864,0.016003349999999736,0.018299514149120837,-0.0003049999999999997,74.56293706293708,80.37756191400355,72.75136854018619,60.31121325328999,-2.7908973808497746,-0.0008020000000002678,47.621999767101286,0.01697,-0.9133765468473665,0
2020-04-04,0.016853,0.017638,0.016794,0.017616999999999997,0.017616999999999997,3663744.0,12,0.14314259551480096,0.01646649999999992,0.01608019047619025,0.016805799999999545,0.01645525000000011,0.01620792307692286,0.01651700000000025,0.017210466666666587,0.016129249999999734,0.02186774000000029,0.021888299999999833,0.02335451499999981,0.016717471332094162,0.01723206219130998,0.016914749598101714,0.01666189542542263,0.017751981068554176,0.016683228961978047,0.01817900381635024,0.017137117983582115,0.019841337042204397,0.02180488579431961,0.026315232360654767,47.99983891147002,45.49304087232292,67.89233617645569,49.8494260960995,45.19857094107103,48.822473304661884,45.224702740927064,45.64000431694385,45.71286191219764,44.480964029440926,22.478162716765837,-0.0010900856431315456,0.0005545029722742675,-0.0016445886154058133,0.013766701966575746,0.016129249999999734,0.01849179803342372,0.0012549999999999955,98.86302111532194,84.92112358855707,81.1444509974627,70.8842738707209,9.43691345151233,0.00028399999999972203,50.3776282717959,0.016815,4.769550996134386,1
2020-04-05,0.017637,0.017948,0.017133000000000002,0.017333,0.017333,3330007.0,12,0.14308410185397585,0.016575285714285633,0.016186571428571203,0.017036399999999542,0.01647300000000011,0.016058615384615168,0.016522769230769483,0.016906699999999924,0.01633884999999973,0.02151742000000029,0.021917569999999827,0.0232637899999998,0.016799541821148276,0.017241238355736346,0.017054166398734475,0.016765142283049917,0.01772094543384646,0.016776053395981184,0.018124422924972804,0.017155773413717153,0.01974297088368657,0.021716333600372683,0.02622585691428009,46.83418942100421,44.83626260771799,61.41058345802357,48.357479702204955,44.690568236176674,47.512223723043725,44.79065697751464,44.94059871406151,45.45073619709058,44.36127973853738,22.467081841210426,-0.0009558031507965435,0.0005510283716874157,-0.0015068315224839592,0.01438391074674398,0.01633884999999973,0.01829378925325548,0.0007890000000000015,71.48817802503487,81.63804540109783,82.29677697647334,78.73086550470731,22.159173577768588,-0.0012140000000002704,57.77721424488552,0.017616999999999997,-1.612079241641573,-1
2020-04-06,0.017348,0.018547,0.017268000000000002,0.018547,0.018547,4496474.0,12,0.143005612662382,0.01666735714285706,0.016443999999999775,0.01745639999999954,0.016655083333333445,0.016005423076922858,0.016632538461538712,0.01667366666666659,0.016566799999999732,0.02122862000000029,0.021955589999999824,0.02318395499999981,0.017032536244995167,0.017359943959760316,0.017551777599156316,0.017039274239503775,0.017782134660968944,0.017029045767983874,0.01815168596207133,0.01728827118383933,0.019696070064718477,0.021653574519177186,0.026149450377819596,52.15555713233651,48.18610068098539,74.09630190068354,54.64374489932889,47.31893882219211,53.28370954478362,47.035993380901786,48.483960854332075,46.78130087297345,45.000198734760616,22.63093206550379,-0.0007428604214651698,0.0006111768808150315,-0.001354037302280201,0.014705069215084925,0.016566799999999732,0.01842853078491454,0.002329000000000001,100.0,90.11706638011879,85.25030975814106,82.89717924402561,19.415574634734647,0.0004629999999997275,61.52415377948372,0.017333,7.003980845785485,1
2020-04-07,0.018472,0.019097,0.018041,0.018084,0.018084,4189482.0,20,0.14293273857872574,0.0167362142857142,0.016639047619047394,0.01767919999999954,0.016783416666666776,0.016217076923076702,0.016765000000000252,0.016557666666666592,0.01676519999999973,0.02092840000000029,0.021986359999999826,0.023104799999999804,0.017172731412329147,0.01742576723614574,0.01772918506610421,0.017200001279580115,0.017804495056452724,0.017179753515414748,0.018147319125808668,0.017364054880616542,0.019632851630807944,0.02158288987523308,0.026069197140229348,50.106244525959156,47.04467845007085,64.40639901591739,52.027131494075526,46.44480630067938,50.981275775407255,46.29400629229607,47.26586006616171,46.34157666291685,44.802023229851855,22.6126156672637,-0.000604493776872609,0.0005996348203260738,-0.001204128597198683,0.015177621824643226,0.01676519999999973,0.01835277817535624,0.0021340000000000005,58.93798135387105,76.80871979296852,80.77042351143277,82.77250341534895,13.842619184377261,-0.0006850000000002758,54.40933609242062,0.018547,-2.4963605974012038,-1
2020-04-08,0.01811,0.01877,0.01792,0.018769,0.018769,3310081.0,21,0.1428752580084824,0.016908142857142778,0.01686061904761882,0.01806999999999954,0.016996000000000108,0.016345807692307472,0.016936153846154097,0.016471299999999925,0.01685834999999973,0.02063102000000029,0.022025219999999814,0.02303031999999981,0.01738556722401859,0.017547879305587037,0.018075790044069475,0.01744138569810625,0.017875939867085855,0.017406788727498356,0.018187427569304884,0.017497859177700678,0.019598975096266454,0.021527169283644308,0.025996558362714632,53.03164784713717,48.920052706784325,71.1131715872272,55.44654908657832,47.92285732249925,54.13870260184077,47.55871176784599,49.24669523502122,47.09205596794733,45.1628851808107,22.705632409934893,-0.00043455416897960486,0.0006156595425752625,-0.0010502137115548673,0.015034890445449922,0.01685834999999973,0.018681809554549542,0.003565000000000002,85.75770733825452,81.56522956404174,83.00937756649625,83.0100369453566,34.92961834276649,0.0002029999999997312,56.89597469271565,0.018084,3.7878787878788067,1
2020-04-09,0.018742,0.018967,0.01828,0.018566,0.018566,3858025.0,22,0.1428083926899094,0.017052571428571344,0.016939666666666436,0.01825979999999954,0.017214000000000108,0.016499346153845938,0.017116769230769484,0.016382999999999925,0.01693614999999973,0.02038054000000029,0.022063689999999817,0.02295512499999981,0.017542958260816113,0.017640435732351852,0.018239193362712985,0.017614403283012982,0.0179270554324869,0.01757239033785573,0.018211851597091662,0.01759958687506252,0.019558466268961888,0.0214685322681266,0.025922622458608012,52.062405290838115,48.38803609968196,66.64725476801911,54.20611886169017,47.5192552941939,53.04818674697835,47.2182079013491,48.67773540913429,46.8938019960959,45.07468337874742,22.697507086683146,-0.00031265214947391937,0.0005900492496647582,-0.0009027013991386775,0.014959135421951309,0.01693614999999973,0.018913164578048147,0.0025299999999999967,72.96334012219954,72.5530096047749,77.82944136787178,80.53641414860017,29.253472222222737,0.0013859999999997275,56.77002048507856,0.018769,-1.0815706750492926,-1
2020-04-10,0.018597,0.018713,0.016751,0.01718,0.01718,5931085.0,15,0.14270486532117854,0.017121285714285627,0.016947761904761674,0.018229199999999543,0.017378666666666782,0.0165793846153844,0.017211384615384868,0.01629133333333326,0.01695049999999973,0.02010184000000029,0.022086079999999817,0.0228776699999998,0.017494563826040633,0.017598577938501683,0.01788612890847532,0.01754757200870329,0.017871717993043428,0.017516334575304913,0.01814528052631156,0.01755962622029466,0.019465193081943773,0.021383610837074588,0.02583563119036316,45.9226045172771,44.895718163965036,44.00529698586581,46.509974302098314,44.841630969506156,46.20490943760481,44.947779361576785,44.954391713233576,45.558107057622145,44.47571038779001,22.641909830920767,-0.0003241459843401351,0.0004628443318388341,-0.0007869903161789693,0.014970639877421909,0.01695049999999973,0.01893036012257756,0.0010000000000000009,18.286445012787816,59.002497491080504,67.18909476542237,76.0093045665967,12.067235323633124,0.0001639999999997338,51.24552973074426,0.018566,-7.465259075729824,-1
2020-04-11,0.01718,0.017641,0.016846,0.017016,0.017016,3152304.0,15,0.14264974432560187,0.017197428571428485,0.016953619047618815,0.017922999999999543,0.017460333333333446,0.016728423076922856,0.017350769230769482,0.01643916666666659,0.017010799999999732,0.01980634000000029,0.022110329999999824,0.02283766499999981,0.01743075531590188,0.017545616307728804,0.017596085938983548,0.017465791699672016,0.017808331475040212,0.017444858207404212,0.018072423718162426,0.01750785229455231,0.019369146294416568,0.021297123493766182,0.02574787366608094,45.24612403118715,44.49761419394333,41.98023447099894,45.67863042666782,44.53328675655786,45.457659363917635,44.68506621867978,44.531200075611146,45.40202683870879,44.40519071541522,22.635316445776933,-0.00034253977536819613,0.00035556043264861853,-0.0006981002080168146,0.015105124421566416,0.017010799999999732,0.01891647557843305,0.0005690000000000001,11.2958226768969,34.18186927062798,49.448259300801745,64.82226514469853,13.548551093035496,-0.00017200000000026222,45.73965156443728,0.01718,-0.9545983701979122,0
2020-04-12,0.017024,0.017633000000000003,0.016854,0.017188,0.017188,3108432.0,10,0.1425954626648395,0.017339142857142772,0.017019238095237862,0.017743799999999543,0.017544333333333446,0.01685149999999978,0.01743938461538487,0.01649803333333326,0.017007299999999732,0.01951772000000029,0.022132159999999824,0.0227926649999998,0.017398387940448297,0.01751310573429891,0.0174600572926557,0.01742305451510709,0.017762380995407605,0.017408164177775038,0.018015364123442262,0.017477390171261615,0.019283611145615918,0.0212157547117114,0.025662700793781627,46.137706310278205,45.033140116413996,45.15655312647922,46.759866295922784,44.94559450261384,46.436066446911724,45.03324212855252,45.100326319863775,45.6013945081137,44.49840850522534,22.659055068767533,-0.0003393264803005156,0.0002870189821730393,-0.0006263454624735548,0.015103279644147332,0.017007299999999732,0.01891132035585213,0.00021799999999999944,19.720216606498198,16.434161432060858,41.604706351327174,52.747353472517005,27.200438716753997,0.00029199999999973,48.34510938271905,0.017016,1.0108133521391505,1
2020-04-13,0.017213,0.017240000000000002,0.016496,0.016896,0.016896,2633119.0,11,0.14254939059303487,0.017400571428571345,0.017001999999999767,0.01736919999999954,0.017581750000000115,0.016958423076922857,0.017494461538461792,0.01657543333333326,0.016996099999999733,0.01921032000000029,0.022146269999999826,0.0227479699999998,0.017331402881721858,0.017457005212999012,0.0172720381951038,0.017341969205090613,0.017698204625377408,0.017334997866664318,0.017943147083220184,0.01742201967876051,0.019189979335983917,0.02113021501444979,0.025575469940112158,44.810483556772844,44.273392341776216,40.62565664154634,45.10856890929761,44.36420579254122,44.96149556597167,44.54141198074917,44.2902761185911,45.314862296310636,44.3708416053402,22.647198808384733,-0.0003562354202867983,0.00021608803374940518,-0.0005723234540362035,0.015092235686024963,0.016996099999999733,0.01889996431397449,8.100000000000121e-05,16.187778227438343,15.73460583694437,27.69072052916393,39.581228727097525,12.733195143619074,8.899999999973512e-05,42.92887099975171,0.017188,-1.6988596695368674,-1
2020-04-14,0.016855000000000002,0.017122,0.016731,0.016807,0.016807,1856056.0,15,0.14251693760294512,0.017445357142857058,0.016987095238095006,0.01701739999999954,0.017568166666666774,0.016954615384615162,0.0175221538461541,0.016632366666666596,0.01701834999999973,0.01892278000000029,0.022160109999999823,0.0226844149999998,0.017261482497492278,0.0173979138299991,0.017117025463402533,0.017259666250461287,0.01763218946794205,0.017259569599997988,0.017869847271399526,0.017363446376021413,0.01909652916594533,0.021044606796341868,0.025488221482996613,44.39344420455571,44.03616907756098,39.18752196265475,44.588638160373094,44.18330717151221,44.497686218275355,44.38872493371947,44.03714365478205,45.22651448920309,44.33171820300822,22.643569498596012,-0.00037252321748076217,0.0001598401892443531,-0.0005323634067251153,0.01513540177706922,0.01701834999999973,0.01890129822293024,-0.0008099999999999982,14.027965719440632,16.64532018445895,15.903645648612153,28.399690843034325,9.359605911330496,0.0005559999999997303,44.96095330407842,0.016896,-0.5267518939394034,0
2020-04-15,0.016824000000000002,0.017089,0.016182,0.016250999999999998,0.016250999999999998,2692392.0,18,0.1424697490733546,0.01743135714285706,0.0169818095238093,0.01683159999999954,0.017521166666666782,0.01692542307692286,0.01746684615384641,0.01673603333333326,0.017003699999999733,0.01867160000000029,0.02215380999999982,0.022623249999999803,0.01712675149782664,0.01729364893636282,0.016828350308935022,0.017104486827313397,0.017529879136983378,0.017115488228569703,0.017765405511954394,0.01725749910211461,0.018984939786888654,0.020949683889483612,0.02539630883142451,41.790172042858906,42.544255797625105,30.969020066285648,41.36210607162194,43.04463993265724,41.609900936844774,43.42770949700913,42.4458554868877,44.67154256124589,44.086444951866724,22.620809693414632,-0.0004253923096699808,8.557687764410764e-05,-0.0005109691873140884,0.015100759217746259,0.017003699999999733,0.01890664078225321,-0.0010820000000000029,4.729266620973236,11.648336855950625,13.192209970249234,18.92885871600835,-2.804808242701416,-0.000837000000000275,35.84270220305265,0.016807,-3.3081454156006496,-1
2020-04-16,0.016253999999999998,0.017268000000000002,0.01602,0.017088,0.017088,3867294.0,13,0.14240218333229193,0.01743978571428563,0.017007714285714053,0.016845999999999542,0.017477083333333445,0.01693292307692286,0.017487846153846406,0.0168393666666666,0.01704719999999973,0.01853318000000029,0.022152329999999817,0.0225665949999998,0.017121584631449756,0.017274953578511654,0.016914900205956682,0.017101950392342104,0.017497147349058682,0.01711156133877403,0.017721701930537983,0.01724135633048465,0.018910549991324396,0.02087321490157305,0.025313639091808345,46.82010396920023,45.458431449329645,49.93613086395779,47.551621109023465,45.25041156333971,47.168388949465395,45.2708871961345,45.555587556817656,45.69476587201139,44.55287518725889,22.738300702769717,-0.00039519695671657787,9.261778447800842e-05,-0.0004878147411945863,0.015180451676048682,0.01704719999999973,0.018913948323950783,-0.001459000000000002,66.21202727836314,28.32308653959223,24.17545089054248,17.757102169801193,1.6159956176393908,-0.0008980000000002736,41.61008596058757,0.016250999999999998,5.150452279859707,1
2020-04-17,0.017581,0.018163,0.017236,0.017986000000000002,0.017986000000000002,2079613.0,15,0.1423661701889918,0.017523428571428492,0.01709190476190453,0.01700559999999954,0.017531500000000113,0.01701661538461516,0.017516230769231023,0.0169683666666666,0.01714899999999973,0.01840042000000029,0.022169549999999826,0.0225102299999998,0.017236840013923126,0.017339594162283322,0.017271933470637792,0.017237958024289474,0.017533358656535818,0.017236481147520598,0.017738753418890366,0.017312274775200396,0.018874293128919514,0.020816042329264674,0.025240727260049056,51.625169854742076,48.4000465456016,63.01821942583286,53.2830831086651,47.515065764137624,52.40352327119504,47.178819092497314,48.67935472185125,46.77200719175576,45.04959642347677,22.86458554082861,-0.0002954006322463433,0.00015393128715859443,-0.0004493319194049377,0.015312367383461482,0.01714899999999973,0.018985632616537983,-9.799999999999741e-05,91.74055062995815,54.22728150976474,38.57951769523447,25.31572618534197,14.555624611560392,-2.7061686225238186e-16,50.821580219457,0.017088,5.2551498127340945,1
2020-04-18,0.017581,0.018163,0.017236,0.017986000000000002,0.017986000000000002,2079613.0,18,0.14233017785623775,0.017549785714285632,0.017188857142856912,0.01722359999999954,0.017484750000000108,0.01704461538461516,0.01756646153846179,0.0170043666666666,0.01728809999999973,0.01827798000000029,0.022192579999999826,0.0224584299999998,0.017336728012066708,0.017398358329348475,0.01750995564709186,0.017353041405168017,0.017566887644940573,0.017343555269303368,0.017754704811220018,0.01737643908232417,0.018839458104256003,0.020760001887101014,0.025168540919153045,51.625169854742076,48.400046545601604,63.01821942583288,53.283083108665075,47.515065764137624,52.40352327119504,47.17881909249733,48.67935472185125,46.77200719175576,45.04959642347675,22.86458554082861,-0.00021384623977255612,0.00018838854370590528,-0.00040223478347846143,0.015662427034983387,0.01728809999999973,0.018913772965016076,-0.000782999999999999,91.74055062995815,83.23104284609305,53.690072175738436,38.815013587171705,5.094574071517793,0.0008239999999997277,55.435301046578964,0.017986000000000002,0.0,0
2020-04-19,0.017931,0.018108000000000003,0.017113,0.017162,0.017162,1934736.0,16,0.14229662185750722,0.017537571428571347,0.017282095238095006,0.017294599999999542,0.01740791666666678,0.01704623076923055,0.01745992307692333,0.017009433333333268,0.017344399999999732,0.01813480000000029,0.02220806999999982,0.0224017899999998,0.017313430943791147,0.017376871208498613,0.017393970431394574,0.01732365041975755,0.017536895967537568,0.017317618802260033,0.01771646579114131,0.01735601631257901,0.018773675433500867,0.02068875432498021,0.025088873845330626,47.138680831763104,45.90664936038646,46.844091825232155,47.67286566494336,45.646699045090905,47.40461840690014,45.620569866977924,46.008833486769454,45.90272457416485,44.67497583166554,22.83000148734301,-0.00021324554778001661,0.00015119138855875587,-0.00036443693633877246,0.015826915044823857,0.017344399999999732,0.018861884955175608,-0.001403999999999999,53.289780681287965,78.92362731373466,61.54243516810791,51.270675013026846,-2.1970962353844747,0.0008219999999997257,51.42790983328394,0.017986000000000002,-4.581341043033483,-1
2020-04-20,0.017164,0.017375,0.016202,0.01634,0.01634,2717794.0,15,0.1422492047930813,0.01737992857142849,0.0172965714285712,0.017312399999999537,0.017205500000000113,0.0170453846153844,0.017325769230769485,0.01699099999999993,0.01735239999999973,0.017976280000000292,0.022211499999999815,0.0223447349999998,0.01718364015128566,0.01728261018954419,0.01704264695426305,0.017172319585948698,0.017448237006979228,0.017177958973365742,0.017627661546551546,0.01725925285423815,0.01867823718120672,0.02060264037795089,0.02500182037423281,43.132271865842284,43.56136679350895,35.83429211246683,42.802453414060494,43.860067073065366,42.998124383305225,44.118481593502395,43.50871068124321,45.05075932511728,44.30377626060961,22.79543373925104,-0.0002759174210305304,7.081561224659365e-05,-0.00034673303327712406,0.01585927013300508,0.01735239999999973,0.018845529866994386,-0.0008400000000000005,14.932337844143767,53.32088971846319,63.58304941274202,59.605185585529355,-29.860641320524675,0.0001579999999997278,44.28476152140816,0.017162,-4.789651555762731,-1
2020-04-21,0.016279,0.016555,0.015969999999999998,0.016182,0.016182,2541641.0,17,0.14220475113832107,0.017244071428571348,0.017296666666666436,0.017131199999999534,0.017006833333333447,0.017031461538461322,0.017126769230769483,0.017003399999999936,0.017339149999999734,0.01778972000000029,0.02221193999999982,0.0222799549999998,0.01705008813111424,0.01718255471776745,0.016755764636175362,0.017019962726571976,0.017354441673128915,0.017035679120027774,0.01753439305967725,0.01715665734431071,0.01858034552704175,0.020515102944724143,0.024914060967524024,42.390290934105096,43.117794133784145,33.99155998956009,41.91085686213885,43.52005771299829,42.186388341572005,43.83183281910706,43.03671953960227,44.88741897132039,44.23242682364207,22.78876816869031,-0.00033447894655693963,9.803269376147542e-06,-0.00034428221593308723,0.01580797222499815,0.017339149999999734,0.01887032777500132,-0.0008340000000000014,9.667122663018713,25.96308039615004,52.27406848967312,59.13318435684091,-26.841659610499267,-0.0007750000000002755,45.40732947194994,0.01634,-0.9669522643818929,0
2020-04-22,0.016203,0.017169999999999998,0.016137000000000002,0.016957,0.016957,3437348.0,19,0.14214492880172086,0.017114642857142776,0.017320952380952152,0.01692539999999954,0.01698825000000011,0.017059884615384397,0.017003000000000254,0.016993366666666603,0.017338499999999736,0.01761740000000029,0.022221429999999823,0.022220174999999797,0.017037676380299006,0.017162049743424952,0.016822843090783576,0.01701027615325321,0.01732500154919344,0.017024439245738095,0.017497141894536782,0.01713764235913826,0.01851668491813815,0.0204446454606702,0.02483488623152876,47.16674511867543,45.94617385110686,49.32888713511201,47.69992607043029,45.665573433700985,47.42892498349082,45.62257564402264,46.05094274238514,45.86934649623625,44.673841038606504,22.899904246258238,-0.0003147253959402304,2.3645455994285494e-05,-0.0003383708519345158,0.01580665151232704,0.017338499999999736,0.018870348487672432,-0.0002309999999999986,45.006839945280504,23.202100150814218,42.92732635273758,52.92814808505079,-25.250836120401033,-0.00033600000000027363,51.131237232997215,0.016182,4.789272030651359,1
2020-04-23,0.01694,0.017440999999999998,0.016761,0.017293,0.017293,2833314.0,19,0.14209582295321027,0.017023714285714205,0.017336333333333103,0.016786799999999536,0.017011333333333444,0.01711153846153824,0.01701169230769256,0.01699913333333327,0.017362399999999733,0.017451960000000294,0.022217729999999818,0.022166639999999797,0.017071719529592473,0.017173954312204504,0.016979562060522382,0.01705377212967579,0.017322631064068,0.017062805067775508,0.017483971449727957,0.017152438324934616,0.0184686972742896,0.02038223663966683,0.02475984258743395,49.12606811950025,47.139968594394205,54.79361806201292,50.03848877233803,46.57921471816516,49.56428833672447,46.38831407787946,47.31991965079659,46.2925033123245,44.864936949105775,22.948228020961256,-0.00026885893439220626,5.5609534033847657e-05,-0.00032446846842605387,0.0158501515660355,0.017362399999999733,0.01887464843396397,0.0003969999999999981,61.88026192703455,38.85140817844447,36.95526861215286,44.05222115152108,-17.416883294568006,-0.00014300000000027482,49.78374872006064,0.016957,1.9814825735684272,1
2020-04-24,0.017334,0.017511000000000002,0.017166999999999998,0.017436,0.017436,2765208.0,20,0.14204801377547085,0.017041999999999915,0.017365904761904534,0.016841599999999537,0.017032000000000113,0.017197384615384396,0.017044000000000253,0.01703493333333327,0.017353349999999733,0.017267620000000296,0.022203889999999823,0.022109704999999792,0.017120290258980143,0.01719777664745864,0.017131708040348255,0.01711257641741798,0.017331028763025925,0.01711611862952187,0.017480876517487445,0.01717944419875037,0.018428199341964515,0.02032389532006947,0.02468696853183759,49.972069728705975,47.655405143386275,57.153558824499505,51.04769228283414,46.973292964801715,50.486081886376105,46.718286160409185,47.867895196958884,46.474146286863395,44.946674677347396,22.96887873033916,-0.000218452345607946,8.481289825448639e-05,-0.00030326524386243235,0.015845356523214355,0.017353349999999733,0.01886134347678511,0.0006290000000000012,95.13303049967541,67.34004412399672,45.323918575830355,41.735504513573495,4.220243982855719,-1.500000000027174e-05,48.9105738249956,0.017293,0.8269241889782064,0
2020-04-25,0.017432,0.017776,0.017311,0.017450999999999998,0.017450999999999998,2613547.0,24,0.1420029116124619,0.017073071428571347,0.01735799999999977,0.01706379999999954,0.01707825000000011,0.017251807692307473,0.017064230769231022,0.0170651666666666,0.017359249999999736,0.017087720000000296,0.02219325999999982,0.0220524449999998,0.017164384891116127,0.017220796952235128,0.017238138693565504,0.01716464158396906,0.0173399155213203,0.017163958825304457,0.01747894900023019,0.017205306656012238,0.018389877799142376,0.02026700630383047,0.02461496884495364,50.06539428954858,47.7114341769665,57.43326890569607,51.15980062803907,47.01586884637661,50.58809758113318,46.75380853120315,47.9275530001081,46.49350807957303,44.955320108036034,22.97105507451095,-0.00017527393735124186,0.0001023930452089524,-0.00027766698256019427,0.015850668529762527,0.017359249999999736,0.018867831470236945,0.0011999999999999995,82.00442967884817,79.67257403518593,58.73833694277121,47.00584137691804,7.351698495859848,-0.0004180000000002723,44.91577150882537,0.017436,0.08602890571229871,0
2020-04-26,0.017580000000000002,0.018388,0.017345,0.017869,0.017869,3364403.0,21,0.14194506522025865,0.017121714285714202,0.01738352380952358,0.017401199999999534,0.017166750000000112,0.01731676923076901,0.017139076923077173,0.017120199999999936,0.017325349999999736,0.016934340000000297,0.02217480999999982,0.021997124999999798,0.01725833357230064,0.01727972450203193,0.017448425795710334,0.017273004417204592,0.017379106964185462,0.01726467899311811,0.0175041135808605,0.01726851554591584,0.01836945121878385,0.02021952103048729,0.024547844776844643,52.69986885513484,49.295864268944285,65.06063570050364,54.31811881256442,48.219005119057094,53.465399238483144,47.75675864872207,49.61465205038228,47.03804975944712,45.19753984520553,23.031955859754692,-0.00010610254698087408,0.00013725154846345615,-0.00024335409544433022,0.015901031396624094,0.017325349999999736,0.018749668603375375,0.0007810000000000004,76.94358063083077,84.69368026978469,72.19362853633363,58.751961351644965,11.049813402564187,-8.200000000026936e-05,50.36621453707822,0.017450999999999998,2.395278207552587,1
2020-04-27,0.017876,0.019272,0.017251,0.017950999999999998,0.017950999999999998,7255903.0,28,0.1418207848652074,0.017197071428571346,0.01735514285714263,0.017599999999999533,0.01730841666666678,0.017374615384615166,0.017227076923077175,0.01718689999999994,0.01731869999999974,0.016862080000000296,0.022157349999999826,0.0219458949999998,0.01735068909599389,0.01734074954730176,0.017615950530473556,0.017377311429942345,0.017421469411282836,0.017362724851244092,0.01753294496274047,0.017333514065352426,0.01835304136706684,0.02017459982196279,0.02448220453030888,53.21862843473127,49.609665433165816,66.47478330519385,54.937409126514176,48.457436276238774,54.03091142459375,47.955479667060644,49.948674034431235,47.145682119590546,45.24527899639217,23.043951276376184,-4.415798134049104e-05,0.00015935689128307134,-0.0002035148726235624,0.015908119664137247,0.01731869999999974,0.018729280335862224,-3.500000000000378e-05,47.39147749900426,68.77982926956096,72.67055604707839,67.8675071753943,17.722156895683316,-0.000729000000000278,50.5732703822702,0.017869,0.4588952935250967,0
2020-04-28,0.018005,0.018712,0.017512,0.01868,0.01868,3263049.0,26,0.1417650407970497,0.01733085714285706,0.01738352380952358,0.01787739999999953,0.017441083333333447,0.017440384615384396,0.01741392307692333,0.017302766666666605,0.01731424999999974,0.016808480000000296,0.02215802999999982,0.0219000249999998,0.017527930549861372,0.017462499588456144,0.01797063368698237,0.01757772505610506,0.017514693899335958,0.017550907015352078,0.017606948513531406,0.017461750821033146,0.018365863274240685,0.020145003785884318,0.024424471151897845,57.64350074583503,52.355898363718424,76.58513598122751,60.141522988834254,50.559192135513385,58.82195438658746,49.71269962192415,52.86551360709065,48.10208884307382,45.670238441855794,23.150960956190442,6.303115676909929e-05,0.00021323682351412926,-0.00015020566674503003,0.015922498226258682,0.01731424999999974,0.0187060017737408,0.0006940000000000003,71.87648456057015,65.40384756346829,74.66980057378551,73.17799505239904,28.408918549977784,-0.0013680000000002718,57.69371865516202,0.017950999999999998,4.061055094423716,1
2020-04-29,0.01881,0.020065,0.018507,0.020048,0.020048,7008210.0,26,0.14164668589208326,0.01760207142857135,0.017444428571428344,0.018399799999999533,0.01761291666666678,0.017564730769230548,0.01764161538461564,0.017436499999999938,0.01738834999999974,0.016785140000000295,0.02217248999999982,0.0218627249999998,0.017863939809879856,0.017697545080414673,0.018663089124654912,0.01795776735516582,0.017702346203088852,0.0179076345845875,0.0177644357062068,0.017708060266649037,0.01843182942034889,0.02014308291883711,0.024380924175262046,64.41148646092928,56.96651105908046,86.05512080437656,67.72004092720196,54.1987029371641,65.98609251525046,52.80275840876102,57.72036613208064,49.839423210211685,46.45783138552499,23.351965537921554,0.0002554211520769678,0.00032450145505759825,-6.908030298063046e-05,0.015611462327772952,0.01738834999999974,0.01916523767222653,0.002886,99.39587775408673,72.88794660455362,75.52237002466777,74.28757554851046,51.27616475354543,0.00037599999999973066,63.27413683229079,0.01868,7.323340471092088,1
2020-04-30,0.020014,0.021488,0.018807,0.019672,0.019672,18197527.0,44,0.14134155914784868,0.017786642857142775,0.017497095238095013,0.01884399999999953,0.017753416666666782,0.017643769230769008,0.017771307692307947,0.017552899999999937,0.017512949999999743,0.0167799800000003,0.02218236999999982,0.0218236749999998,0.018105014501895875,0.017877040982195162,0.01899939274976994,0.01822149545437108,0.01784824648434153,0.01815968678678928,0.01788750437032249,0.017895102146015796,0.01848046356072737,0.02013375454420667,0.024334069208344012,61.516821949497746,55.422187501794845,75.92683530036365,64.09153284391793,53.08336100402492,62.75440848877772,51.897039999895476,56.05413231741372,49.376027934475964,46.2716218738944,23.335106021899577,0.0003732489700295494,0.00035386341840814385,1.9385551621405514e-05,0.015468266987705566,0.017512949999999743,0.019557633012293917,0.003331999999999998,57.13948548501296,76.13728259988986,70.54938118590074,73.58051726145123,37.211981566820775,-0.0015960000000002706,54.871702178051045,0.020048,-1.87549880287311,-1
2020-05-01,0.019524,0.02187,0.019463,0.021268,0.021268,12830559.0,40,0.14112889123998562,0.018021071428571348,0.017691761904761683,0.019523799999999536,0.018095583333333446,0.017795115384615166,0.018023769230769485,0.017713599999999937,0.017725549999999746,0.016953720000000297,0.022199719999999826,0.0217923649999998,0.01852674590164309,0.018185309983813784,0.01975559516651329,0.018690188461390915,0.01810156155957549,0.01860373153153367,0.01810560086255975,0.018216330513061908,0.01858977871520865,0.020156214850261985,0.024303561057017208,68.04737201811776,60.217916438724146,84.94952096749351,71.18995688718428,56.98522601800793,69.56749505086077,55.26285564245206,61.063655426358146,51.33505330389076,47.17926224828717,23.570499154991182,0.0005886269018154228,0.00045539308015521375,0.00013323382166020896,0.01509744574232924,0.017725549999999746,0.02035365425767025,0.005086000000000004,86.96687594717476,81.16741306209141,72.55404024916953,72.87526381991258,42.94687254645428,0.0004719999999997365,57.44511235409765,0.019672,8.11305408702725,1
2020-05-02,0.021304,0.021495,0.02035,0.020796,0.020796,11808858.0,40,0.14093384221076516,0.01822178571428563,0.017871761904761682,0.02009279999999954,0.01846691666666678,0.017881615384615166,0.018303307692307945,0.01784113333333327,0.017905949999999747,0.017061200000000297,0.02222260999999982,0.0217650449999998,0.018829313114757343,0.018422645439830708,0.02010239677767553,0.01901415946733077,0.01830114959219953,0.018916912741314573,0.018279175000459117,0.01846201332134173,0.01867629719696517,0.020168883863128085,0.02426865995197226,64.57508091640467,58.275534469765475,74.97667370971564,66.94976649646433,55.56599220503068,65.73768502176293,54.10591045661902,58.976031355603,50.742719032666045,46.94239457158686,23.549008727530122,0.0007130098751312423,0.00046382084277682667,0.00024918903235441556,0.014957417913881237,0.017905949999999747,0.02085448208611826,0.003839000000000002,75.3556677374943,73.15400972322726,78.14687829686753,73.75009991064584,34.63150110919441,0.0004319999999997382,56.03422363904581,0.021268,-2.2192965958247157,-1
2020-05-03,0.021015,0.021562,0.019902,0.020364,0.020364,13154872.0,45,0.14071681574079872,0.01845049999999992,0.018022999999999772,0.020429599999999538,0.018815416666666786,0.017969307692307476,0.01861284615384641,0.017959433333333268,0.018079349999999744,0.017177000000000296,0.022241399999999814,0.0217372449999998,0.019033938032789702,0.01859913221802792,0.020189597851783685,0.019221827241587577,0.018453953326110682,0.01912363949255535,0.018413679839139174,0.01864315490978537,0.0187424816206136,0.020172747549006737,0.02422980761414169,61.49778530509905,56.52725075871075,66.41345036846111,63.21640311233777,54.28108328201984,62.35420922815243,53.05542167620471,57.10001438840344,50.20194564328,46.72553824854785,23.529275748986038,0.0007678739154768978,0.0004149479064979858,0.00035292600897891206,0.01497701110139146,0.018079349999999744,0.021181688898608032,0.0030710000000000012,55.2185548617306,72.51369951546647,74.81529235709961,75.17207030104547,41.46594146594192,0.0002229999999997373,54.14218085823315,0.020796,-2.0773225620311475,-1
2020-05-04,0.020372,0.020577,0.019193,0.020141,0.020141,10696870.0,44,0.14053998136529328,0.01872199999999992,0.018177523809523585,0.02044819999999953,0.019080750000000115,0.01802207692307671,0.01891738461538487,0.018043566666666604,0.018246049999999743,0.017277840000000298,0.022258669999999817,0.0217071399999998,0.01918154629508441,0.018739302016389014,0.020173398567855792,0.019363238435189487,0.018578919746398772,0.019268976707904586,0.01852511984951729,0.01878580682313915,0.018797325478628755,0.02017211888466997,0.02418912296126466,59.918539198611,55.62481002698125,62.025292105710385,61.30466694312726,53.61646394586008,60.61973247823847,52.51159132278345,56.13221835287477,49.921819737892406,46.613269493711435,23.51905160408127,0.0007843186887907111,0.00034511414384943924,0.0004392045449412719,0.015074062247032172,0.018246049999999743,0.021418037752967314,0.0027049999999999986,43.55207313091736,58.04209857671401,63.64653143246574,72.20290069547754,53.362347325565565,-0.0007650000000002656,57.90842335199908,0.020364,-1.0950697308976687,-1
2020-05-05,0.020141,0.021503,0.019766,0.020906,0.020906,14287826.0,40,0.14030606314537064,0.019059428571428488,0.01837271428571406,0.020694999999999537,0.01938183333333345,0.01811207692307671,0.0192211538461541,0.0181626666666666,0.018478799999999743,0.017433140000000298,0.022280889999999817,0.0216847149999998,0.019411473455739826,0.01893627456035365,0.020417599045237197,0.019600586368237256,0.01875129606148035,0.019502837178203933,0.018678725020516176,0.018987729982840186,0.018880018597113902,0.02018665118398344,0.024156455071102825,63.37540823711813,58.03267469811474,70.14559864358841,65.2141511179561,55.555087606105616,64.28951027138615,54.17660552298837,58.65629689884179,50.880867326177395,47.05404285828503,23.63345639324654,0.0008492903067569071,0.00032806860945250825,0.0005212216973043988,0.015240742973791481,0.018478799999999743,0.02171685702620801,0.003455000000000003,63.98954053044453,54.25338950769742,65.01654244155205,67.82612207703906,61.112548512290296,0.0005899999999997366,57.04114679087609,0.020141,3.7982225311553597,1
2020-05-06,0.020763,0.020993,0.020273,0.020316,0.020316,14080895.0,42,0.1400760450866868,0.01929935714285706,0.018566285714285487,0.020504599999999533,0.01962183333333345,0.01823269230769209,0.01945369230769256,0.018221633333333268,0.018640199999999742,0.0175597000000003,0.022292609999999824,0.0216585099999998,0.019532076994974515,0.019061704145776046,0.0203837326968248,0.019710650003893063,0.01886720005692625,0.019619003295603368,0.018784355664353842,0.01911423188923636,0.018936331593305517,0.020189212546676837,0.024118241587808262,59.15925958035901,55.59529144300075,58.5570511998288,60.13769828838197,53.75565812811521,59.671022028010476,52.703938996630896,56.04489837707764,50.125700640417435,46.753361289295036,23.606086596355873,0.0008434499469668137,0.00025778259972993175,0.0005856673472368817,0.015372372999533378,0.018640199999999742,0.021908027000466103,0.0024470000000000013,47.403967918953114,51.648527193438255,57.10396083590771,61.92234490330842,44.51954937044449,-0.00011400000000026668,50.869672155114486,0.020906,-2.8221563187601606,-1
2020-05-07,0.020364,0.020728,0.019522,0.02043,0.02043,13713801.0,49,0.1398523099982521,0.01952342857142849,0.018725428571428344,0.02043139999999953,0.01987008333333345,0.018363999999999787,0.019684000000000253,0.01829983333333327,0.018762399999999745,0.017685980000000295,0.022301779999999827,0.0216295299999998,0.019651800062311247,0.019186094677978226,0.020399155131216533,0.01982131923406336,0.01898296301567245,0.019734859967660032,0.018890526266653596,0.019239543137880517,0.01899490682494059,0.020193980615059472,0.024081542666536542,59.71409519514104,55.96962592713268,60.08598295668629,60.7768094080693,54.05426476449089,60.26500016995402,52.959244508956616,56.43836223912418,50.2711626670179,46.81967983974637,23.62326268750989,0.000838356218390908,0.00020215109692322088,0.0006362051214676871,0.015415742821052625,0.018762399999999745,0.02210905717894686,0.002479000000000002,52.21612494723506,54.536544465544154,52.476052277855885,58.19885185177179,42.837634849106045,-5.300000000026811e-05,55.385465973591174,0.020316,0.5611340815121046,0
2020-05-08,0.020376,0.020977000000000003,0.019861,0.020483,0.020483,11818366.0,55,0.13966051041076166,0.019741071428571344,0.018844333333333102,0.02045519999999953,0.02008791666666678,0.018490730769230558,0.01991723076923102,0.0183569666666666,0.01888724999999974,0.017757520000000297,0.022301339999999826,0.0216006799999998,0.019762626720669748,0.019303995161798385,0.020427103420811023,0.019923116274976692,0.019094076866363385,0.01984173711513717,0.01899326650751465,0.019357967600939517,0.019053263420040958,0.020199703771196908,0.02404573627184464,59.98488297188967,56.14966969212622,60.89092981029538,61.09100288430215,54.197054075602324,60.55586511558976,53.080918059790875,56.627887218361494,50.33984611313097,46.85076350690451,23.631285342931843,0.0008290394086133065,0.0001542674297164956,0.0006747719788968111,0.015476849197851516,0.01888724999999974,0.02229765080214796,0.0018029999999999988,55.84415584415584,51.82141623678125,52.601172474340935,54.060395196034754,42.126365270289455,-0.00011200000000026468,52.628625834089654,0.02043,0.2594224180127336,0
2020-05-09,0.020451,0.02124,0.019907,0.020595,0.020595,10288399.0,56,0.13949423747493864,0.01996564285714277,0.0189685714285712,0.020545999999999537,0.020308250000000114,0.018632999999999792,0.020126923076923323,0.018424599999999937,0.01905889999999974,0.017829220000000298,0.02229442999999983,0.0215697049999998,0.01987360982458045,0.01942135923799853,0.020483068947207347,0.02002648300190335,0.019205256357743877,0.019949346098688998,0.019096604152191124,0.019475780210373845,0.019113723678078568,0.02020753141929202,0.024011400587547672,60.584737217768286,56.54306604754126,62.793680462214965,61.791677644512966,54.50731326139196,61.20219196137699,53.344434638299674,57.04258513034376,50.48724804044323,46.916985219680775,23.64831805718651,0.0008212266441594769,0.00011716373221013291,0.0007040629119493441,0.015668600904402218,0.01905889999999974,0.02244919909559726,0.0005469999999999989,54.16456335184238,54.07494804774435,54.723670518525935,53.26696509024084,42.89222373806326,0.002196999999999734,53.73042765358408,0.020483,0.546794903090353,0
2020-05-10,0.020583,0.020583,0.017763,0.018398,0.018398,11599573.0,48,0.13930471178336806,0.02000342857142848,0.01902742857142834,0.02004439999999954,0.020284750000000108,0.018694192307692096,0.020161307692307937,0.018465199999999942,0.01916179999999974,0.0178593200000003,0.022267619999999832,0.0215400049999998,0.019676861847969726,0.019328326579998664,0.019788045964804896,0.01977594715545668,0.019145459590503587,0.019727725227447715,0.019051532916565892,0.019373134476052527,0.019085656082859802,0.020171699113959503,0.023955545855333268,46.06984908420842,47.74134614542675,29.27112625022141,44.689652096638525,47.89807047149218,45.464557707631045,47.89218691931212,47.65721755603828,47.65694150558155,45.78673026921122,23.544793979464412,0.0006304875649530937,-5.886027759700028e-05,0.000689347842550094,0.016001862918725882,0.01916179999999974,0.0223217370812736,-0.0012740000000000008,18.262870290480198,42.75719649549273,45.57833647053307,50.9677264877999,5.807443188056066,0.0008179999999997287,49.841385407729504,0.020595,-10.667637776159255,-1
2020-05-11,0.018333,0.018919,0.017483000000000002,0.017580000000000002,0.017580000000000002,11041401.0,40,0.1391234833227567,0.019976928571428482,0.01908647619047596,0.01949719999999953,0.020079083333333445,0.01874530769230748,0.02007669230769255,0.018483999999999938,0.01923169999999974,0.017894720000000298,0.022119739999999832,0.0215055299999998,0.019397280268240426,0.019169387799998786,0.019052030643203263,0.01943810913154027,0.019029499620836655,0.019420907337812328,0.01895659530904551,0.019202359764047525,0.019026610746277067,0.02012037833942565,0.02389210758811602,42.05090231618343,45.00853453009759,23.633946281963528,40.2017081519786,45.753053763257405,41.215071189707864,46.08016208033668,44.77703531363756,46.66347714684615,45.37566203695155,23.50628921278533,0.00040860951070361556,-0.00022459066547718282,0.0006332001761807984,0.016295362352748952,0.01923169999999974,0.022168037647250532,-0.003688,2.581847218525416,25.003093620282588,36.61391233044753,45.63863977316878,-3.768410360588821,-0.0005480000000002637,44.3703224062687,0.018398,-4.446135449505373,-1
2020-05-12,0.017774,0.018524,0.01759,0.018128,0.018128,9637542.0,39,0.1389658520318378,0.01993749999999991,0.019179142857142624,0.01903679999999953,0.019950416666666783,0.018785307692307483,0.01992900000000024,0.018515333333333276,0.019290249999999738,0.0179121200000003,0.021995109999999832,0.0214614699999998,0.019228042899141703,0.01907471618181708,0.018744020428802174,0.01923655388053408,0.01896272187114505,0.019236206289553425,0.018903137547171604,0.01910003978651919,0.018991371109168164,0.02008092530300138,0.023834753283756657,45.465631238599386,47.13243886580021,33.871978606389455,44.26395193967951,47.39206373982064,44.928718100186856,47.45637985637941,47.02892258492586,47.41256973455225,45.705483476954406,23.59042111806012,0.0002738320093890259,-0.000287494533433418,0.0005613265428224438,0.016501920722885973,0.019290249999999738,0.022078579277113503,-0.002668,17.16795315411232,12.670890221039233,29.604277971822988,37.265508924267785,-5.7119205298010565,-0.0009470000000002599,42.16985580024271,0.017580000000000002,3.117178612059135,1
2020-05-13,0.018128,0.019075,0.017841,0.019075,0.019075,11095216.0,41,0.13878575946883562,0.01986799999999991,0.01927999999999977,0.01875519999999953,0.019767666666666774,0.018827192307692097,0.019883076923077163,0.018587966666666605,0.01937934999999974,0.0179512200000003,0.021883439999999837,0.021417924999999803,0.019207637179256144,0.019074741983470072,0.018854346952534785,0.01921169943737499,0.01897103876957875,0.019213176819617227,0.01891422544735408,0.01909765504494593,0.01899465067351451,0.02006100599007066,0.023787392554565048,50.83026486765377,50.58745208380467,48.25720493628207,50.552534508748465,50.09780218278681,50.72220444669126,49.74678492842574,50.678338374099894,48.68297379685285,46.27170522800975,23.73609761888122,0.00024066066779623863,-0.0002565327000209642,0.0004971933678172029,0.01675041166921227,0.01937934999999974,0.02200828833078721,-0.0012889999999999985,42.374234761778006,20.70801171147184,26.910293755347414,31.042828019205903,-10.52688521042922,-1.3000000000262801e-05,48.03229789972308,0.018128,5.223962930273629,1
2020-05-14,0.018789,0.019328,0.018463,0.019088,0.019088,8913385.0,40,0.13864182706242295,0.019826285714285626,0.01936547619047596,0.01845379999999953,0.01962533333333344,0.018869576923076715,0.019715384615384853,0.018663999999999938,0.019461949999999742,0.018005740000000298,0.021775849999999836,0.0213676849999998,0.019191685555355324,0.019075947257700062,0.018932231301689858,0.019192668754701915,0.01897970256442477,0.019195294416814758,0.018925436708815108,0.019096735516855846,0.018998311431415903,0.020041738544722725,0.023740632429644,50.90130378494997,50.633848716937464,48.44196247514771,50.635364575065346,50.1343633207546,50.79872343682677,49.777839211811845,50.727268220646074,48.700326537282784,46.279472805444286,23.73810351635353,0.00021296619027714667,-0.0002273817420320449,0.0004403479323091916,0.016991042433999883,0.019461949999999742,0.0219328575659996,-0.0010529999999999984,51.77419354838708,37.10546048809239,26.43221979465636,27.64893050727551,-6.576576576576258,0.0003299999999997333,48.11203358017556,0.019075,0.06815203145478232,0
2020-05-15,0.019083000000000003,0.019247,0.018378,0.018758,0.018758,6056027.0,44,0.13854409726667385,0.01964699999999991,0.01942842857142834,0.01852579999999953,0.01949150000000011,0.01893096153846133,0.019558615384615625,0.018747566666666604,0.01952729999999974,0.0180500200000003,0.021655289999999838,0.0213135799999998,0.01913386081464128,0.019047042961545517,0.018874154201126567,0.019125796638593928,0.01896328015224516,0.019132823785841226,0.018914634340504454,0.019064474991441004,0.01898888745371332,0.02001631797948069,0.02369105399750824,48.97678331793657,49.40030977707689,43.68987013601719,48.40553490188896,49.18443953602313,48.73014984438478,48.98383740382091,49.420486481179346,48.277635209783384,46.10856727237525,23.7221857890874,0.00016251648634877172,-0.00022226515676833594,0.0003847816431171077,0.01721637454406799,0.01952729999999974,0.02183822545593149,-0.0021480000000000006,69.1056910569105,54.41803978902511,36.600783947942425,29.981099165981988,-32.96558970317814,0.00015599999999973274,46.178812906757,0.019088,-1.7288348700754463,-1
2020-05-16,0.018709,0.018804,0.018448,0.018602,0.018602,3846816.0,41,0.13848201029898918,0.019490285714285627,0.019483238095237863,0.01873019999999953,0.019363250000000116,0.019017961538461328,0.01942307692307716,0.018798033333333276,0.01956394999999974,0.0180977000000003,0.021522539999999837,0.0212604799999998,0.019062946039355776,0.01900658451049592,0.01878343613408438,0.01904521254034871,0.018936518659486257,0.01905699181643533,0.018894464383052555,0.01902042975416091,0.01897371539670496,0.01998831168285731,0.0236404166442992,48.05650395584694,48.81140205236789,41.38675111592597,47.33795592020694,48.73116520206514,47.74045775668614,48.60511714052157,48.7965354202936,48.076432175937356,46.027412080371256,23.714630899360017,0.00010869388086245241,-0.00022087020980372416,0.00032956409066617657,0.01734223208012219,0.01956394999999974,0.021785667919877287,-0.0017140000000000002,58.22784810126577,59.70257756885437,47.72998412449049,36.920995955696355,-30.063030967388087,-0.0002330000000002677,45.50650233758983,0.018758,-0.8316451647297107,0
2020-05-17,0.018622,0.019213,0.018502,0.018835,0.018835,4032363.0,40,0.13841712344214388,0.019381071428571338,0.01952923809523786,0.01887159999999953,0.019190666666666783,0.019119999999999797,0.019322615384615625,0.018826333333333268,0.019608149999999738,0.0181554000000003,0.021391559999999837,0.021212554999999803,0.01903255323410834,0.018990985918632654,0.018800624089389588,0.019012872149525833,0.01892899875878357,0.01902527869980172,0.018890627971242708,0.01900276977757416,0.018968275577226332,0.019965473827751226,0.02359260155331115,49.57281634749869,49.748746448822075,46.446575504361384,49.152502026841404,49.45367661542279,49.39365004904799,49.211163384955995,49.79067758407317,48.40402610503067,46.170337355356715,23.75108148407716,8.387339074225966e-05,-0.00019655255993913356,0.00028042595068139315,0.01748872442992561,0.019608149999999738,0.021727575570073862,-0.0015949999999999992,66.8459986550101,64.72651260439538,57.66559322467005,47.33212043236758,-21.538244823214225,-0.00020600000000026847,51.678286171589654,0.018602,1.2525534888721657,1
2020-05-18,0.018836,0.019371,0.018697,0.019041,0.019041,4081241.0,50,0.13835162393084935,0.01930249999999991,0.019581142857142624,0.018864799999999533,0.01908441666666678,0.01920015384615364,0.01917915384615408,0.018861499999999937,0.01962619999999974,0.0182321400000003,0.02126905999999984,0.0211629899999998,0.01903367946956056,0.01899553265330241,0.01888074939292639,0.019017199511137242,0.018937295147021825,0.019027524599830044,0.01890032939245286,0.019006410751138524,0.01897112751537432,0.01994716741532051,0.023547311985616517,50.92972472806776,50.58682248102668,50.93983214234817,50.77697322825036,50.09932989002542,50.87334088436258,49.75248110556365,50.67962508557744,48.695926470579074,46.297325851252076,23.78344010104313,7.99043641154136e-05,-0.0001604172692527837,0.00024032163336819732,0.017534083811284573,0.01962619999999974,0.021718316188714903,-0.0014420000000000025,66.76737160120844,63.94707278582803,62.544220592556144,55.97993264723882,-15.532335498446452,5.6999999999730884e-05,57.971406945042325,0.018835,1.093708521369785,1
2020-05-19,0.019137,0.019156,0.018673,0.018984,0.018984,3326827.0,50,0.13829824099099694,0.019165214285714192,0.019595619047618813,0.01884399999999953,0.018963916666666775,0.0192651923076921,0.01907669230769254,0.018922233333333267,0.019572999999999736,0.0182911000000003,0.02109648999999984,0.0211118599999998,0.019027055540285817,0.018994484230274927,0.018915166261950927,0.0190120918940392,0.01894075476576095,0.019021306799854323,0.018905727496165575,0.01900427639388724,0.01897163231869297,0.019928094793234957,0.023501905896207397,50.52665772981007,50.34343937764372,49.55917165041638,50.29531420999535,49.9161201075934,50.43391967936283,49.60132512566536,50.42027054293437,48.61829704469787,46.26682293175839,23.780633676414038,7.133712827825378e-05,-0.00013518760407195478,0.00020652473235020856,0.017471951940795954,0.019572999999999736,0.02167404805920352,-0.001610999999999998,61.02719033232647,64.88018686284825,64.39481994934404,61.53487792218999,-30.153749607781357,-1.000000000264678e-06,58.243701061824815,0.019041,-0.2993540255238569,0
2020-05-20,0.018984,0.019346,0.018571,0.018985,0.018985,4738903.0,52,0.13822230083645054,0.019070142857142758,0.019544999999999764,0.01888939999999954,0.018839083333333447,0.019324769230769027,0.01896553846153869,0.019010399999999938,0.01953864999999973,0.0183472000000003,0.02094184999999984,0.0210606349999998,0.019021448134914375,0.018993622027522656,0.018938444174633952,0.01900792391034086,0.0189440321905194,0.01901612011416085,0.018910841851251668,0.01900244054685036,0.018972156541489326,0.019909419648814455,0.023456961558931698,50.53401642694517,50.347829936347964,49.58793703921223,50.304273615230635,49.919456685996245,50.44200717925445,49.60410081829021,50.4249439985509,48.61976277869908,46.267450223354864,23.780792251277827,6.389171982146974e-05,-0.00011410641002299109,0.00017799812984446085,0.01742201122721579,0.01953864999999973,0.021655288772783682,0.0005870000000000008,58.179848320693296,61.99147008474265,62.20965140210058,63.049563981333506,-23.00777873811553,0.0009889999999997331,52.50431308207118,0.018984,0.005267593763158551,0
2020-05-21,0.018954,0.01911,0.017762,0.017996,0.017996,4595500.0,49,0.13814833279288746,0.01889628571428562,0.01946519047619024,0.01876819999999953,0.018622500000000115,0.01934573076923057,0.018774230769231,0.01907086666666661,0.01937504999999973,0.018378180000000303,0.02075886999999984,0.0210061049999998,0.018884721716925797,0.018902929115929692,0.018624296116422637,0.01885224330874996,0.018873807583814253,0.018870388669280726,0.01885181979633221,0.01890658906619794,0.018933875892803462,0.01987153015081813,0.023402623632972182,43.653674813034286,46.122544177495385,29.572815001641665,42.16175239905992,46.7226419470061,42.973828020130796,46.96092745029258,45.92913523886597,47.259775682661314,45.73413366004984,23.731717226056208,-2.156427506428901e-05,-0.00015964992392699986,0.00013808564886271085,0.0173162012185254,0.01937504999999973,0.02143389878147407,0.0004159999999999997,14.543194530764554,44.58341106126136,53.472720688000344,60.0257306798149,-36.546546546546345,-0.002463000000000264,43.66960226272379,0.018985,-5.209375823018158,-1
2020-05-22,0.018008,0.022341,0.017931,0.020459,0.020459,13335147.0,42,0.13793770046028486,0.01889457142857133,0.019426666666666436,0.01909299999999953,0.018794250000000116,0.01944534615384595,0.01876376923076946,0.019187599999999937,0.019358199999999732,0.0184479600000003,0.02060456999999984,0.020960844999999798,0.019094625488002358,0.019044390105390625,0.01923586407761509,0.019099436645865355,0.018991229244272455,0.01909733314509776,0.018955508841730133,0.019054437726560042,0.018993684681320976,0.019883163217138563,0.023373333845579426,58.668967010956194,55.80014455625392,68.07809832082431,59.74232264995627,54.292588039673845,59.181809190979536,53.35686688790233,56.15194268565318,50.75858871631082,47.26315362167914,24.123617001448608,0.00010820740159289688,-2.390259781585117e-05,0.00013210999940874805,0.017343269038735176,0.019358199999999732,0.02137313096126429,0.002331,58.89932299628744,43.87412194924834,51.883385556255796,55.855252548785494,-0.2646085997791849,0.00012099999999973936,48.84753893793923,0.017996,13.68637474994443,1
2020-05-23,0.020473,0.020949,0.020035,0.020338,0.020338,7064378.0,40,0.13782660757361914,0.018876214285714198,0.019404857142856908,0.01935239999999953,0.019024083333333445,0.019537153846153642,0.018913000000000228,0.019289099999999938,0.01935689999999974,0.0185184200000003,0.02041574999999984,0.020914479999999798,0.01926040875626871,0.01916199100490057,0.01960324271841006,0.01928998485419376,0.019090990040993017,0.019274571267226655,0.019044701819683024,0.019176681752601944,0.01904640292911231,0.01989216988610612,0.023343131518757738,57.85742413984699,55.289023387201006,65.95234702159375,58.791250220166084,53.90186834779889,58.305077464916494,53.03222120161828,55.609608525110815,50.5904111350623,47.197168701853506,24.117498425917784,0.00019899481320074383,5.35078510335966e-05,0.00014548696216714718,0.017344669616692544,0.01935689999999974,0.02136913038330693,0.0012629999999999968,56.25682463419958,43.23311405375043,49.781276162854034,51.712460802369975,-2.8307082277780986,0.00018399999999973302,47.745667669321186,0.020459,-0.5914267559509412,0
2020-05-24,0.02034,0.021391,0.020049,0.020154,0.020154,12849646.0,43,0.13762523012145805,0.01900164285714276,0.01939485714285691,0.01958639999999953,0.019192916666666775,0.019593846153845944,0.019111000000000225,0.019379699999999937,0.019357549999999737,0.0185691600000003,0.02021844999999984,0.020866569999999796,0.01937955425543288,0.019252173640818698,0.01978682847894004,0.019422910261240874,0.019169731519437974,0.01940020394333713,0.019116269444219604,0.01926975968092557,0.01908983810836281,0.019897354640836692,0.0233113988668298,56.58222295608197,54.49383188413599,62.39699652147831,57.288814556556794,53.29618760128917,56.9240838491585,52.529994769284656,54.765054472452974,50.33174879133514,47.096182618187825,24.10815361829086,0.00025317874180289657,8.615342370859954e-05,0.00016702531809429706,0.017344245047615697,0.019357549999999737,0.021370854952383774,0.0010659999999999977,52.238480017471026,55.798209215985906,48.02353409988294,49.896065272997504,24.8514010755737,-0.0007860000000002727,44.75055793862914,0.020338,-0.9047103943357282,0
2020-05-25,0.020157,0.021467,0.019663,0.02094,0.02094,10149418.0,41,0.13746687316543754,0.01924164285714277,0.01943290476190453,0.01997739999999953,0.019348333333333443,0.01962815384615364,0.019327307692307918,0.019495999999999937,0.019359249999999738,0.018641300000000298,0.02007935999999984,0.0208240249999998,0.019587613688041832,0.01940561240074427,0.020171218985960027,0.01965630868258843,0.019300862517998132,0.019620174808574684,0.019233929480076403,0.019428830187504083,0.019162393476662303,0.0199180010835924,0.023287802858204632,60.56069917333824,57.24565895347667,70.53832929203973,61.80578832229313,55.513677229716976,61.15654124002159,54.43474786660837,57.64992183752426,51.41412910850929,47.580096297713425,24.23418601198031,0.00035544616459030204,0.00015073667719680395,0.0002047094873934981,0.017340390095126536,0.019359249999999738,0.02137810990487294,0.002182,69.40379995632236,59.29970153599756,50.26832442700875,49.35771156324849,47.767984077339236,-0.0010360000000002726,49.05232045001376,0.020154,3.899970229234895,1
2020-05-26,0.020976,0.022713,0.020864,0.021976,0.021976,11833347.0,39,0.13728461351955445,0.01951649999999991,0.01948385714285691,0.020773399999999533,0.01958900000000011,0.019716769230769017,0.019550461538461763,0.019632899999999936,0.019442249999999738,0.0187098800000003,0.01996924999999984,0.0207942949999998,0.01990606519630292,0.019639284000676608,0.020772812657306683,0.02001318426988252,0.01949902084999827,0.019956721264492584,0.019410837255555344,0.01967141778869417,0.019272730987381432,0.019958753537382648,0.02327475009344637,65.07956328039604,60.54056005777571,78.053730047131,66.81678103619164,58.22835606505638,65.91093410392514,56.79588994571443,61.08469983474357,52.79708156176443,48.2107329906035,24.400492542311877,0.0005141634198842504,0.0002475631459926019,0.00026660027389164854,0.017141025714919808,0.019442249999999738,0.02174347428507967,0.0033739999999999985,84.58803847762441,68.74343948380583,64.27729321638073,54.189717247757386,51.15660728529702,-0.0007840000000002775,49.804847823734676,0.02094,4.947468958930279,1
2020-05-27,0.021976,0.02331,0.021912,0.02276,0.02276,22914841.0,39,0.13693576738134122,0.0197797142857142,0.019600238095237858,0.02123359999999953,0.01992250000000011,0.01977415384615364,0.019832923076923303,0.01979319999999993,0.01955874999999974,0.0188034000000003,0.01986589999999984,0.0207681149999998,0.020286589836795862,0.019922985455160552,0.021435208438204456,0.02043577130528521,0.01974057486110951,0.02035718965527936,0.01962691227132597,0.0199655684754852,0.019409486634935098,0.02001422376436517,0.02326962820196929,68.04793656588083,62.81260844699648,82.18140726172433,70.03930742530686,60.139869640238906,69.00292933449151,58.47840559184032,63.440764305215765,53.81188967532254,48.68260616727653,24.526487435071548,0.0006951964441757018,0.00034287693622724264,0.0003523195079484592,0.016847579045027712,0.01955874999999974,0.02226992095497177,0.003924999999999998,84.91911159857412,79.63698334417353,69.48125093683808,61.34228952674243,50.07473841554616,0.0007239999999997179,49.41497965815586,0.021976,3.567528212595561,1
2020-05-28,0.022764,0.022992,0.021785,0.022036,0.022036,10134930.0,41,0.13678162989577186,0.019990285714285624,0.019676714285714055,0.02157319999999953,0.020208666666666774,0.019821846153845944,0.02008507692307715,0.0199050666666666,0.019636399999999738,0.0188687400000003,0.01974987999999984,0.0207363599999998,0.020519844525223083,0.020115077686509598,0.021635472292136304,0.02068196033524133,0.01991060635287917,0.020597019704525158,0.01978233728607913,0.02016275243020089,0.019512487159055292,0.02005425893734804,0.023257353294487013,62.76873828571006,59.49826976388714,68.00706830620793,63.83723742089144,57.61162628888594,63.29353242365343,56.38310665854326,59.9229586994995,52.7437964944792,48.272375545441726,24.488609467680305,0.0007713539823621557,0.0003352275795309573,0.00043612640283119847,0.01673171895768022,0.019636399999999738,0.022541081042319257,0.002995000000000001,65.06717850287906,78.19144285969244,71.24332171057397,68.33395528793083,36.53035935563866,-0.0002470000000002817,48.97575119398427,0.02276,-3.181019332161683,-1
2020-05-29,0.0221,0.022915,0.022046,0.022283,0.022283,7447071.0,48,0.1366687764438859,0.020242071428571342,0.01976242857142834,0.021998999999999533,0.020496000000000108,0.01989565384615364,0.020368230769231,0.0199795666666666,0.01972079999999974,0.0189430800000003,0.019661809999999842,0.020712044999999797,0.02075493192186,0.02031216153319054,0.021851314861424203,0.020928274129819586,0.020086339215628867,0.02083787403245014,0.01994367036439661,0.020364680770181758,0.01962113472144528,0.020098392423737187,0.023247658236830424,63.79542531125014,60.24794203414184,70.11711196299794,64.98325451036533,58.23368496909046,64.37646832329642,56.927174005185535,60.70351603600349,53.067956123058394,48.42213607552352,24.528572489865066,0.0008419349141907187,0.00032464680908761624,0.0005172881051031025,0.016608188059128753,0.01972079999999974,0.022833411940870726,0.0032990000000000003,71.83986838497395,73.94205282880895,75.16359938407456,71.96272401049544,44.13421810442022,-0.0009960000000002814,45.24559829165842,0.022036,1.1208930840442832,1
2020-05-30,0.022281,0.02332,0.021966,0.023279,0.023279,7450618.0,48,0.13655652618402914,0.02057614285714276,0.019890238095237864,0.02246679999999953,0.02084916666666678,0.020016346153845947,0.02071007692307715,0.02009979999999993,0.01996484999999974,0.019065060000000304,0.01958344999999984,0.02069359499999979,0.02109147433227867,0.02058187412108231,0.02232720990761614,0.021289924263693496,0.02032283260706377,0.02118660631352869,0.02015885292153231,0.0206422349825454,0.019764580418643502,0.020161374751980016,0.02324797009517042,67.64963321171042,63.13082530316493,77.34668686545734,69.24140046099778,60.651722969828285,68.42213411190491,59.055305186263894,63.69716825015158,54.355756847672225,49.023214363328975,24.690092531249814,0.0009670916566297296,0.00035984284122130163,0.0006072488154084281,0.01653926648309416,0.01996484999999974,0.02339043351690532,0.004293999999999999,98.33061889250804,78.41255526012023,80.94896317131169,75.78529475531997,52.98515917072668,0.0008319999999997148,51.32048139150295,0.022283,4.469775164923928,1
2020-05-31,0.023279,0.023401,0.022404,0.022447,0.022447,7111298.0,51,0.13644949628977832,0.02083414285714277,0.020083047619047386,0.022560999999999533,0.021137750000000108,0.020075615384615175,0.020972076923077152,0.02013909999999993,0.020208199999999742,0.0191736800000003,0.01949000999999984,0.020671339999999788,0.021272211087974845,0.02075143101916573,0.02236713993841076,0.02146793591543296,0.020480178339873856,0.02136666255445316,0.020306475313691515,0.020814117365160124,0.01986977334340258,0.020206634657881403,0.023240000243477183,61.7647284984023,59.36332714592071,62.25019201290128,62.377103524014856,57.751352177143346,62.07976165673211,56.63972962633778,59.70755992597516,53.11395584847291,48.54589879862199,24.645811571418857,0.0009877575755591027,0.0003044070081205397,0.0006833505674385629,0.016804529189067753,0.020208199999999742,0.023611870810931725,0.004450999999999997,40.96534653465344,70.3786112707117,72.2244247827175,76.11232911270116,38.31954169318947,-0.0005880000000002898,51.36156354490997,0.023279,-3.574036685424631,-1
2020-06-01,0.022436,0.023101,0.022414,0.023035,0.023035,8195986.0,50,0.13632649809772052,0.02111942857142848,0.02034280952380929,0.02261599999999953,0.02147525000000012,0.0201801923076921,0.02128369230769253,0.02021373333333327,0.02045354999999974,0.019290620000000303,0.019404169999999842,0.020653344999999792,0.0215072496095782,0.020959028199241576,0.022589759958940504,0.02170902269767404,0.02066942438877209,0.02160499647524557,0.02048250916442109,0.02102562999704964,0.019993899878955418,0.0202626418923788,0.0232379604400595,64.1276589138208,61.082857748569786,67.61139124801045,65.03125878278998,59.18382725764532,64.5787148615252,57.89739503158303,61.49712145115655,53.8735999854059,48.90103203171977,24.74167851862321,0.0010395983089019518,0.00028499819317071115,0.0007546001157312407,0.01697464318596034,0.02045354999999974,0.023932456814039143,0.0025759999999999984,77.35148514851495,72.2158168585587,70.71089949270566,74.62809581557818,40.721859706362594,0.0003359999999997116,51.37818869983379,0.022447,2.6195037198734727,1
2020-06-02,0.02306,0.024259,0.022466,0.022699,0.022699,11131867.0,56,0.13616029449475284,0.021384785714285624,0.020560476190475963,0.022748599999999532,0.021867166666666785,0.02026746153846133,0.021569384615384844,0.0202915666666666,0.02063474999999974,0.0194066800000003,0.019308499999999843,0.020637219999999797,0.02166614966163444,0.02111720745385598,0.022626173305960336,0.021861326898031882,0.02081976332293712,0.021761282693067627,0.020625508573168118,0.0211849985687592,0.020099982236643443,0.0203108866073812,0.023232597649611147,61.78974595361742,59.57377781090935,61.61138919968101,62.31008368161213,58.01653813098365,62.061858244247524,56.922496397266904,59.900848015194995,53.3696090303095,48.70701219551323,24.72361503594977,0.0010415635750947623,0.00022957076749081733,0.000811992807603945,0.017081449332831754,0.02063474999999974,0.024188050667167726,0.002361000000000002,31.966855647623248,50.094562443597106,64.0908349216545,69.00871973235914,36.829582631109744,-0.0005220000000002932,44.16757859397314,0.023035,-1.4586498806164472,-1
2020-06-03,0.022723,0.023845,0.022699,0.023221,0.023221,9883356.0,48,0.13601328823393216,0.021687357142857053,0.02075790476190453,0.022936199999999532,0.02209733333333345,0.020372769230769028,0.02197130769230792,0.020394233333333272,0.02084139999999974,0.019534960000000302,0.01922886999999984,0.0206205949999998,0.021873463040083186,0.021308461321687254,0.022824448870640224,0.022070507375257748,0.02099763270642326,0.02196981373691511,0.02079295963296373,0.02137890346697261,0.02022237509010841,0.02036851261515583,0.02323248225011253,63.975851500095395,61.13645724907568,67.06088071479437,64.7897688050666,59.31124495611528,64.38420782520892,58.056302563596184,61.52976108079136,54.05078023988266,49.02436573499897,24.809325450494423,0.0010728746688344892,0.0002087054889844354,0.0008641691798500537,0.01718755096101114,0.02084139999999974,0.024495249038988337,0.0030670000000000038,54.73179241168787,54.683377735941924,60.66921972699729,65.15698471378572,39.932126696832974,0.00019299999999971423,42.648644319419105,0.022699,2.299660778007828,1
2020-06-04,0.023213,0.023347,0.022565,0.023028,0.023028,6979373.0,54,0.13590945396210374,0.022046785714285626,0.02094552380952358,0.022885999999999528,0.02232150000000012,0.020466346153845957,0.022168923076923305,0.0204649666666666,0.02105489999999974,0.019670500000000302,0.01917104999999984,0.0206031149999998,0.022027401301405423,0.021464783019715685,0.022892299247093482,0.0222178139329104,0.02114803028372524,0.022120983203070096,0.020937155785675742,0.021535960279641882,0.020332399596378663,0.0204211757316874,0.02323044760085768,62.55802126407199,60.234589439883315,63.087458903944,63.12624047628209,58.617187554401866,62.85226016314453,57.478313594732455,60.57448575674324,53.75464492429779,48.91135927745057,24.798833434103628,0.0010697836491851617,0.00016449157546808628,0.0009052920737170753,0.017414644664864382,0.02105489999999974,0.0246951553351351,0.002088,33.638814016172496,40.11248735849443,47.730858751730175,57.49697113346057,51.2841418671019,0.0006289999999997131,46.0867150607254,0.023221,-0.8311442229016808,0
2020-06-05,0.023074,0.023203,0.022292,0.022399,0.022399,8612986.0,53,0.1357811837903051,0.02218535714285705,0.02111890476190453,0.02287639999999953,0.022508583333333446,0.02062023076923056,0.02232746153846176,0.020534399999999942,0.02124474999999974,0.019776720000000303,0.01915494999999984,0.0205880299999998,0.02207694779455137,0.02154971183610517,0.02272786616472899,0.022245688712462647,0.021240694707153,0.022160699888345795,0.02103146831563215,0.021618154538723608,0.020413442749461858,0.020460340568683687,0.02322217449040138,58.06460940182081,57.34627448545868,51.21884988601964,57.879340474564934,56.38413460115114,58.00796886415347,55.613712896680525,57.51861898303886,52.79312320608231,48.54303283850028,24.76453032394115,0.0010049940053096472,7.976154527405739e-05,0.0009252324600355898,0.017749988333593602,0.02124474999999974,0.02473951166640588,0.00042300000000000323,5.439755973563951,31.270120800474658,40.625740639512294,49.675273039413156,24.31687139634037,0.0002139999999997144,43.52382449932641,0.023028,-2.731457356261946,-1
2020-06-06,0.022399,0.022409,0.021879,0.022185,0.022185,5910522.0,54,0.1356929606267417,0.022317285714285626,0.02128952380952358,0.02270639999999953,0.022612333333333446,0.020797346153845948,0.02248369230769253,0.020592899999999942,0.02141224999999974,0.0198607000000003,0.01913055999999984,0.0205772949999998,0.02209135475527785,0.02160746530555015,0.022546910776485997,0.022236351987468397,0.02131064324736389,0.022164171332867823,0.021105889714623623,0.02167213982074993,0.020482915582816296,0.020494492240590943,0.023211854346218284,56.58309368116539,56.382643966932,47.565484675565756,56.1589113870146,55.63531340758682,56.41484136719694,54.986604959166065,56.50038286424533,52.467439321554295,48.41774404882183,24.752823039419212,0.0009257087401045028,3.8102405513031935e-07,0.0009253277160493725,0.01808676607799554,0.02141224999999974,0.02473773392200394,-0.0005749999999999991,12.857142857142884,17.311904282293003,27.72687218123788,38.69449052416002,22.884400941643356,0.0004449999999997165,38.363737890819365,0.022399,-0.9553997946336823,0
2020-06-07,0.022171,0.022276,0.02108,0.02174,0.02174,5804697.0,54,0.1356061005550645,0.02243057142857133,0.021427857142856915,0.02251459999999953,0.022592666666666775,0.020936269230769026,0.02254523076923099,0.02063479999999994,0.021547199999999742,0.019935780000000302,0.01910687999999984,0.0205660299999998,0.022044507454574137,0.0216195139141365,0.02227794051765733,0.022159990143242485,0.02134244745126286,0.022103575428172418,0.021146800055615648,0.021678602694964227,0.020532213010941148,0.02051915576057924,0.023197209029340488,53.539554019813366,54.391573709873974,40.37858129639324,52.63445852642398,54.0842530494646,53.146208931714284,53.68581658323465,54.397782286772326,51.78978312210864,48.1567024865224,24.728392432221714,0.0008175426919796239,-8.622801925579882e-05,0.0009037707112354227,0.018413348520676567,0.021547199999999742,0.024681051479322917,-0.0002960000000000011,23.869801084990893,14.055566638565798,26.107461268711404,31.486691363153767,19.035045607297565,-0.0006990000000002827,44.23059106643323,0.022185,-2.005859815190447,-1
2020-06-08,0.02179,0.022524,0.021468,0.022439,0.022439,7165941.0,53,0.13549947175808458,0.022537642857142763,0.02158966666666644,0.02235819999999953,0.022565916666666783,0.02106565384615364,0.02258084615384637,0.020696266666666602,0.02171994999999974,0.020041320000000303,0.01908805999999984,0.0205664749999998,0.022097106460630917,0.021694012649215,0.022331627011771552,0.022202914736589797,0.02142367356598413,0.022151493224147792,0.021230167793963025,0.021751021485920008,0.0206069889712964,0.02055717247819153,0.023189664660889342,57.396291426858575,56.89638707680543,53.5949829165489,57.20478770970006,56.081506476730546,57.32848437087811,55.39842297351516,57.03488949344411,52.76720163376786,48.59638310949998,24.845489979446203,0.0007792411706056615,-9.962363250380896e-05,0.0008788648031094706,0.01880796637697365,0.02171994999999974,0.024631933623025837,0.00015599999999999642,59.947066607851646,32.224670183328364,27.15051610794416,26.994949852631056,18.18071558520352,-0.00015000000000028183,46.31738858709818,0.02174,3.215271389144436,1
2020-06-09,0.022395,0.022914,0.022191,0.022589,0.022589,6456206.0,52,0.13540393141145782,0.022581428571428475,0.0217613333333331,0.02227039999999953,0.022612000000000108,0.021200307692307484,0.022567692307692528,0.0208359666666666,0.021900149999999743,0.020166300000000303,0.01907128999999984,0.0205749699999998,0.022162692265880128,0.02177537513565,0.0224174180078477,0.02226231246942213,0.0215099940425779,0.02221399419212668,0.02131783438790089,0.02183082896345144,0.020684714893990656,0.02059740668654417,0.02318368789809442,58.19419533004775,57.422080078152455,56.10087363956386,58.14369360575451,56.50313884047822,58.19094059112709,55.761168212805224,57.58752504557974,52.97587951156374,48.690697134672405,24.87069610626203,0.0007523184268442318,-0.00010123710101219079,0.0008535555278564227,0.01926819309151113,0.021900149999999743,0.024532106908488355,-0.0006899999999999996,71.07866227037195,51.631843321071386,34.63848575878404,29.298821045146447,8.329936132627111,-0.0003810000000002839,51.70580343701537,0.022439,0.6684789874771724,0
2020-06-10,0.022639,0.023201,0.022191,0.02297,0.02297,6206821.0,54,0.13531241474685962,0.022596428571428472,0.02195109523809501,0.022384599999999533,0.02266925000000011,0.021362307692307483,0.02263953846153868,0.02101563333333327,0.02214884999999974,0.020302060000000302,0.019045889999999843,0.020581554999999804,0.022270333297096108,0.021883977396045456,0.0226016120052318,0.02237118747412642,0.02161814263201657,0.022321995021822864,0.02142442571771374,0.02193932144312273,0.020774333917755728,0.02064438873235518,0.023181561650352185,60.221631059422926,58.76043022172659,62.305187278871486,60.52670482133247,57.57739528476888,60.38131065069854,56.685773193636074,58.99419197448458,53.50804224421225,48.93107496389061,24.93496318352713,0.000753044842109845,-8.040854859726215e-05,0.0008334533907071071,0.020225621106012417,0.02214884999999974,0.02407207889398706,0.0005229999999999993,89.108910891089,73.37821325643742,51.372316742289065,37.72043953633899,3.0189764232321297,0.0018929999999997144,54.827342796328495,0.022589,1.686661649475396,1
2020-06-11,0.022961,0.023633,0.021072,0.021077,0.021077,10119390.0,52,0.13516238969239666,0.022527928571428477,0.02209780952380929,0.022162999999999537,0.02248575000000011,0.021457499999999796,0.02254676923076945,0.02111393333333327,0.02217974999999974,0.020384460000000302,0.019000929999999843,0.0205868699999998,0.02211122219081663,0.021810615814586782,0.02209340800348786,0.0221720817088762,0.021578057992607938,0.022144138590133883,0.0214020111552806,0.02185719559139676,0.020786203175882957,0.020652955292110524,0.023160620738408383,47.864607553319594,50.49831543836574,33.81290510736163,46.3293074568529,51.06967074612362,47.16102939109137,51.192570857538215,50.29229302678762,50.60569747412049,47.80714786699376,24.828908825755853,0.0005940237162682625,-0.0001915437395510757,0.0007855674558193383,0.02035342105351364,0.02217974999999974,0.02400607894648584,-0.001957999999999998,0.19523623584543265,53.46093646576869,48.83993541802957,44.950245973034136,-11.803076923076606,-0.0007450000000002803,41.7305129554785,0.02297,-8.241184153243374,-1
2020-06-12,0.021117,0.02193,0.020935,0.021822,0.021822,6687401.0,38,0.1350631444095529,0.022494999999999904,0.022162714285714057,0.022179399999999537,0.022433666666666782,0.02157238461538441,0.02243469230769253,0.021205499999999936,0.02225394999999974,0.020475040000000302,0.01896349999999984,0.02059279499999981,0.022072659232041082,0.02181165074053344,0.02200293866899191,0.022118222984433708,0.021596127770933275,0.022098118791543327,0.021429107209778617,0.021853843630311356,0.020826822659181662,0.02067610469226675,0.023147301129070985,52.016289444838314,53.210762494755926,45.56840265076306,51.20876234019793,53.2300981669671,51.64790280285044,53.043104543406855,53.14808818902577,51.65828406324121,48.279367721384574,24.955153301261948,0.0005220952135004328,-0.00021077779385512431,0.0007328730073555571,0.020633726042207257,0.02225394999999974,0.023874173957792226,-0.0008769999999999992,32.87620459599709,40.72678390764373,50.6412161202308,50.28448942684972,-5.346167227182809,1.899999999972063e-05,48.27423018097767,0.021077,3.5346586326327367,1
2020-06-13,0.021839,0.021991,0.021616,0.021803,0.021803,6028825.0,38,0.13497401099267606,0.02238957142857133,0.02223247619047596,0.022052199999999536,0.022331000000000108,0.021678615384615182,0.02238515384615407,0.021295999999999937,0.022336399999999743,0.02056238000000031,0.01891499999999984,0.020597459999999804,0.02203670466776893,0.02181086430957585,0.021936292445994602,0.02206972714067468,0.021611451639753032,0.022055958964179997,0.02145322932527677,0.02184900137980551,0.020865104123527482,0.02069841945083573,0.02313392499843346,51.90334955493049,53.132975651967676,45.322050803428446,51.08045594395252,53.16792557075735,51.527728260723045,52.99015721665278,53.06644687966875,51.629663526786395,48.26811876358303,24.95407914746961,0.0004582755009216455,-0.0002196780051471293,0.0006779535060687747,0.021028371930232263,0.022336399999999743,0.023644428069767225,-0.0014180000000000026,32.17197924388436,21.74780669190885,45.08619864743734,48.189116728565814,-19.304211352340776,-0.0006600000000002784,46.68110588485568,0.021822,-0.08706809641646496,0
2020-06-14,0.021823,0.023328,0.021722,0.022463,0.022463,10823780.0,40,0.13481532694473988,0.02239071428571419,0.022342428571428343,0.022026999999999537,0.022311333333333443,0.02181242307692287,0.02234115384615407,0.02141949999999993,0.022412549999999743,0.0206626200000003,0.01887516999999984,0.020602634999999803,0.022093544045399743,0.021870149372341684,0.02211186163066307,0.02213023065749396,0.021674529296067627,0.02211410768358285,0.02151837582042021,0.021907477438871645,0.02092776670691856,0.020733361639928092,0.023127249127802285,55.49941256795067,55.50029845446005,55.37780272590907,55.295549596772005,55.061327125761274,55.40906548035176,54.61625337138739,55.55650862732186,52.56091001813207,48.68757337716013,25.066678942858506,0.00045570136142633616,-0.000177801715713951,0.0006335030771402871,0.021281451702938183,0.022412549999999743,0.023543648297061303,-0.0005649999999999995,56.634544106745736,40.56090931554228,42.19737501471211,45.974929927459996,0.2140754616006146,0.00018299999999971808,46.674964085098544,0.021803,3.0271063615098903,1
2020-06-15,0.022464,0.022771,0.020714,0.02228,0.02228,10879154.0,37,0.13465545653226646,0.022336785714285625,0.022406238095237868,0.021888999999999537,0.022232916666666783,0.02193915384615364,0.0223089230769233,0.02154209999999994,0.022427749999999743,0.0207508400000003,0.01884258999999984,0.02060737499999981,0.022118404839346444,0.021907408520310617,0.022167907753775383,0.02215327209480258,0.021719378977840396,0.02213780658592816,0.021567512864264067,0.02194295577802673,0.020980795463509987,0.020763988142107732,0.023118818788222164,54.29345964406585,54.69775211192152,52.18455426129415,53.900508660223906,54.4277243356298,54.1151709557946,54.08027910113151,54.71142217387303,52.27626902159008,48.577270120013225,25.056202858599487,0.0004338931169621876,-0.0001596879681424795,0.0005935810851046673,0.02131330477585654,0.022427749999999743,0.023542195224142942,-0.00011900000000000105,53.6485097636177,47.485011038082476,35.10529478921784,40.796289483789,-10.680435705191314,-7.500000000028316e-05,48.19195175578908,0.022463,-0.8146730178515749,0
2020-06-16,0.022288,0.022692,0.022182,0.022355,0.022355,6576001.0,39,0.13455945818458628,0.0223122142857142,0.022424285714285487,0.02214459999999954,0.022176833333333448,0.02210680769230748,0.022242307692307915,0.021659433333333263,0.022407499999999744,0.020838920000000302,0.01885049999999984,0.02060946499999981,0.022149950860766918,0.02194809865482784,0.022230271835850253,0.022184307157140645,0.021766462016518884,0.02216883421650985,0.02161831848592445,0.021982198084881333,0.021034685837489988,0.02079549332741253,0.023111218601274682,54.7254455233161,54.977276767572135,53.50315081462163,54.41116362667829,54.649825053777725,54.58326041353904,54.27033034393965,55.00594624191756,52.38406368221242,48.625448234639386,25.069101363134962,0.0004178451406217608,-0.00014058875558632517,0.0005584338962080858,0.02130380810948206,0.022407499999999744,0.023511191890517428,0.00016999999999999999,62.77735271614381,57.6868021955023,47.62171808527752,41.64146262973572,-5.0528789659220665,-0.0011520000000002847,48.37255498410516,0.02228,0.3366247755834717,0
2020-06-17,0.022337,0.023824,0.022049000000000003,0.023507,0.023507,12542823.0,38,0.1343779767287143,0.02233264285714277,0.022459857142856917,0.022481599999999536,0.02226916666666678,0.02222403846153825,0.02227915384615407,0.02180829999999993,0.022481049999999742,0.0209354600000003,0.018871969999999842,0.02062165499999981,0.022330890745998,0.0220898169589344,0.02265584789056684,0.02238779836373439,0.021895390756036,0.022360000757008443,0.02174016890618739,0.022127417314892636,0.02113163933405901,0.0208491865288499,0.02311515672464508,60.81961271462232,59.04372647562192,69.17258460852497,61.506488416414506,57.920947709613856,61.14065240852212,57.089167998144525,59.277154422772036,54.01149815101885,49.36146614847085,25.267651219250325,0.0004924076076983884,-5.282103080775802e-05,0.0005452286385061464,0.021289073229767374,0.022481049999999742,0.023673026770232114,0.0017670000000000012,89.80707395498388,68.74431214491501,59.00789195707488,47.24496827718997,3.845119655821821,-0.0008890000000002854,51.51258590004394,0.022355,5.153209572802497,1
2020-06-18,0.023495,0.024715,0.023091,0.024396,0.024396,15104141.0,40,0.13416205989694888,0.02243035714285705,0.022572238095237868,0.02300019999999953,0.02245341666666678,0.02238011538461517,0.022432769230769454,0.02198869999999993,0.022586699999999744,0.021022420000000302,0.01890377999999984,0.02064091999999981,0.0226062386465316,0.02229946996266764,0.023235898593711224,0.02269675246162141,0.022080621070403702,0.022650857791721518,0.021911512847723687,0.02234347280871238,0.0212596534778214,0.020919420458971685,0.023127901433852592,64.74346225661489,61.83080565287789,76.50485454897554,65.93839203496408,60.22036781046752,65.30387928067628,59.099599504702894,62.185789487205504,55.216313457462995,49.92066917300978,25.42091552663921,0.000616131391217703,5.672220216924526e-05,0.0005594091890484577,0.02112466017055629,0.022586699999999744,0.0240487398294432,0.001957000000000004,92.02699325168707,81.53713997427148,70.97889475863542,59.2028349336625,16.81829358249366,0.0011419999999997127,63.86968749217564,0.023507,3.7818522142340605,1
2020-06-19,0.024412,0.024412,0.023109,0.023254,0.023254,7145601.0,39,0.13405976624226648,0.02249142857142848,0.02261847619047596,0.023158399999999538,0.022579583333333448,0.022499346153845943,0.022515000000000226,0.02213099999999993,0.022585449999999747,0.02109406000000031,0.018937019999999843,0.02065594999999981,0.02269260682699405,0.02238624542060694,0.023241932395807484,0.02278248285214119,0.022167538028151582,0.02273702096433273,0.021998124922064096,0.02243018968407311,0.02133786314535781,0.02096564975681383,0.02312915614595356,56.900386587509594,56.64344701055428,55.9800094814878,56.83243695448561,56.12877245582941,56.87440540921959,55.63933678939079,56.72128460895152,53.383807990823705,49.215527711220595,25.35378722787498,0.0006149448239896119,4.4428507952923323e-05,0.0005705163160366884,0.021125861669525018,0.022585449999999747,0.024045038330474472,0.0006650000000000024,63.48412896775807,81.77273205814289,72.34881173083788,67.44519948218262,9.887822366138877,-0.0004350000000002893,57.3181449968945,0.024396,-4.681095261518287,-1
2020-06-20,0.023254,0.024026,0.022956,0.023689,0.023689,7304565.0,38,0.13395535961726673,0.022598857142857053,0.022637999999999773,0.02344019999999954,0.02268375000000012,0.02260507692307671,0.0226649230769233,0.0223207666666666,0.022647549999999742,0.02114248000000031,0.019048099999999842,0.020673839999999808,0.02282545925006151,0.02250467765509722,0.02339095493053832,0.022921947028734853,0.02228023891495516,0.022873017969428054,0.02210721363676964,0.02255007638082805,0.021430064590637902,0.02101957748440168,0.02313472673156596,58.9308384500445,58.04794508283966,60.78849985133854,59.159780412793204,57.27699130481124,59.04309054397314,56.63862592018493,58.190701404455226,53.97724389618924,49.49001209716597,25.429170093829942,0.0006417081137796883,5.695343819439981e-05,0.0005847546755852885,0.02110920386492474,0.022647549999999742,0.024185896135074752,0.0007190000000000009,61.515378844711044,72.3421670213853,73.92218554705656,72.41663067884318,16.959855660803242,-1.7000000000294557e-05,58.399709617909934,0.023254,1.8706459103810191,1
2020-06-21,0.023697,0.02426,0.023387,0.023706,0.023706,7543485.0,37,0.13384796650586686,0.022739285714285625,0.022697952380952152,0.02371039999999954,0.02277683333333345,0.02267161538461517,0.02276238461538484,0.022428999999999928,0.02268109999999975,0.021200680000000305,0.019130939999999843,0.02069319499999981,0.022942864683386643,0.022613888777361108,0.023495969953692214,0.023042570562775644,0.022385850847180703,0.022992015402366905,0.022210361144074826,0.022660164344558708,0.02151931695963249,0.021072773969859068,0.02314041104269466,59.01169257768525,58.10351082032778,60.98834522032864,59.25278890567032,57.32232235128311,59.129590272811136,56.67803546142056,58.248869900718816,54.000586492327024,49.5007854866725,25.432127713620854,0.0006567197155949375,5.7572032007719273e-05,0.0005991476835872183,0.021079219276489758,0.02268109999999975,0.024282980723509744,0.0026289999999999994,62.15303825956489,62.384182024011224,73.79732265574077,73.35610664454498,23.293838862559692,-0.002218000000000296,58.508963277282476,0.023689,0.0717632656507261,0
2020-06-22,0.023705,0.0261,0.023661,0.025924000000000003,0.025924000000000003,14439826.0,38,0.13364566567061928,0.0229882142857142,0.022835523809523584,0.024193799999999543,0.02302300000000012,0.02279330769230748,0.0230189230769233,0.022615199999999933,0.022842349999999748,0.021311880000000304,0.019244439999999842,0.02072279999999981,0.023340349392268426,0.02291480797941919,0.02430531330246148,0.0234858673992717,0.02264793596961177,0.02341087034488592,0.022449950747682898,0.02297100583555312,0.021692049627882203,0.02116883785164404,0.023168108445254916,67.85756988350063,64.52570739702306,78.30212081290959,69.17506720032405,62.68649770491296,68.48233211033133,61.40694068182447,64.93261987749597,56.90912387147746,50.88134631316215,25.8179178046703,0.0008379314296599327,0.0001910269968581716,0.0006469044328017611,0.02068122687344201,0.022842349999999748,0.025003473126557485,0.0041020000000000015,94.40203562340972,72.69015090922842,74.71631498942592,74.14527439740766,34.9934732402856,-0.000293000000000293,62.32294344058362,0.023706,9.35628111026745,1
2020-06-23,0.025913,0.026774,0.025196,0.026217,0.026217,13252643.0,41,0.13346208238012916,0.023247357142857045,0.023003047619047395,0.024557999999999545,0.02345133333333345,0.02295411538461517,0.02326869230769253,0.022817299999999933,0.022992149999999743,0.021433400000000304,0.01935561999999984,0.02075329499999981,0.023723902806632637,0.023215007254017445,0.024942542201640987,0.02390604164553759,0.022912311082973855,0.023811746009902216,0.02269298618331626,0.023280148136929014,0.0218694986620829,0.021268801458542173,0.02319844567465536,68.81028197431921,65.26261418974374,79.72830249308639,70.21309060015571,63.31896813613066,69.47604632634263,61.973551357090166,65.69437035087661,57.27314744386803,51.05985674954936,25.868835914997927,0.0009937305625637334,0.00027746090380957784,0.0007162696587541557,0.020357133229907138,0.022992149999999743,0.025627166770092358,0.004414,85.41121005762183,80.6554279801987,73.39315835061288,73.96893199859309,35.9136804593154,2.1999999999709752e-05,63.25913509371584,0.025924000000000003,1.1302268168492446,1
2020-06-24,0.026188,0.026681,0.024811,0.026195,0.026195,13313543.0,50,0.13327800003411516,0.0234777142857142,0.023144666666666442,0.025146199999999543,0.023815750000000118,0.02310457692307671,0.023662384615384842,0.0229924666666666,0.023150499999999748,0.021539180000000303,0.019486159999999843,0.020782989999999814,0.02405338243241495,0.02348591568547041,0.025360028134427327,0.024258189084685654,0.023155473224975798,0.02415221086563047,0.022918922558586182,0.023557753076269103,0.02203912616553063,0.02136634994451164,0.023228262135604062,68.64659269445596,65.15614776701082,79.25890373698793,70.02128897918479,63.23539245840549,69.29937077183037,61.90303611596531,65.58205508412239,57.236116091620325,51.045788064595996,25.867496087851638,0.0011027158597098595,0.00030915696076456317,0.0007935588989452963,0.02015098400400164,0.023150499999999748,0.026150015995997856,0.003731999999999999,84.83499214248296,88.2160792745047,77.66333098555785,75.25760144186549,33.10068767320168,0.0008579999999997062,62.77867797943062,0.026217,-0.0839150169737235,0
2020-06-25,0.026127,0.026164,0.024713,0.025337,0.025337,9391249.0,43,0.13314793657349422,0.02378199999999991,0.023254619047618826,0.025475799999999545,0.024110250000000114,0.02318373076923056,0.02393276923076945,0.02310449999999993,0.02329739999999975,0.0216396000000003,0.019599649999999844,0.020807189999999816,0.024224531441426292,0.02365419607770037,0.025352352089618217,0.02442415999473401,0.023317067800903514,0.02432146645625469,0.023074927554806425,0.02372720516424348,0.022168454551196096,0.021444976678283684,0.02324924460191646,62.439943071023635,61.08470204964904,62.137819034236614,62.776017588090895,60.02657742975784,62.61209973340859,59.18895794756385,61.29102620496024,55.80087677632393,50.497723537774924,25.815090667342968,0.0011070921938305008,0.0002508266359081636,0.0008562655579223372,0.020167892058227242,0.02329739999999975,0.02642690794177226,0.003057000000000001,57.57307351638622,75.93975857216357,76.87486991989289,75.97711975202111,48.92053284336289,-0.0009400000000002877,61.5478361422955,0.026195,-3.2754342431761785,-1
2020-06-26,0.02533,0.026608,0.025125,0.026277,0.026277,9220722.0,40,0.1330212474705405,0.024100214285714197,0.02343928571428549,0.02598999999999954,0.024428083333333447,0.023331038461538247,0.0242769230769233,0.02322173333333327,0.02350199999999975,0.021756540000000303,0.01972125999999984,0.02083856999999982,0.024498193915902786,0.023892632797909426,0.02566056805974548,0.024709212303236475,0.023536322037873626,0.024600828391075448,0.023281512873851173,0.023970042767648858,0.022329573980560957,0.02154066030841668,0.02327937152130037,66.0437517946074,63.688914625543184,70.51212018037559,66.84742443154512,62.20835865890297,66.43372446480079,61.11883937582271,64.00060324678138,57.00565265780842,51.07892898553772,25.9802017945727,0.0011728902653628526,0.0002532997659524123,0.0009195904994104404,0.020151461818604704,0.02350199999999975,0.026852538181394797,0.0039219999999999975,84.03469322197233,75.48091962694706,81.25120091237437,78.59646727260828,50.039312591261826,0.0019019999999997023,66.44594783662751,0.025337,3.709989343647635,1
2020-06-27,0.026222,0.026721,0.023616,0.024375,0.024375,11099434.0,43,0.1328675799296238,0.02428392857142848,0.0235435714285712,0.025680199999999542,0.024602666666666776,0.02338257692307671,0.02442400000000022,0.023299699999999937,0.02363374999999975,0.021834380000000302,0.019795949999999844,0.02086425999999981,0.02448176806044908,0.023936484361735844,0.02523204537316365,0.02465779502581548,0.023598446331364462,0.024568567192350385,0.0233520604303769,0.024008610123110875,0.022409786765637,0.021596785846863874,0.02329027329720784,54.67158897186726,55.77674988391396,45.87525880474919,53.91989654013178,55.807932716136115,54.33216551559526,55.619585277039405,55.714837146532105,53.96949846688379,49.882043031063105,25.86314655620201,0.0010593486944510122,0.00011180655603245759,0.0009475421384185547,0.020368806130128887,0.02363374999999975,0.02689869386987061,0.0008680000000000008,24.03419886003808,55.21398853279878,67.17763355970006,75.10123479732233,23.845725941035017,-5.300000000029586e-05,58.1620317851004,0.026277,-7.238269208813786,-1
2020-06-28,0.024375,0.024854,0.02362,0.024428,0.024428,6877114.0,40,0.1327720569726126,0.024424285714285617,0.0236715714285712,0.025322399999999544,0.024775416666666772,0.023449076923076708,0.024589230769230988,0.023371199999999936,0.02373319999999975,0.0219110400000003,0.01987012999999984,0.020889679999999817,0.02447459898572253,0.023981167601578042,0.02496403024877577,0.02462244194492079,0.0236598947512634,0.02454848616487176,0.023421475886481618,0.02404855201614793,0.02248893238267084,0.021652849493460632,0.02330159396091721,54.90342635135317,55.93655059534092,46.5003155270053,54.187347221119616,55.93911317366955,54.58044772929418,55.734269090159245,55.88195372288585,54.039074585014,49.91507274148835,25.87249973222125,0.0009625471936573932,1.2004044191070973e-05,0.0009505431494663224,0.020500474990167186,0.02373319999999975,0.026965925009832317,3.2000000000000785e-05,26.151368760064532,44.740086947358215,55.3256653001886,67.91816659075425,19.30445033893345,0.0005779999999997107,59.975131345763295,0.024375,0.21743589743588032,0
2020-06-29,0.024388,0.024762,0.023246,0.02385,0.02385,6089876.0,41,0.1326873380273731,0.02453642857142848,0.023738761904761683,0.024853399999999547,0.02480400000000011,0.023473269230769016,0.024704230769230985,0.023390233333333267,0.023796249999999748,0.022020080000000303,0.01993969999999984,0.020914524999999816,0.024391319120959532,0.023969243274161854,0.024592686832517183,0.024503604722625284,0.02367397662154018,0.024448702427032936,0.023449122603482808,0.024029642300324318,0.022542307583350414,0.02169635742428319,0.02330705073742549,51.807297043324155,53.71881469133022,40.395289286193716,50.71007575400542,54.1197354489865,51.304568502376966,54.15716944634529,53.56721682713045,53.14549531077253,49.55534391215831,25.83677398881055,0.0008296281010851045,-9.673203870497432e-05,0.0009263601397900787,0.020608613695423942,0.023796249999999748,0.026983886304575558,0.0005959999999999992,17.381294964028793,22.522287528043705,41.834925864497755,54.77940824146205,14.847739738982707,0.0008409999999997099,53.86059406028902,0.024428,-2.3661372195840746,-1
2020-06-30,0.023767,0.024138,0.022741,0.023009,0.023009,5267389.0,44,0.13261372549106862,0.02458314285714276,0.023758761904761682,0.02438779999999955,0.024688416666666782,0.023472538461538243,0.02466592307692329,0.023408966666666604,0.02379819999999975,0.02212866000000031,0.02001168999999984,0.020935119999999814,0.024207009904831597,0.023881948431056232,0.02406479122167812,0.024273665534529087,0.023624719094018684,0.02424303065174252,0.0234207275968065,0.02393243827172201,0.02256060924674844,0.021722350346574614,0.02330408505844614,47.62082728119236,50.65735730118275,32.8621356808497,46.05187416173605,51.58468474339761,46.89431247756295,51.94709606039421,50.37907454858974,51.87248887472032,49.03600821388513,25.784709770759722,0.0006489464405104034,-0.00022193095942374028,0.0008708773999341438,0.02061264486540972,0.02379819999999975,0.02698375513458977,-0.0006799999999999966,6.733668341708569,16.75544402193387,31.667044829562226,42.94254533141611,5.767195767196044,0.00029799999999971516,50.30545695287738,0.02385,-3.5262054507337437,-1
2020-07-01,0.023062,0.023153,0.022525,0.022711,0.022711,6167511.0,42,0.13252726604315235,0.02452628571428561,0.023746428571428356,0.023674599999999556,0.02464316666666677,0.023484538461538248,0.02453630769230791,0.023398166666666602,0.023879899999999742,0.02222032000000031,0.020066219999999843,0.02095618499999982,0.02400754191752072,0.023775498573687485,0.023613527481118748,0.024033255452293845,0.02355703619816545,0.024024169130065016,0.023374938719593175,0.02381611081727229,0.022566506923346538,0.021741927567434524,0.023298183714581002,46.20335673034146,49.60787273444942,30.447769712089325,44.483305805827406,50.71062596013232,45.40489850592299,51.18232498400996,49.287668259162,51.427265443329574,48.85278157268598,25.766219720149326,0.0004762192541283953,-0.00031572651664459864,0.000791945770772994,0.020911808506208992,0.023879899999999742,0.026847991493790503,-0.0009949999999999994,4.432793136320359,9.515918814019145,15.74666481243183,29.74954516883052,-7.591073812702392,-0.00015500000000027994,46.17717118133288,0.023009,-1.2951453778956235,-1
2020-07-02,0.022726,0.023744,0.02246,0.022866,0.022866,5920898.0,42,0.13244456317518674,0.024416999999999904,0.023831619047618827,0.023372799999999548,0.02457458333333344,0.023510730769230555,0.024506461538461755,0.023403733333333274,0.023932099999999745,0.022296140000000308,0.020123679999999845,0.02097832499999982,0.023855336328517957,0.02369281688517044,0.02336435165407916,0.023853677690402485,0.023505848331634674,0.023858716397198585,0.02334210396349039,0.02372562407277017,0.02257825174988197,0.02176418642748533,0.02329388337911253,47.08117767168781,50.17039509503069,33.497369312038394,45.528750394081115,51.157641211187666,46.359210817437685,51.56557326619322,49.880656894549205,51.647444478553524,48.952984561230295,25.794035815137892,0.00034782935876781154,-0.000355293129604146,0.0007031224883719575,0.0210820219660288,0.023932099999999745,0.026782178033970688,-0.0030580000000000017,16.959064327485407,9.375175268504682,14.331637905921294,20.5817825159717,-15.689089417555149,8.199999999972118e-05,44.35274756042246,0.022711,0.6824886618819193,0
2020-07-03,0.022895,0.023238,0.022702,0.022784,0.022784,4230336.0,41,0.13238548827967175,0.02438342857142848,0.02387742857142835,0.023043999999999547,0.024497750000000103,0.023550884615384404,0.024436846153846368,0.02338916666666661,0.023981149999999743,0.022370060000000302,0.020187899999999846,0.02100539499999982,0.023712491484715558,0.023610197168336764,0.02317090110271944,0.023689111891879024,0.023452378084846917,0.023705185483313074,0.02330609725616843,0.0236359455896492,0.022586320308710127,0.02178438075565393,0.0232888099126537,46.64971312648738,49.86191186087674,32.59021252530438,45.04262824920424,50.9040152834319,45.90208463581331,51.345216844861625,49.55875419094921,51.52142039040093,48.901794343444394,25.788898034182026,0.0002367338070321037,-0.000373110945071883,0.0006098447521039867,0.0212542494440885,0.023981149999999743,0.026708050555910988,-0.003433000000000002,14.074717636837448,11.82219170021431,11.916307681275878,13.998203466542915,-5.407271053842334,-0.00021900000000028147,40.755560447120345,0.022866,-0.35861103822270035,0
2020-07-04,0.022799,0.023209,0.022634,0.023003,0.023003,4155104.0,40,0.1323275474963339,0.024334428571428483,0.023934571428571208,0.022874599999999547,0.02425433333333344,0.023572576923076717,0.024382769230769444,0.023388333333333268,0.024008149999999742,0.02245496000000031,0.020252489999999845,0.02104216999999982,0.023617892620086817,0.02355499742576069,0.023114934068479632,0.023583556216205327,0.023419090819302702,0.023604873271411204,0.023286542594480143,0.023575665057301656,0.022602660688760712,0.0218085118297994,0.023285966032925803,48.01299628578004,50.709876225440254,37.97364672862313,46.689518463248035,51.5699304531064,47.39402038290642,51.91233074211954,50.45537449973516,51.8415366849531,49.045522478777706,25.828552250043288,0.00016446539690262094,-0.00035630348416109265,0.0005207688810637134,0.021334364804175658,0.024008149999999742,0.02668193519582383,-0.0031920000000000004,32.35995232419539,21.13124476283932,14.912039153309198,13.71999491350204,-8.09344030202895,0.00031799999999971434,43.97911136040217,0.022784,0.9612008426966412,0
2020-07-05,0.022993,0.023082,0.022391,0.022685,0.022685,4824989.0,38,0.13226020154393106,0.024261499999999905,0.023945142857142637,0.022809799999999547,0.023960000000000103,0.02357626923076902,0.0241336153846156,0.023397866666666604,0.02402839999999974,0.02253662000000031,0.020317159999999848,0.021074699999999818,0.02349350693740857,0.02347590675069154,0.022971622712319752,0.023445316798327585,0.023364713721576582,0.023473462804066748,0.023247733394836264,0.02349083981374912,0.02260588968135833,0.021825868031189515,0.02327998627140415,46.17720549640726,49.43796497496265,33.334907517243515,44.58768302471075,50.536336149312476,45.434615718972815,51.020034748761816,49.124034145735905,51.339434453470105,48.844033155768315,25.808427472139034,8.060307675100686e-05,-0.00035213264345016534,0.00043273572020117215,0.02140404537061436,0.02402839999999974,0.026652754629385125,-0.0026520000000000016,21.72949002217288,22.721386661068482,17.911203489402062,14.913183441328965,-11.632676313090775,-0.0008840000000002805,41.38690316009058,0.023003,-1.3824283789070968,-1
2020-07-06,0.022685,0.024056,0.022671,0.023569,0.023569,6539192.0,40,0.13216965411606554,0.02409328571428562,0.024006523809523585,0.022981399999999548,0.023741166666666768,0.023599307692307482,0.02392992307692329,0.02344399999999993,0.024089099999999745,0.02263130000000031,0.02039334999999985,0.021112934999999826,0.023503572679087432,0.023484369773355947,0.02317074847487984,0.023464344983200262,0.023379846038496837,0.02348711097491436,0.02326846027258876,0.023498283641011104,0.022643658713461925,0.021860385495918438,0.02328286202989764,51.67995878189457,52.879872858519185,52.63570077211782,51.203121142975704,53.241712679028815,51.44428740826012,53.32461536343257,52.76222547859251,52.64005552691652,49.42736378918309,25.969578271015735,8.449894470343236e-05,-0.0002785894203981919,0.0003630883651016242,0.021573821725191168,0.024089099999999745,0.026604378274808316,-0.0027079999999999986,70.75075075075067,41.613397699039545,31.174795012288122,21.332679218333038,-31.640467553405706,0.0001509999999997208,43.01234647811557,0.022685,3.8968481375358133,1
2020-07-07,0.023604,0.023684,0.023293,0.023418,0.023418,4714764.0,43,0.13210448253998816,0.023893357142857046,0.024057142857142638,0.023091799999999545,0.023581250000000102,0.02368934615384594,0.023716307692307904,0.023499933333333268,0.024084649999999742,0.022718840000000302,0.020475489999999846,0.021149609999999826,0.023492162988542443,0.02347833615759632,0.02325316564991989,0.02345721498578484,0.02338267225786744,0.02347723797849802,0.023278107996937875,0.023490637579962427,0.0226740250384242,0.02189122934748441,0.023284206686316568,50.7307258843421,52.24346614967499,49.68703414001569,50.09638154706104,52.73013053133903,50.42271507731119,52.88540318588732,52.09407363863741,52.396051469285204,49.33031760711089,25.95989835435609,7.454272791740033e-05,-0.0002308365097473791,0.00030537923766477945,0.021564724915537327,0.024084649999999742,0.026604575084462158,-0.0009569999999999996,61.6816816816817,51.387307484868316,40.11931848312739,29.73510566160577,-38.337214080262775,-0.00172700000000027,44.9749904648287,0.023569,-0.6406720692434864,0
2020-07-08,0.023414,0.025366,0.023389,0.025145,0.025145,11723262.0,44,0.1319445106936288,0.023818357142857044,0.024135142857142633,0.023563999999999547,0.02348691666666677,0.02381715384615363,0.02370153846153867,0.02359013333333327,0.024122099999999747,0.022842060000000303,0.020566579999999845,0.021195809999999825,0.023712541256736785,0.023629851052360287,0.023883777099946598,0.023716874218741017,0.023513215053580963,0.023715489695855446,0.02339855264229672,0.02364819590568029,0.02277092601730953,0.021955660449514417,0.02330272204267163,59.782680324365785,58.262049058992574,71.55612313976401,60.63793057292343,57.57208658857601,60.16564950661468,57.06482064068482,58.417688102343426,54.83817567796464,50.454032366263846,26.275761146938553,0.00020365916516005414,-8.137605800378025e-05,0.00028503522316383436,0.02156076976178412,0.024122099999999747,0.026683430238215376,0.0007169999999999954,92.57142857142848,75.00128700128684,55.818660670045595,42.37092472182028,-11.658894070619356,-3.1000000000273864e-05,53.946110323946684,0.023418,7.37466905798958,1
2020-07-09,0.02515,0.025996,0.024411,0.025176,0.025176,8854757.0,44,0.1318246269087317,0.023806857142857043,0.024172285714285487,0.023998599999999547,0.023553666666666768,0.0239468846153844,0.023616846153846363,0.023676366666666605,0.024218199999999742,0.022965880000000303,0.02065653999999985,0.021240699999999824,0.02390766908917188,0.02377041004760026,0.024314518066631062,0.02394135510816548,0.023636384308871262,0.023924134025018952,0.023513226665374358,0.023793701057520263,0.022865242644081702,0.02201942954952404,0.02332136162433659,59.92428579963898,58.360730910460084,71.8199645204203,60.79895859666579,57.65294392616826,60.31640463431509,57.13534990462928,58.52088443990322,54.88055539424837,50.47394516788534,26.28143455155537,0.00030497079929421583,1.594846090430507e-05,0.0002890223383899107,0.021649794260668542,0.024218199999999742,0.026786605739330952,0.0013260000000000008,77.25381414701806,77.16897480004266,64.79743303461012,53.57847072926095,-1.9684558014424056,0.00030099999999972515,56.07415127740808,0.025145,0.12328494730562412,0
2020-07-10,0.025139,0.025164,0.024175,0.024875,0.024875,5155907.0,41,0.1317546472840177,0.023706714285714185,0.024249476190475964,0.024436599999999552,0.02359091666666677,0.024039653846153627,0.0236553076923079,0.0237398666666666,0.024277499999999744,0.023103460000000308,0.02074081999999985,0.021285539999999818,0.024036646543948964,0.02387082731600024,0.02450134537775404,0.024084992783832332,0.023728133619325242,0.024059972021444817,0.02360108300954375,0.023896681909185,0.022944056658039284,0.02207597549903841,0.02333682071265165,57.80683118222762,56.99012080265531,64.81485801153482,58.29060359940916,56.56597222601164,58.02034001079276,56.20893262017689,57.07674557474618,54.375205184595224,50.27578830550887,26.26171362185652,0.00035685916450708613,5.426946089374029e-05,0.0003025897036133458,0.0217057765558074,0.024277499999999744,0.026849223444192088,0.001866,66.28571428571435,78.70365233472019,73.70867788731842,64.77492386399129,-18.594164456233102,-0.00058900000000027,58.17883920825219,0.025176,-1.1955830950111213,-1
2020-07-11,0.024862,0.02569,0.024605,0.025464,0.025464,6879683.0,44,0.13166186233737973,0.0237844999999999,0.024333999999999776,0.02481559999999955,0.02372541666666677,0.024162115384615167,0.02373500000000021,0.02388609999999993,0.024365399999999742,0.023203560000000303,0.02082575999999985,0.02133541999999982,0.0242269603380891,0.024015661196363853,0.024822230251836025,0.024297147740165816,0.023856716314190042,0.0242605474469527,0.02372127120247641,0.02404595029878643,0.023042877965567157,0.022143065093116858,0.023357986675709843,60.71706070946456,58.965691224521315,71.37170544966021,61.64508075139943,58.16862025363971,61.137857401509685,57.59909683101353,59.14807284072998,55.19861187928047,50.65863350984249,26.37036764476811,0.000440431425975777,0.000110273377889945,0.00033015804808583197,0.021756023837462186,0.024365399999999742,0.026974776162537302,0.002752999999999995,80.31816500184972,74.61923114486059,75.62216073753822,71.37609055315549,17.488357154328412,0.0009719999999997232,61.350657246472565,0.024875,2.367839195979893,1
2020-07-12,0.025465,0.025606,0.024381,0.024492,0.024492,5966170.0,41,0.13158120644466298,0.02378907142857133,0.024371428571428343,0.025030399999999557,0.023849000000000103,0.024244307692307475,0.023784384615384825,0.02397509999999993,0.02429379999999974,0.023286640000000303,0.02090252999999985,0.021381664999999824,0.024262298959677218,0.024058964723967142,0.024712153501224014,0.024327125010909532,0.023903774364990776,0.02429361209738803,0.02377099564102632,0.02408843122271153,0.02309970628064295,0.0221895786556294,0.0233692703903794,54.117202146949474,54.62767320681202,52.132842782559614,53.895838424597365,54.70915148594862,54.00969847028664,54.64114063337576,54.58391135736965,53.57120544001327,50.01676911835162,26.306080232857074,0.00042335064591875887,7.455407826634149e-05,0.0003487965676524174,0.02178796381437267,0.02429379999999974,0.026799636185626814,0.001625999999999999,42.30916762562335,62.971015637729025,71.74765792632655,73.69283218372766,0.8956059333896752,-1.400000000027768e-05,56.344253679999724,0.025464,-3.8171536286522145,-1
2020-07-13,0.024492,0.024805,0.024341,0.024506,0.024506,5505230.0,43,0.13150669799596554,0.02383592857142847,0.02430390476190453,0.024902599999999556,0.02399858333333344,0.02428273076923056,0.023899538461538673,0.024065199999999936,0.02420824999999974,0.023373680000000303,0.02097141999999985,0.021429859999999818,0.02429479243172026,0.024099604294515582,0.024643435667482682,0.024354644240000372,0.023948383671287755,0.0243239532263326,0.023818415277089132,0.024128199677691385,0.023154855053951068,0.02223544838522089,0.023380581132763683,54.1940392318799,54.67798459823832,52.35482351335615,53.98609394914,54.74940438262917,54.09272084803868,54.675783082206365,54.63685022829178,53.591306971852426,50.02598034015789,26.30868071527527,0.0004062605687126207,4.597120084816266e-05,0.00036028936786445804,0.021867479737719214,0.02420824999999974,0.026549020262280263,0.001722000000000001,18.176825919824356,46.934719515765686,56.868737396005706,68.07951868662343,9.966575508964327,0.0004359999999997282,54.973789754872634,0.024492,0.0571615221296673,0
2020-07-14,0.024469,0.024469,0.023715,0.02407,0.02407,5615899.0,43,0.13143046786110527,0.023911714285714186,0.02420166666666644,0.024681399999999555,0.02409891666666677,0.024270192307692097,0.02400407692307713,0.024118766666666604,0.024101999999999738,0.023436280000000302,0.021038789999999846,0.021478179999999826,0.02426482010749089,0.024096912995014163,0.02445229044498845,0.024310852818461855,0.023957392288229403,0.024287674193999367,0.023834646549535,0.024122656851244588,0.023190743091051028,0.022271776139969,0.023387441021989912,51.32603129454574,52.76894249120903,44.621570914389,50.64137439173497,53.21969841713768,51.00468644941305,53.364201329441144,52.6307516474452,52.864259903094855,49.7376713461553,26.279656100943022,0.00035346053023245163,-5.463070105605171e-06,0.00035892360033805675,0.02195614073161237,0.024101999999999738,0.02624785926838711,0.0010669999999999985,17.974683544303698,26.153559029917012,45.012911275462855,57.87643553259829,17.176622956128053,0.00030999999999972017,55.77811920882494,0.024506,-1.779156125030601,-1
2020-07-15,0.024095,0.024382,0.02363,0.02376,0.02376,4479280.0,44,0.13136965280679536,0.023986642857142755,0.024085714285714058,0.024458399999999558,0.024180250000000108,0.024289653846153638,0.02407284615384636,0.024168099999999932,0.024023149999999736,0.023471960000000302,0.021090919999999853,0.021523254999999825,0.02419751075982544,0.024066284540921967,0.024221526963325638,0.024226106231006184,0.023942770637249446,0.024212292166285173,0.023829830643113385,0.02408811810350701,0.023213066891401967,0.02230124591937555,0.023391148076497482,49.33700714327156,51.4313929201907,39.627460002390144,48.33476160496554,52.143980595485274,48.868532784556315,52.439974713083906,51.2265602294135,52.34920485864629,49.532672732680595,26.258955350087827,0.00028333559375673736,-6.047040526505553e-05,0.0003438059990217929,0.02195383663568687,0.024023149999999736,0.026092463364312604,0.0010749999999999996,6.31067961165041,14.154063025259367,33.017904340650055,44.96651767070614,16.94942640168092,0.00021799999999972536,47.634947615372496,0.02407,-1.2879102617366023,-1
2020-07-16,0.023754,0.023795,0.022673,0.023542,0.023542,6132514.0,43,0.13128604881693934,0.024034928571428468,0.024000238095237863,0.024073999999999558,0.024225166666666773,0.024283999999999792,0.02413115384615406,0.024207666666666603,0.02388639999999973,0.023487600000000303,0.02114549999999985,0.021565929999999827,0.024110109325182046,0.024018622309929058,0.023995017975550426,0.02412085911854369,0.023913083923379118,0.02411653614253015,0.023811260924202843,0.02403610685555396,0.023225966228994047,0.022325815307110686,0.02339264909066168,47.93731006590824,50.488585727827555,36.20773825356842,46.71380509894994,51.38548746590325,47.36618561145536,51.78820443786786,50.23688311610579,51.98589931781933,49.388094165495616,26.244344919371592,0.0002077751951645758,-0.00010882464308577368,0.0003165998382503495,0.0221024110456625,0.02388639999999973,0.02567038895433697,-2.699999999999925e-05,29.628366859870482,17.971243338608073,22.87994471225421,33.636920109455644,10.812539987204595,1.1999999999720568e-05,51.4713406313803,0.02376,-0.9175084175084169,0
2020-07-17,0.023518,0.023769,0.023078,0.02353,0.02353,4646592.0,41,0.1312228600683391,0.024088214285714192,0.023869428571428344,0.023881599999999555,0.02429558333333344,0.024277230769230558,0.02417169230769252,0.02420843333333327,0.023844149999999738,0.02351748000000031,0.021193109999999852,0.021609164999999826,0.02403276141515777,0.023974202099935508,0.023840011983700282,0.024029957715690817,0.023884707336462148,0.024032745265025843,0.02379311505812524,0.023987906202644058,0.023237889121974668,0.02234966054855404,0.02339401576637649,47.85723508669743,50.435269785776995,36.002511802973736,46.62057068932481,51.34279589328406,47.28002116503573,51.751617909694225,50.18084927541444,51.96565033448963,49.380080889944814,26.24353712884084,0.00014525037922866885,-0.0001370795672173445,0.00028232994644601336,0.022068880202939282,0.023844149999999738,0.025619419797060197,0.000112000000000001,40.19699812382753,25.37868153178269,22.457510811895045,26.118453288266373,12.067292138467105,-0.00023200000000027363,51.44379672337685,0.023542,-0.05097272958967114,0
2020-07-18,0.023484,0.023776,0.023219,0.023762,0.023762,4283425.0,44,0.13116474396632027,0.024142428571428474,0.023840238095237862,0.023732799999999558,0.024311666666666773,0.02419407692307671,0.024254538461538674,0.02418729999999993,0.023810849999999738,0.02354706000000031,0.021245069999999856,0.02165437999999982,0.02399665989313673,0.023954910999941376,0.023814007989133527,0.023988733451738384,0.02387561790413162,0.023994067370022156,0.023791107635020386,0.023966391326201767,0.02325844248974037,0.022377627666404453,0.02339767730103941,49.60110525583612,51.473170765477064,43.44004590683752,48.76241773887663,52.141087662962924,49.20391606773837,52.423098827870206,51.28390191659543,52.331795551649904,49.53994964818286,26.287620647480768,0.00011311554760676591,-0.00013537151907139794,0.0002484870666781639,0.022056834543746268,0.023810849999999738,0.025564865456253204,-0.0013829999999999953,60.634743875278495,43.48670295299204,30.949094402985875,25.428849975711646,12.251815980630115,0.00011899999999972351,51.22497547812568,0.02353,0.9859753506162416,0
2020-07-19,0.023754,0.024364,0.023251,0.023643,0.023643,5291556.0,41,0.13109314778169145,0.024210857142857044,0.02380285714285691,0.023647399999999555,0.02433041666666677,0.024095076923076702,0.024260230769230985,0.0242002666666666,0.023800499999999745,0.02355434000000031,0.02130969999999985,0.021697889999999817,0.023949505240718504,0.023926555454492158,0.02375700532608901,0.023935543689932483,0.023858386948270017,0.023943914888590417,0.023781552303728748,0.02393559215227779,0.02327352317641722,0.022402684544297436,0.023400118322919616,48.70589748668618,50.90041840182422,40.54009263183062,47.69890182898299,51.68937199982962,48.23165709493991,52.03923144619665,50.67956232018454,52.12392273969539,49.45902737450124,26.279523748906414,7.715674166246245e-05,-0.00013706426001256115,0.00021422100167502357,0.02204501494190409,0.023800499999999745,0.025555985058095396,-0.0015329999999999994,56.758338209479284,52.530026736194976,38.70582533602099,30.704143516967235,15.977318212142007,-0.0006280000000002742,54.37135852863075,0.023762,-0.5007995959935951,0
2020-07-20,0.023653,0.024602,0.023567,0.024271,0.024271,5761736.0,44,0.13101558415052478,0.0242609999999999,0.023822904761904528,0.023749599999999555,0.024257583333333443,0.024021076923076708,0.024325846153846368,0.0242196666666666,0.023863599999999745,0.023590820000000304,0.021382249999999856,0.021746289999999814,0.023992371208622704,0.023957868594992875,0.023928336884059345,0.02398715235301979,0.023888950878027792,0.0239906413330775,0.02381312957445593,0.02396753575682276,0.023312639914596936,0.02243968088995491,0.0234087838122438,53.45569349555729,53.7458783380649,58.20807705896885,53.49734372999233,53.87907960938025,53.458289935447944,53.88082249749246,53.7026980965326,53.12617106610248,49.895267211428006,26.39975722719866,9.820147499199974e-05,-9.281562134641908e-05,0.00019101709633841885,0.022137425476976638,0.023863599999999745,0.02558977452302285,-0.0006040000000000004,82.84085018144111,66.74464408873284,54.01185944997914,41.222259729661936,12.229965156795016,-0.0007630000000002772,56.26660046086411,0.023643,2.656177304064622,1
2020-07-21,0.024279,0.025406,0.024015,0.025034,0.025034,8313577.0,44,0.13090456823685112,0.024376428571428476,0.023919333333333098,0.024047999999999552,0.02424575000000011,0.024009423076922862,0.02431730769230791,0.02426393333333327,0.02397974999999974,0.023630800000000302,0.02146070999999986,0.021796434999999816,0.02413125504747301,0.0240556987227208,0.02429689125603956,0.024148205837170592,0.023973769331507216,0.02413969257120929,0.023891895408362,0.0240691037799825,0.02338014423167157,0.02249105354559936,0.02342495511759461,58.46265625224432,56.9233718023706,70.84054738736711,59.419083919514,56.373931845309144,58.88909643538538,56.001852383270226,57.06040560580243,54.31147302707043,50.42040224667863,26.546036727627946,0.00017443650566337582,-1.3264472540034419e-05,0.00018770097820341018,0.022267564216383227,0.02397974999999974,0.025691935783616254,-0.0004299999999999964,84.020618556701,74.539935649207,64.89030978934524,52.53599819178172,25.44080604534063,-0.0005260000000002761,59.695573923195326,0.024271,3.1436693996951037,1
2020-07-22,0.025044,0.02561,0.024631,0.02556,0.02556,7469410.0,50,0.13080544373347314,0.024406071428571336,0.024054999999999764,0.024453999999999552,0.02430283333333345,0.02398184615384594,0.024346846153846368,0.02425179999999993,0.024114449999999742,0.023688020000000302,0.021547349999999858,0.021846809999999814,0.02432175437447661,0.024192453384291632,0.024717927504026373,0.024365404939144342,0.02409126789954372,0.0243425936324651,0.023999515059435414,0.024211093896174644,0.023465628771606014,0.02255182476251819,0.02344619934528024,61.520150127430284,58.95952834032036,76.67349480861262,62.94329343430243,58.00039306010669,62.16660056750634,57.39758148608463,59.202184313321574,55.10967482460683,50.7795887928547,26.64704317919451,0.00027413703960062555,6.914884911777227e-05,0.00020498819048285328,0.022348164873783573,0.024114449999999742,0.0258807351262159,0.0010679999999999995,97.90882475951479,88.25676449921883,76.43267511648268,65.11161478526894,8.056688021743987,0.0006769999999997195,64.68528320823205,0.025034,2.1011424462730632,1
2020-07-23,0.025554,0.025817000000000003,0.024712,0.024883,0.024883,8289332.0,55,0.1306955209316714,0.02438514285714276,0.024151047619047374,0.02467819999999955,0.02425441666666678,0.0240013846153844,0.024347461538461755,0.02420733333333326,0.024219399999999745,0.02372126000000031,0.021628109999999857,0.02189410999999981,0.02439658712454639,0.024255230349356033,0.02477295166935092,0.024445034948506757,0.02414991472179974,0.024419794542112943,0.02405651408785894,0.02427508495368182,0.02352121195703323,0.022597986648408917,0.0234604958692078,55.850928674309756,55.42691213807797,58.576187317576284,56.14477542195232,55.24741384841769,55.98058169538211,55.07400606695098,55.46352130110197,53.874045434668865,50.305827410688934,26.599730221400076,0.0002951202267070137,7.210562897932833e-05,0.00022301459772768536,0.022538600891887924,0.024219399999999745,0.02590019910811156,0.00037700000000000233,63.60093530787224,81.84345954136255,77.02591340300144,72.78296610294305,-5.054338450922416,-0.0006180000000002711,58.18495705314392,0.02556,-2.6486697965571238,-1
2020-07-24,0.024925,0.025618,0.024714,0.025501,0.025501,5108319.0,53,0.13062798449013102,0.02442985714285705,0.02428042857142833,0.02504979999999955,0.024338500000000117,0.02404265384615363,0.02435030769230791,0.02418419999999993,0.024344299999999743,0.02377072000000031,0.02172060999999986,0.02193720999999981,0.024543842174606874,0.02436848213577821,0.025015634446233944,0.024607491110274944,0.024249995112777537,0.02457425246466824,0.024149706727351908,0.02439183876761689,0.02359885070381624,0.022655472061311712,0.02348079939289727,59.50109262420376,57.842487681507215,67.08616228287579,60.3770471185577,57.17434514472404,59.902971899525404,56.726447131610364,58.00543489815332,54.81730770825462,50.72964342496039,26.719098174532558,0.00035749599749740693,0.00010758511981577725,0.0002499108776816297,0.022672866565477068,0.024344299999999743,0.026015733434522414,0.0014310000000000015,85.95555555555543,82.4884385409807,82.86535687221668,78.77464846390018,10.238796205430656,5.1999999999725877e-05,60.106633526496324,0.024883,2.4836233573122257,1
2020-07-25,0.025519,0.025521,0.025035,0.025449,0.025449,4879286.0,55,0.13056359188048178,0.024428785714285618,0.024396904761904526,0.02528539999999955,0.02441708333333345,0.024104153846153633,0.02442392307692329,0.024187933333333262,0.024482499999999744,0.023831720000000303,0.02180421999999986,0.02197827499999981,0.02466452988465929,0.024466711032525644,0.02516008963082263,0.02473695401638649,0.024338810289608832,0.02469921639828706,0.024233532099780818,0.02449252078974861,0.023671405578176388,0.022710789446236238,0.023500383478540082,59.06087364970135,57.56748091309488,65.72286424438136,59.85054841061043,56.96004439177471,59.423170108142756,56.545612126649296,57.714407873108215,54.72126635350614,50.69290205923193,26.71542422576449,0.000398143726777659,0.00011858627927682346,0.00027955744750083553,0.02293635865705716,0.024482499999999744,0.02602864134294233,0.0016889999999999993,79.57824639289659,76.37824575210796,82.21283611450775,80.70136879657521,-0.2689618074228081,0.00013599999999972662,59.692086284569896,0.025501,-0.2039135720167784,0
2020-07-26,0.0254,0.025759,0.024884,0.025313,0.025313,7393071.0,55,0.13046615932055686,0.024487428571428483,0.024522047619047384,0.025341199999999547,0.024520666666666784,0.02419276923076901,0.02448600000000021,0.02415579999999993,0.024569699999999743,0.02389428000000031,0.02187748999999986,0.022023519999999814,0.024750992566704717,0.02454364639320513,0.025211059753881757,0.024825576475403958,0.02441097249037855,0.024786899769960336,0.024303175190117543,0.02457066166691541,0.023735781830012608,0.02276231836809294,0.023518419463828242,57.86128951490329,56.827208283998644,61.7824677557105,58.40746488659335,56.38603364300889,58.11217558064075,56.06261309627111,56.93002006761405,54.46669628125949,50.59610381066879,26.70577220901208,0.0004146039850254045,0.0001080372300196552,0.0003065667550057493,0.023043900937648392,0.024569699999999743,0.02609549906235109,0.0017709999999999985,57.50421585160176,74.34600593335115,76.9095555734879,80.66258285340403,17.317021725375085,5.0999999999724877e-05,62.36863646067025,0.025449,-0.5344021376085584,0
2020-07-27,0.025321,0.025868,0.024236,0.025262,0.025262,9641609.0,58,0.13033912705982692,0.024541428571428475,0.024602666666666436,0.02528159999999955,0.02464583333333345,0.0242908846153844,0.02457769230769252,0.0241853666666666,0.02466189999999974,0.023964720000000304,0.02195024999999986,0.022071414999999813,0.02481912689114409,0.02460895126655012,0.02522803983592117,0.02489271855611104,0.024474011565165325,0.02485477123139457,0.02436503485527125,0.02463650341292347,0.02379563352295329,0.02281181701426932,0.023535768523889646,57.392925307450675,56.541569628088645,60.15938980582828,57.840897293698646,56.1656182435375,57.598988318098364,55.877661841941396,56.62698659198003,54.369948376873886,50.55953792620207,26.70213641448264,0.0004187069909457122,8.971218875197036e-05,0.00032899480219374187,0.023207965389242892,0.02466189999999974,0.026115834610756585,0.0017319999999999974,62.86764705882342,66.65003643444047,69.90132003334963,76.34123724044834,15.822519882796847,-0.00027800000000027797,62.34957686482791,0.025313,-0.2014775016789705,0
2020-07-28,0.025297,0.025863,0.024739,0.02554,0.02554,6435914.0,76,0.13025470959748967,0.024646428571428482,0.02470371428571405,0.025412999999999557,0.02481233333333345,0.02439373076923055,0.0247146153846156,0.024222433333333262,0.02468164999999974,0.0240267400000003,0.02203402999999986,0.022121049999999816,0.02491524330565821,0.02469359206050011,0.02533202655728078,0.024992300316709338,0.02455297367144937,0.02495266105548106,0.02444083905815697,0.02472255070693076,0.023864040051464933,0.02286584043972933,0.023555711125641997,59.316257625661656,57.75418307019717,66.00172964443755,60.12502570231061,57.11457226255652,59.68873874926834,56.682597942641706,57.9093147683469,54.81618806369024,50.75547335361166,26.75676279230125,0.0004393266452599638,8.826547445297758e-05,0.00035106117080698624,0.02318984639018663,0.02468164999999974,0.02617345360981285,0.0017779999999999983,79.90196078431362,66.75794123157948,73.16152512863792,73.32413357849174,31.81818181818274,-0.00047200000000027775,62.84628439065,0.025262,1.1004671047422976,1
2020-07-29,0.025515,0.026667000000000003,0.025467,0.026012,0.026012,9483223.0,71,0.13013135961491112,0.02480728571428562,0.024744999999999767,0.025515199999999558,0.025019166666666783,0.0245178846153844,0.0249046153846156,0.02429449999999993,0.02472344999999974,0.0240952000000003,0.022130749999999862,0.022171124999999816,0.02506147753157045,0.02481344732772737,0.025558684371520517,0.025149177191061748,0.024661049695786457,0.025103995190412343,0.024542204280211363,0.02484535540150878,0.02394827377493689,0.022928140629041624,0.023580151810958988,62.40356390529408,59.751726305803395,73.82274843742887,63.73857006934703,58.691309521995976,63.021114099285185,58.02604459472928,60.016703658250464,55.56868335974039,51.08787681626954,26.849785709506804,0.0004881274952752909,0.00010965305957464376,0.0003784744357006472,0.02312994179159556,0.02472344999999974,0.026316958208403924,0.002369,73.0563554092965,71.94198775081104,70.58168509938614,71.2148434204578,47.0932664157266,-0.0009820000000002743,59.02823595365368,0.02554,1.8480814408770474,1
2020-07-30,0.02602,0.028189,0.025714,0.026994,0.026994,13573053.0,76,0.12995687067468245,0.025053857142857048,0.0248315714285712,0.025824199999999558,0.02528850000000012,0.024671384615384397,0.025171076923077136,0.02442733333333326,0.02482939999999974,0.0241756800000003,0.022238869999999862,0.02222540499999982,0.025319147194027725,0.025011679388843064,0.026037122914347014,0.025432996084744558,0.024833860829431904,0.02537399587749629,0.024700384649229985,0.025049988220412708,0.024067714019057013,0.023008652695793275,0.023614120449655912,67.84314119608611,63.51212522674634,83.37239000163152,69.88881507137795,61.731176635762736,68.79991213385209,60.649752137470344,63.95871398164061,57.0853703174932,51.77194312187593,27.043526829558658,0.0005991352553126501,0.00017652865568960237,0.0004226065996230478,0.022939290184270805,0.02482939999999974,0.02671950981572868,0.002723,69.76979509233496,74.24270376198156,68.6199948392738,70.78773502243253,62.24305805986386,0.0006589999999997223,60.447810918513596,0.026012,3.7751806858373094,1
2020-07-31,0.026972000000000003,0.028042,0.026223000000000003,0.026335,0.026335,10043651.0,75,0.12982800985983667,0.02525421428571419,0.02490109523809501,0.02602859999999955,0.025512833333333446,0.02481176923076901,0.02536900000000021,0.02454813333333326,0.02487294999999974,0.0242808400000003,0.02233264999999986,0.022277039999999814,0.025454594234824032,0.025131981262584605,0.026136415276231343,0.025571765917860773,0.02494505632354806,0.02551128218071111,0.02480584370411837,0.02517237029465912,0.024156627194780268,0.023074520959242912,0.023641193878017545,61.45049046130932,59.59748455084843,64.4410685243309,62.217087051135124,58.71981975045272,61.81824736362025,58.130042297790006,59.804076134234144,55.78197911129841,51.285788940402405,26.995306025572376,0.0006267095943127168,0.00016328239575173515,0.00046342719856098166,0.022883735452618046,0.02487294999999974,0.02686216454738144,0.001301,53.09891221856821,65.30835424006642,67.73893411266707,68.98020468377561,45.29307282415698,-0.0006200000000002799,51.034595808140686,0.026994,-2.4412832481292113,-1
2020-08-01,0.026335,0.027323000000000004,0.026183,0.026955,0.026955,10257044.0,75,0.1296966841882726,0.025482285714285617,0.024972095238095,0.026367199999999556,0.02573650000000012,0.02494199999999978,0.025623769230769443,0.024684433333333256,0.02499609999999974,0.0243835000000003,0.022429269999999862,0.02232349999999982,0.02565464833684749,0.025297710238713283,0.026409276850820892,0.025784571161266808,0.025093941040322282,0.02571752758346666,0.02494449894901396,0.025342144552310628,0.02426636730478889,0.023151362128366812,0.023674167073261157,64.79441235979938,61.91136204924085,71.69680716051704,66.01890463990813,60.597733197061395,65.37795836664029,59.75549668656248,62.22789526772854,56.73005425629885,51.7166179040801,27.118180779114873,0.0006906301209445332,0.00018176233790684142,0.0005088677830376918,0.02281088076259696,0.02499609999999974,0.02718131923740252,0.0013950000000000006,64.23188405797106,62.3668637896246,68.01178151249661,68.12357015481244,48.518462239781826,0.0012419999999997153,51.17281274493364,0.026335,2.354281374596545,1
2020-08-02,0.027010000000000003,0.028245,0.025361,0.025713,0.025713,13661923.0,80,0.12952163811625705,0.025630142857142758,0.025030238095237863,0.026401799999999552,0.02579308333333345,0.02503026923076901,0.025734692307692517,0.024782066666666592,0.02505644999999974,0.0244617000000003,0.022512039999999862,0.02235796499999982,0.02566242855860116,0.025335463853375702,0.02617718456721393,0.02577356021337961,0.025139797259557662,0.02571688078582857,0.0249940796619808,0.02537746411875724,0.02432309799871873,0.023202087630775397,0.02369445396805457,54.62448692055498,55.26866802561427,48.10233598365339,54.186367224430796,55.358820761967785,54.43044769037161,55.31070127634154,55.22363336290677,54.34902203537532,50.80748331322756,27.02660106694726,0.0006337629538219447,9.991613662740212e-05,0.0005338468171945424,0.022861574391549927,0.02505644999999974,0.027251325608449558,0.0008299999999999974,12.205270457697587,43.17868891141215,54.4724434471734,63.40771969077898,26.86915887850515,-0.000291000000000291,44.283121814224955,0.026955,-4.607679465776293,-1
2020-08-03,0.025701,0.026558,0.025528,0.026004000000000003,0.026004000000000003,6977992.0,75,0.1294321055960423,0.02575392857142848,0.025101571428571195,0.02640019999999955,0.025830083333333448,0.025063307692307468,0.025809307692307902,0.024882099999999917,0.025153149999999742,0.0245325200000003,0.022597569999999862,0.022395414999999818,0.025707971417454338,0.025396239866705188,0.026119456378142617,0.025809012488244285,0.02520381227736821,0.025757897816424492,0.02505923581282075,0.02543713420268512,0.024389015724259173,0.02325757104402737,0.02371743452558637,56.344584009669894,56.41648056851866,52.497541234350756,56.179869509935806,56.27851087056733,56.27776889425599,56.10126655707654,56.43012487867961,54.802377886532575,51.01127523641129,27.08458338036485,0.0006052002108760772,5.708271494522777e-05,0.0005481174959308494,0.022970887796220876,0.025153149999999742,0.02733541220377861,0.0005030000000000034,22.295423023578426,32.91085917974889,44.320256970029796,55.601493976566545,23.52382245147329,0.00019599999999971723,42.3234443361996,0.025713,1.1317232528293308,1
2020-08-04,0.026003,0.026376,0.025795,0.025808,0.025808,5431794.0,72,0.12936249413276932,0.025809214285714192,0.02518433333333309,0.026162999999999555,0.025907166666666783,0.025087615384615163,0.025828384615384833,0.024986199999999924,0.025255549999999738,0.0246030800000003,0.02267695999999986,0.022425884999999826,0.02572130856179376,0.025433672606095626,0.02601563758542841,0.025808856720822088,0.02524856692348908,0.025765055271220992,0.025107543179735545,0.025472454754810345,0.02444466216644509,0.023308074587709997,0.023738236172097943,54.8442470889926,55.41316270999072,49.13428236237921,54.451035338425214,55.47906604262197,54.67021263050979,55.418934320928706,55.37491016484722,54.431014721649206,50.867919078140105,27.070023803760968,0.0005602897973330072,9.737841121726204e-06,0.000550551956211281,0.023157981435223667,0.025255549999999738,0.02735311856477581,0.0003589999999999982,15.499306518723866,16.666666666666494,33.466159255307566,44.08628655750353,11.382352941176881,-0.00041400000000028914,38.25351159427157,0.026004000000000003,-0.7537301953545628,0
2020-08-05,0.025836,0.026396,0.025631,0.026222,0.026222,5884280.0,75,0.12928725502293484,0.02585649999999991,0.025301571428571187,0.026140399999999557,0.02596725000000012,0.025139423076922855,0.02593138461538483,0.02507463333333326,0.02538954999999974,0.024680420000000303,0.022759669999999864,0.022458509999999824,0.02578806742022126,0.025505338732814204,0.026084425056952274,0.025872417225311,0.025320673077304703,0.02583033308961799,0.025179443619752603,0.02554384001625698,0.0245143616893296,0.023365776081022662,0.02376295024003727,57.41076306430751,57.10136199593917,56.2402282648049,57.44746717913128,56.82436654301553,57.435891819320176,56.57180271832161,57.15193937106813,55.08673481519578,51.16072846455189,27.15315187108847,0.0005517441480062947,9.537534360108896e-07,0.0005507903945702837,0.02341403285525,0.02538954999999974,0.02736506714474948,0.0009090000000000037,29.85436893203888,22.54969949144693,28.817250598001703,35.53455560777963,9.898325358852164,0.00020499999999971932,38.611520480836454,0.025808,1.6041537507749393,1
2020-08-06,0.02618,0.026347,0.025694,0.026017,0.026017,5526024.0,79,0.1292166529584378,0.025937499999999912,0.025419428571428333,0.025952799999999557,0.02601458333333345,0.025160692307692082,0.025971076923077138,0.025161266666666588,0.025513899999999732,0.024730620000000304,0.022833039999999864,0.022495534999999824,0.02581859176419176,0.02555185339346746,0.026061950037968185,0.025894660729109304,0.025372252849356205,0.02585699979110113,0.025233479515252438,0.025588902871851556,0.02457328868190491,0.023418275564566767,0.023785378595857797,55.73026229989602,56.00141203529952,51.92954600195552,55.489295649886074,55.9549311032838,55.62607451492104,55.833023963423614,55.99265667052554,54.68926430968065,51.00869508720485,27.13775844942337,0.0005224078797530993,-2.2706011853747532e-05,0.0005451138916068468,0.02372715454357834,0.025513899999999732,0.02730064545642113,0.0007550000000000022,22.746185852982002,22.69995376791478,20.52011095700389,27.601173603437672,18.243243243243736,0.0004549999999997195,36.96705548364844,0.026222,-0.7817862863244596,0
2020-08-07,0.026055,0.026392,0.025203,0.025562,0.025562,5820577.0,77,0.12914217579881174,0.025941857142857055,0.02551619047619023,0.025922599999999556,0.02603533333333345,0.025201846153845932,0.025979769230769445,0.025175166666666592,0.02560389999999973,0.024753940000000304,0.022888179999999862,0.022530334999999825,0.02578437952896619,0.025552775812243144,0.025895300025312123,0.02584348215540018,0.025386308193848336,0.02581485696380097,0.02525467438523615,0.025586340693579974,0.024612061674771386,0.02346072555338723,0.02380305642077463,52.10339101350544,53.600605954811314,43.12567576302826,51.285925057940986,54.04886793425377,51.72992649626818,54.2093945467485,53.46524059683018,53.81028057217392,50.67114220001154,27.103484540063718,0.00045717396155184337,-7.035194404400277e-05,0.0005275259055958461,0.024018749049279583,0.02560389999999973,0.027189050950719888,2.2000000000001185e-05,26.4944649446496,26.36500657655669,23.377949854394288,24.23843713646657,1.0077647447551614,-0.0006380000000002772,38.88847338829053,0.026017,-1.7488565168927939,-1
2020-08-08,0.025547,0.026429,0.025431,0.0262,0.0262,5560261.0,77,0.1290713363177592,0.025995499999999915,0.025632285714285472,0.025961799999999556,0.02611350000000012,0.025266999999999776,0.026048000000000217,0.025209299999999924,0.025731749999999737,0.0248128600000003,0.02295345999999986,0.022567914999999824,0.025839795591770697,0.02561161437476649,0.02599686668354141,0.025898331054569384,0.02544658166097068,0.02586987739754369,0.025315663134575752,0.02564478443704855,0.02467433376595682,0.023514968611736,0.023826906605642545,56.36924771677079,56.34951188054186,55.748977095847856,56.312965957550404,56.22041984139736,56.34698372189364,56.06078400154603,56.365108097998174,54.84819915869383,51.12915552481348,27.232993413294267,0.00045174939359870353,-6.062120959771404e-05,0.0005123706031964176,0.024424391413608325,0.025731749999999737,0.02703910858639115,0.0001880000000000007,81.32137030995108,43.520673702527425,35.183139311668825,26.36040004102228,11.311944569965824,2.9999999999724688e-05,39.413904268321296,0.025562,2.4958923401924737,1
2020-08-09,0.026144,0.02651,0.025892,0.02617,0.02617,5295417.0,79,0.12900407303811925,0.0260567142857142,0.02575261904761881,0.026034199999999556,0.02616600000000012,0.025347769230769004,0.026117846153846373,0.02525246666666659,0.025826699999999737,0.0248624800000003,0.02300247999999986,0.022601099999999825,0.02588382284620127,0.025662376704333176,0.02605457778902761,0.025940126276943323,0.02550016820460248,0.02591275205503745,0.025370781642022482,0.02569480496685345,0.024732987343762437,0.023567543490711523,0.023850220967775452,56.11744339932965,56.18553747302326,55.05942012194878,56.018488518509855,56.09098295942119,56.07537435812122,55.950865897931976,56.19221934485007,54.78915005960015,51.10661955985378,27.23070719174537,0.00043995807234084236,-5.7930024684460194e-05,0.0004978880970253025,0.02470311567915723,0.025826699999999737,0.026950284320842243,-0.0008240000000000017,73.98622800306023,60.60068775255351,46.8805236085361,35.14720425819968,13.118016225318069,-0.0013400000000002856,46.73966048447434,0.0262,-0.11450381679389832,0
2020-08-10,0.026221,0.027931,0.026196,0.027510000000000003,0.027510000000000003,12170331.0,78,0.1288513491639468,0.026217285714285627,0.025906857142856902,0.026291799999999556,0.026290833333333447,0.025491999999999772,0.02626938461538483,0.025320666666666592,0.025950499999999738,0.024938560000000297,0.02306961999999986,0.022646114999999828,0.026100646466707768,0.025830342458484704,0.02653971852601841,0.026181645311259737,0.025649044633891185,0.026140930332889244,0.02550879572963393,0.025867680684295975,0.02484188980086979,0.02364561193644001,0.023886636679538883,63.84637625333293,61.43661031391754,72.97581552495538,64.90015521905872,60.327663314004546,64.34309719973689,59.60636730052165,61.701678650261,56.90303481834299,52.059880006006075,27.503911230313097,0.0005326006773685513,2.7770064274598976e-05,0.0005048306130939523,0.024661257464432037,0.025950499999999738,0.027239742535567442,0.0011750000000000024,84.567448680352,79.95834899778764,57.82313955819872,46.62893415946781,28.739452825364786,0.0012289999999997234,51.84251393273393,0.02617,5.120366832250678,1
2020-08-11,0.027510000000000003,0.027872000000000004,0.025886000000000003,0.026281,0.026281,8928164.0,84,0.12873901626650305,0.026270214285714195,0.02596623809523785,0.02634459999999955,0.02623141666666678,0.025597346153845933,0.02629007692307714,0.025380299999999925,0.025986549999999737,0.024945700000000296,0.02312878999999986,0.022685094999999825,0.026124693604480064,0.025871311325895187,0.026453479017345603,0.02619693064798901,0.02569585614249184,0.02616094028533364,0.025558615359980132,0.025907044428648742,0.024898325494953327,0.02369779783868872,0.02391046119019024,54.42644212572673,55.0924635963984,50.72085376530809,54.05430089859225,55.25023699404593,54.25617283486447,55.26017109707276,55.03604653924621,54.51836258018064,51.13633186550321,27.409059286125153,0.0005010745054971691,-3.00488607742652e-06,0.0005040793915745956,0.024702974160179688,0.025986549999999737,0.027270125839819786,-0.000674000000000001,39.516129032258014,66.02326857188996,61.17712819405391,55.293597120262845,8.446369542916068,-0.008624000000000284,47.52277821998578,0.027510000000000003,-4.467466375863339,-1
2020-08-12,0.026273,0.03495,0.025331,0.034905,0.034905,58403157.0,75,0.12804629842081988,0.026905428571428486,0.026411238095237845,0.02821319999999955,0.02694558333333345,0.026034846153845933,0.0268986153846156,0.025726933333333257,0.02648764999999973,0.025119460000000298,0.023276429999999862,0.022767549999999828,0.02729540112388272,0.02669255575081381,0.0292706526782304,0.027536633625221463,0.0263780149467517,0.027410091673143115,0.02616160791740077,0.026763992578301244,0.02529074410299437,0.023919722633962213,0.024019859586307743,78.39353659322623,74.47148330669954,86.18837379146983,79.76307907890602,72.26200551295385,79.06147274219025,70.73352350348924,74.96381521470119,65.01280610951518,56.59374611481236,29.132598678204978,0.0011586186784697664,0.0005236314295161368,0.0006349872489536298,0.022354985597597028,0.02648764999999973,0.030620314402402437,0.009192,99.53217590186087,74.53858453815683,75.78467038549616,64.92831271258287,52.54357459379633,0.0003539999999997156,70.35721848379261,0.026281,32.814580875917954,1
2020-08-13,0.03495,0.037549,0.032057,0.034551,0.034551,60832069.0,75,0.12735728910144278,0.0274452142857142,0.026871619047618804,0.02988339999999955,0.027578583333333448,0.026449807692307467,0.0275306153846156,0.026076299999999924,0.026940149999999736,0.025286580000000298,0.023412879999999858,0.022846884999999827,0.028262814307365026,0.027406959773467097,0.0310307684521536,0.02861576691364893,0.02698342124699232,0.02843022143412267,0.026702859019503943,0.027505612332748744,0.025653891393073027,0.02413024297784415,0.024124647053110654,76.62134783306514,73.11468563048292,83.2374225637333,77.82656327128977,71.10968730520833,77.21063516709684,69.71087686134948,73.55869966409185,64.39073307124717,56.33290330052285,29.104091553659728,0.0016323456666566154,0.0007978867341623888,0.000834458932494227,0.0214904014486064,0.026940149999999736,0.03238989855139307,0.008546999999999996,75.46243247667374,71.50357913693074,74.61288281884069,70.52489379946353,46.37049763760218,0.0018149999999997055,65.29060903380432,0.034905,-1.0141813493768859,-1
2020-08-14,0.03457,0.034704,0.031944,0.032736,0.032736,17474198.0,78,0.12715787909658502,0.027902428571428484,0.027216142857142616,0.03119659999999955,0.02816383333333345,0.02679953846153824,0.02797530769230791,0.026375499999999923,0.02730449999999973,0.0254345600000003,0.02353707999999986,0.02291484499999983,0.02885923906638302,0.02789141797587918,0.0315991789681024,0.029249648926933713,0.027409538191659557,0.02904533265781943,0.02709209392147143,0.028003744491534574,0.025931621142364282,0.02430065400798585,0.0242103321570598,68.15728994557203,66.59750443332987,68.75414526009587,68.57865388729431,65.54470473289484,68.3728193428405,64.75110930115942,66.81642754423986,61.322180317328026,55.0197253133089,28.95808128539158,0.0018401107352741567,0.0008045214422239434,0.0010355892930502132,0.02132581528284842,0.02730449999999973,0.03328318471715105,0.006928000000000004,60.60730070387954,78.53396969413792,71.93709735900457,74.11155018778041,36.6756431559046,-0.0015550000000002925,63.497821393200375,0.034551,-5.253104106972295,-1
2020-08-15,0.03273,0.03652,0.031504000000000004,0.034291,0.034291,32511293.0,79,0.12679293928309418,0.02842642857142848,0.02763719047619024,0.032552799999999535,0.02885441666666678,0.02718492307692285,0.028635153846154063,0.02673379999999992,0.027753399999999727,0.0255948400000003,0.023675689999999857,0.022988734999999826,0.02958347385753195,0.028473198159890162,0.0324964526454016,0.03002524139971314,0.027919276103388475,0.029794713706702367,0.02755653947492489,0.02860253073043605,0.02625943992109509,0.02449848264149108,0.024310637309725876,71.08892597622176,69.07188122441822,73.49550368794317,71.69984522967171,67.7875676929276,71.39391636671812,66.83979090481179,69.34414608668385,62.86852519261446,55.9091015992383,29.26363804559447,0.002105965296324664,0.0008563008026195607,0.0012496644937051032,0.02109477563126247,0.027753399999999727,0.03441202436873698,0.008069,73.334424619414,69.8013859333223,69.69049254681696,72.08015757488734,39.89558407657185,-0.0005400000000002902,61.755338839569575,0.032736,4.750122189638328,1
2020-08-16,0.034264,0.036672,0.033705,0.034831,0.034831,17149291.0,82,0.12660357983924578,0.0290777142857142,0.02809042857142833,0.034262799999999545,0.02960633333333345,0.027561730769230543,0.029314153846154063,0.02711049999999992,0.028231849999999725,0.025803960000000303,0.02381916999999986,0.023060254999999818,0.030283144009861027,0.029051180145354693,0.0332746350969344,0.03076458887668035,0.028431255651285625,0.030514183177173464,0.028025859508800703,0.029195718279918324,0.02659557953203254,0.02470308694561997,0.024415317535499744,72.04647965040564,69.88351107257097,75.0718274855301,72.71931952173311,68.52640180987353,72.3805749038173,67.53020576382029,70.17260980962784,63.38701832864432,56.212767258801534,29.369660520056733,0.0023333332253947237,0.0008669349853516963,0.0014663982400430276,0.02097840606228113,0.028231849999999725,0.035485293937718335,0.008813999999999999,77.75413324603045,70.56528618977451,77.33809338957145,72.98856109846427,51.554902182517424,0.0005259999999997074,60.95506586270769,0.034291,1.5747572249278141,1
2020-08-17,0.034831,0.035341000000000004,0.033819,0.034305,0.034305,19216133.0,83,0.1263909845115584,0.029670642857142767,0.02852104761904738,0.034142799999999536,0.03027991666666678,0.0278980769230767,0.029967769230769443,0.027461933333333254,0.02867009999999973,0.026001500000000302,0.023956269999999856,0.023125349999999826,0.030819391475212888,0.029528800132140636,0.03361809006462293,0.03130926751103722,0.02886634782526447,0.03105572843757725,0.028430965346942588,0.029682316538973724,0.02689790974646264,0.024893223837785916,0.024513722336141536,69.63929998530706,68.06088545215974,70.19218641936524,70.05621490429473,66.97257426616119,69.85319000848679,66.1440373675398,68.28519264343582,62.51963828642533,55.83444465264073,29.326630116021033,0.0024429196857727532,0.0007812171565837803,0.0016617025291889725,0.02105149443897548,0.02867009999999973,0.03628870556102399,0.008743,46.3358147229115,65.8081241961185,66.69882115378158,71.24246903005661,46.31995982367074,0.0021299999999997155,59.22857995998167,0.034831,-1.510149005196515,-1
2020-08-18,0.034288,0.035015,0.03124,0.032175,0.032175,17830722.0,82,0.12619100584071416,0.030125428571428487,0.028836999999999762,0.03366759999999955,0.03079308333333345,0.028178538461538238,0.030425692307692518,0.027746333333333255,0.028978249999999726,0.026168000000000302,0.02409403999999986,0.02318082999999982,0.031000139278517837,0.02976936375649148,0.033137060043081965,0.0314424571247238,0.029111433171541176,0.03121562437506622,0.028672515969720487,0.029919714963833367,0.027104854462287633,0.02503741742515649,0.024589953954687396,60.82239180419008,61.28066985914004,53.34345710769942,60.359203871415275,61.142521228460595,60.62199133114321,60.91217483447234,61.27736354922623,59.17505654643056,54.33871895216325,29.152803313749853,0.002331023953182625,0.0005354571391949217,0.0017955668139877032,0.02131391474542805,0.028978249999999726,0.036642585254571404,0.005975000000000001,17.212812960235716,47.100920309725744,55.048897250493965,66.3619372646156,32.067489297406375,0.003190999999999722,57.184909312367026,0.034305,-6.209007433318758,-1
2020-08-19,0.032176,0.032344,0.028848,0.028984,0.028984,16069949.0,80,0.1260062170902765,0.0303227142857142,0.028978523809523562,0.03291719999999955,0.03107825000000012,0.028312499999999775,0.030653923076923287,0.02790343333333325,0.029077749999999732,0.026287500000000304,0.024208079999999854,0.023163909999999826,0.030731320708048793,0.029697967051355894,0.03175270669538797,0.03106423295168937,0.029101993677352937,0.0308968208929139,0.028692611713609487,0.029830599252992095,0.027178546444158704,0.025115567575153392,0.02463367580588453,50.54956889629343,52.994937847304314,37.263355487137325,49.287024183621064,53.84968742004588,49.968336340321294,54.26723629379528,52.76011710746878,54.703222853227736,52.22195956752208,28.894939953274346,0.0019622392743364296,0.00013333796827898138,0.001828901306057448,0.021470420490711236,0.029077749999999732,0.03668507950928823,0.002813999999999997,1.738241308793376,21.76228966398004,43.27508537147675,55.00760125858403,12.203958996111801,-0.0013190000000002852,41.92346031633821,0.032175,-9.917637917637922,-1
2020-08-20,0.028977,0.03043,0.028318,0.030303,0.030303,11947885.0,75,0.12586875267418454,0.030628857142857062,0.029136095238095,0.03211959999999955,0.031420166666666784,0.02849919230769208,0.0310186153846156,0.028079066666666583,0.02927614999999973,0.026439340000000304,0.024329829999999854,0.023162469999999817,0.030674211280308956,0.029752970046687175,0.031269471130258644,0.030947120189891007,0.02919095710866013,0.030811989336783342,0.028796507732086293,0.02987558980032618,0.02730107403458385,0.02521828900930877,0.02469008699189563,53.99108284164157,55.59486936180649,45.42374026587474,53.136523304333146,56.09745340021331,53.598321082945525,56.30331151456917,55.447785758136284,56.101879306790025,52.986540864346644,29.15525603802794,0.0017561630812308745,-5.819057986125912e-05,0.0018143536610921332,0.0217636235548411,0.02927614999999973,0.03678867644515836,0.002792999999999993,23.761072540100514,14.23737560304304,33.360414955614054,43.89479919252818,18.049355680956896,0.000717999999999705,44.60540242187005,0.028984,4.5507866409053355,1
2020-08-21,0.030303,0.034139,0.029571,0.029585000000000007,0.029585000000000007,23708449.0,81,0.12560113234546905,0.030916214285714207,0.0292908571428569,0.03107039999999955,0.03170475000000012,0.02866349999999977,0.031279000000000216,0.02821323333333325,0.02940764999999973,0.026573720000000304,0.024434929999999855,0.02315918499999982,0.030528983109601095,0.02973770004244289,0.030707980753505764,0.03073756323760008,0.0292201454709816,0.030636705145814295,0.028847378200983955,0.029847914581247494,0.02739063975871782,0.025304758533876915,0.024738792593966327,51.885052684494106,53.89487386251327,41.866472056562145,50.85984375788613,54.5943319650101,51.411639047076605,54.92775540177214,53.701472873245365,55.15625561092211,52.52441784041753,29.09697945038094,0.0015174177666184806,-0.0002375487155789222,0.0017549664821974028,0.021974543961560504,0.02940764999999973,0.03684075603843896,0.0033040000000000088,18.040723337605108,14.51334572883284,21.41773297392897,32.684411100339844,16.756216418843092,-0.0017600000000002755,39.11207010252043,0.030303,-2.3694023694023514,-1
2020-08-22,0.029606,0.031438,0.028684,0.031345,0.031345,10052008.0,78,0.12548739260405306,0.031283714285714206,0.02949990476190452,0.030478399999999545,0.03202433333333345,0.028897461538461306,0.031677076923077134,0.02842863333333325,0.02968924999999973,0.026744940000000304,0.024557499999999854,0.023166674999999817,0.03063778536165428,0.029883818220402626,0.030920320502337176,0.03083101504720007,0.029377542102760737,0.03073789012498368,0.02900851509124305,0.029990494144938214,0.027545712709356338,0.025424367275780343,0.02480452600099153,56.35617733204101,57.251661785137976,52.75071913252414,55.87976514362968,57.49357199437075,56.1357301341033,57.554425049697606,57.173092157603705,56.96969785257585,53.52786444073094,29.44440599110725,0.001453472944439326,-0.00024119483020646143,0.0016946677746457876,0.022420579293340903,0.02968924999999973,0.03695792070665856,-0.0035600000000000007,45.199342989398225,29.000379622367788,21.19043862722632,25.322862185589706,20.472722931837296,0.00047199999999970876,41.568074187563575,0.029585000000000007,5.94896062193675,1
2020-08-23,0.031319,0.031452,0.030218,0.030873,0.030873,6849329.0,76,0.12541033930134882,0.03161964285714277,0.029745619047618806,0.030217999999999544,0.032407000000000116,0.029102576923076693,0.03193576923076945,0.02860769999999992,0.029932699999999732,0.0269023400000003,0.024678649999999854,0.02316696999999981,0.030669147313433714,0.029973743836729662,0.03090454700155812,0.03083747427070775,0.0294883167618155,0.030757191535700293,0.029128804440195118,0.03007454232161076,0.027676194563891383,0.025532260993091624,0.024864908826852317,54.89053900822318,56.10403285787896,49.75293084657174,54.26910295672428,56.48905302141885,54.60248211188211,56.63970743877429,55.990865553983724,56.34639729540915,53.2231624108173,29.40557099511914,0.0013491575088922481,-0.00027640821260283173,0.0016255657214950794,0.02286022832308309,0.029932699999999732,0.03700517167691636,-0.003677999999999997,43.892801924068095,35.71095608369031,26.526436419992798,23.04486934038262,18.390489969890265,0.00010999999999971448,41.99303324793307,0.031345,-1.50582230020736,-1
2020-08-24,0.030873,0.031249,0.030203,0.030763,0.030763,7936637.0,78,0.125321107774674,0.03185199999999992,0.02997223809523785,0.030573799999999537,0.03206183333333345,0.029285307692307458,0.032280538461538666,0.02878483333333325,0.030180449999999723,0.0270639000000003,0.024800259999999852,0.023161399999999815,0.03068166100497588,0.03004549439702697,0.030857364667705414,0.030826016690598864,0.02958273774242176,0.030758021316314537,0.029234236411795424,0.0301401097195526,0.02779724575746427,0.025635839983327437,0.024923596301211992,54.53639036282075,55.83079474813326,48.97458030992215,53.877030499407994,56.25119832345965,54.230729648478366,56.4237533561523,55.7089790833625,56.200232571665545,53.15194492274434,29.39649001565232,0.0012432789481771032,-0.0003058294186543812,0.0015491083668314847,0.02337421507282109,0.030180449999999723,0.03698668492717836,-0.0019730000000000025,42.00309225219036,43.69841238855207,34.579406608672194,27.43209388529702,13.36318448835406,0.0029949999999997067,42.44123951696737,0.030873,-0.35629838370098144,0
2020-08-25,0.030758,0.030786,0.027216000000000004,0.027768,0.027768,12957263.0,75,0.1251724896089682,0.0319582142857142,0.030065571428571188,0.030066799999999543,0.03149658333333345,0.029315076923076687,0.03173153846153867,0.028866666666666582,0.030257749999999733,0.0271478800000003,0.024889589999999854,0.023140574999999816,0.030293172870979095,0.029838449451842695,0.029827576445136943,0.030355552584352886,0.029448312724464593,0.030330875413983893,0.029139640514260236,0.02991419450816664,0.02779609886501469,0.025678060973756595,0.024951898825578044,45.8977256193898,49.020960571777934,32.40897667512395,44.41274997542115,50.26676621889224,45.206135549817745,50.95746187190752,48.6996516770971,52.42357698634126,51.26553117597766,29.150161750027582,0.0009072398598882932,-0.0005134948055545528,0.0014207346654428461,0.023607478240633785,0.030257749999999733,0.03690802175936568,-0.006523000000000001,7.973421926910263,31.28977203438941,31.42187648603415,30.8425731715663,5.695354092458666,-0.0009040000000002936,40.833274449624994,0.030763,-9.735721483600424,-1
2020-08-26,0.027745,0.029021,0.02754,0.028672000000000007,0.028672000000000007,11815511.0,76,0.12503711429229514,0.031512999999999916,0.030182238095237863,0.029884199999999545,0.03115791666666678,0.029404961538461307,0.031279307692307905,0.02898033333333325,0.03039049999999973,0.0272529600000003,0.02498589999999985,0.02312747999999981,0.030077016488181882,0.029732408592584268,0.029442384296757964,0.030096544494452444,0.029390808078207962,0.0300938932119862,0.02910947015850152,0.029795890269293624,0.02783044792913176,0.025737346895068347,0.024988914757661844,48.53414357907261,50.91414983939258,39.786086469708295,47.432263246756,51.871687800624315,48.017982315695846,52.3958872344464,50.66686198222848,53.38793737830381,51.78717414309142,29.329797500292692,0.0007057364162444853,-0.0005719985993586888,0.001277735015603174,0.023995563927750273,0.03039049999999973,0.036785436072249184,-0.0061589999999999935,34.37204910292737,28.116187760675825,34.6881416390986,33.56314157793491,-33.89526347272814,0.0017829999999997227,43.709301179997865,0.027768,3.2555459521751873,1
2020-08-27,0.028653,0.028694,0.026049,0.026889,0.026889,12443147.0,75,0.12489319085040593,0.030965714285714208,0.030223761904761674,0.02899299999999955,0.03054108333333345,0.02940242307692285,0.030829538461538682,0.029025299999999917,0.030456849999999737,0.027287840000000303,0.02506494999999985,0.023080719999999808,0.02965194762309097,0.02947391690234933,0.028591256197838644,0.029603076110690532,0.02920548896130367,0.0296360513245596,0.028966214019243357,0.029519043576979945,0.027793528402499143,0.025760151907047196,0.025007821078481127,44.00281707820552,47.285720302658994,31.61836689011373,42.499496729029566,48.65570153261716,43.29844313718273,49.440460146437424,46.93918530749403,51.296159742374144,50.70598755037573,29.183129709973468,0.0003975871493868618,-0.0007041182929730497,0.0011017054423599116,0.02424802303139672,0.030456849999999737,0.03666567696860276,-0.007416000000000002,15.546918378678514,19.29746313617188,28.75765671695466,31.622558280695728,-38.66182258552824,-0.0007710000000002852,38.62784524510555,0.028672000000000007,-6.218610491071452,-1
2020-08-28,0.026891,0.027857,0.02659,0.02766,0.02766,6421839.0,74,0.12481919844216995,0.030603142857142773,0.030323666666666436,0.028350399999999543,0.02994350000000012,0.029477307692307463,0.030319461538461757,0.02908023333333325,0.030529849999999737,0.027337520000000302,0.025151699999999853,0.023046774999999808,0.02938635460667884,0.029309015365772118,0.028280837465225764,0.02930414132443045,0.029091008297503395,0.029353758278193937,0.028881942147034108,0.029341991807743762,0.027788291994558,0.02579777266136309,0.025034210918496242,46.324589345869434,48.934321919073035,38.201488696162144,45.1706273722636,50.04643449906628,45.7801021154901,50.68342662949692,48.65436678050142,52.123525873816774,51.151392495693344,29.336693469713847,0.00021313302692705163,-0.000710857932346288,0.0009239909592733397,0.024500006735060212,0.030529849999999737,0.03655969326493926,-0.0045150000000000025,30.980769230769237,26.966578904124876,26.17525017829489,29.87368284478264,-27.03739213806318,-0.0014640000000002845,48.828832222762,0.026889,2.8673435233738775,1
2020-08-29,0.027635000000000003,0.02982,0.027552,0.029124,0.029124,11355091.0,79,0.1246905995898857,0.030234071428571343,0.03046290476190453,0.028022599999999544,0.029511750000000118,0.029597307692307468,0.02988046153846175,0.02915123333333325,0.030677549999999738,0.0274225000000003,0.02526297999999985,0.02301092499999981,0.029351373992454986,0.02929219578706557,0.028561891643483838,0.02927642727451807,0.029093452127317964,0.029320935667023373,0.028897558782709325,0.02932123068319674,0.027840672700653768,0.02586363854925689,0.025074905337217672,50.500083044089386,51.925176048532904,49.31895723132218,49.9530696169032,52.579214030692405,50.234103356017606,52.952856182163856,51.76315444638004,53.64857724248989,51.98346233074953,29.62790278384251,0.00018297514720011165,-0.0005928126496585824,0.000775787796858694,0.02496077665632984,0.030677549999999738,0.036394323343669634,0.0001400000000000047,64.914502849905,37.14739681978409,30.757532297837816,28.563479731029048,-27.656158004603025,-0.0005610000000002903,45.27360487264082,0.02766,5.29284164859003,1
2020-08-30,0.02915,0.030249,0.02912,0.029685000000000007,0.029685000000000007,8382315.0,75,0.12459673137567885,0.029866499999999917,0.03063028571428548,0.028405999999999543,0.02930425000000012,0.02974642307692285,0.029525076923077136,0.029262899999999918,0.030786299999999725,0.027506920000000303,0.025355239999999852,0.02297990499999981,0.029395857460127663,0.029327905260968692,0.028936261095655894,0.029339284616899906,0.02913727048825737,0.029372944857448614,0.028948361441889368,0.029355875380035142,0.027912999261412445,0.025939309073033986,0.025120776925902075,52.03211571976868,53.02954966709504,53.19116587858297,51.70191051074648,53.51707094216214,51.865845221665886,53.79478815461664,52.91031554164551,54.21857555595973,52.297938611890906,29.73941204341909,0.00020201412864253795,-0.0004590189345729249,0.0006610330632154628,0.025243122795947304,0.030786299999999725,0.03632947720405216,-0.0006179999999999901,86.57142857142868,60.822233550700815,46.4771336267415,34.469972034291324,-27.512831479897205,-0.021642000000000286,45.469608610498994,0.029124,1.9262463947260278,1
2020-08-31,0.029666,0.05571,0.029657,0.051327,0.051327,219155251.0,75,0.1226065948250197,0.03108235714285706,0.03176442857142834,0.032936999999999536,0.031166166666666783,0.030711999999999774,0.030998307692307905,0.030075299999999926,0.03203859999999974,0.0280436200000003,0.025665129999999856,0.023040439999999808,0.032320009798777305,0.031327822964517006,0.03639984073043726,0.03272201006045377,0.030780954155793863,0.03250923844924167,0.0303921445746707,0.03144836343907941,0.028831195368808037,0.02644203562604321,0.025381535364450317,78.9546915265976,75.64281647870874,89.68275413773522,80.36975962634958,74.0652897940966,79.62311191481857,73.03265465197602,76.01524447804906,69.14766321302615,61.99595267173671,33.80599547277599,0.0019410559046599103,0.001024018273155558,0.0009170376315043524,0.021613833065346248,0.03203859999999974,0.042463366934653225,0.02174199999999999,85.22302012744007,78.90298384959108,56.64732783164404,44.627331252074384,42.74736313410356,0.002066999999999708,66.3809508600106,0.029685000000000007,72.90550783223846,1
2020-09-01,0.051552,0.05835700000000001,0.048135,0.049260000000000005,0.049260000000000005,113341568.0,75,0.1216978311751296,0.032302714285714205,0.03285866666666643,0.03741119999999955,0.032745916666666784,0.03160596153846132,0.03255800000000021,0.030860199999999924,0.03275634999999973,0.028538700000000305,0.025956189999999855,0.02308731999999981,0.03457867515894033,0.03295802087683364,0.04068656048695818,0.035266316204999336,0.032149772366475794,0.03490220438506428,0.03160942556985324,0.03314470977821471,0.02963232496218812,0.026893876504735424,0.02561913202749061,74.66627615025888,72.16648939409113,82.32693225632164,75.71949106775493,70.95433891318211,75.16484678736157,70.15009867242186,72.45031050270906,67.01862842385378,60.80350660238053,33.6192222062989,0.003116543838523549,0.001759604965615357,0.0013569388729081915,0.01982522105877895,0.03275634999999973,0.04568747894122052,0.01791500000000001,71.36336449774922,81.05260439887248,67.81061705545818,56.978359504614495,42.97356440375292,-0.0005940000000002749,58.80564503897232,0.051327,-4.027120229119163,-1
2020-09-02,0.049122000000000006,0.052242,0.043898,0.049854,0.049854,64290252.0,83,0.1211691204754055,0.03379342857142849,0.03357052380952358,0.04184999999999955,0.03443500000000011,0.03254026923076901,0.03406192307692329,0.03165519999999992,0.03352149999999973,0.029054380000000306,0.02624532999999985,0.02316234499999981,0.036615385137748285,0.034494018978939674,0.043742373657972115,0.037510575250384065,0.03346119663562574,0.037038175187197965,0.032786494887927224,0.03473607075171807,0.030425331826416036,0.027348532415532745,0.0258602749923912,75.08297686991955,72.5463311340592,82.81305742607512,76.14912420487882,71.31391114971017,75.58786891931908,70.49590219233835,72.83472535770566,67.31362579002463,61.02111326166519,33.724972828141624,0.00404937861475832,0.0021539517934801027,0.0018954268212782173,0.018501045658292182,0.03352149999999973,0.048541954341707286,0.018981,72.39733809446516,76.32790757321798,76.09393082819737,66.85062523843311,56.162540365985095,0.013879999999999726,60.90915320204545,0.049260000000000005,1.205846528623633,1
2020-09-03,0.049854,0.050233,0.034893,0.035974,0.035974,64205095.0,79,0.12058913334499875,0.034198499999999916,0.033638285714285475,0.04321999999999955,0.034820750000000115,0.032916192307692084,0.034553384615384826,0.031994066666666585,0.03368339999999973,0.029298660000000306,0.026385309999999853,0.02317727999999981,0.03652986711938185,0.034628562708126975,0.04115291577198142,0.03727417905801728,0.033647330218171984,0.036886150160455385,0.032992140379028694,0.03485396877536397,0.030642926656752664,0.027519333753839026,0.0259609090720689,53.18226282212625,54.3795897435149,46.75283582575629,52.59190531559663,54.84002771369581,52.90928828570463,55.086795023143,54.258943359269544,55.4851365727865,53.952115572618354,32.508758649403006,0.0036268488398453055,0.0013851376148536713,0.002241711224991635,0.018628830875093344,0.03368339999999973,0.04873796912490612,0.005211,23.44289769812223,55.73453343011204,67.79960979784083,70.56805256049873,11.405643490678056,-0.0013120000000002713,50.15094735388383,0.049854,-27.841296586031216,-1
2020-09-04,0.035866,0.039454,0.033889,0.037286,0.037286,44196392.0,40,0.12017754558326678,0.034748571428571344,0.033854952380952145,0.044740199999999536,0.035355166666666785,0.033343730769230535,0.035010384615384825,0.03236286666666659,0.033833149999999736,0.0295735400000003,0.026530569999999854,0.023198234999999803,0.0366306848367976,0.03487014791647907,0.03986394384798761,0.03727599766447616,0.0339168613131222,0.03694327156610462,0.033269163580381685,0.035085590796757875,0.030903439336880008,0.02771273308544617,0.02607359654398861,54.52561900956974,55.48349151306925,49.25902580106203,54.0476113133368,55.8413464463914,54.304893287053176,56.025648574874154,55.38819842781464,56.2267534308673,54.45582065943695,32.73918440146814,0.0033591363513539585,0.0008939401010898588,0.0024651962502641,0.018693788318755296,0.033833149999999736,0.048972511681244175,0.009518,26.581881533101033,40.80737244189598,55.801700390175284,66.56508033873776,15.305574878266967,-0.010616000000000264,51.35121941777686,0.035974,3.6470784455440164,1
2020-09-05,0.037204,0.053636,0.037057,0.047902,0.047902,137305612.0,41,0.1190645377935796,0.035931214285714205,0.034503095238095007,0.04405519999999954,0.036783416666666784,0.03412803846153824,0.0363203076923079,0.03309236666666659,0.03448669999999974,0.0300609800000003,0.02678922999999985,0.023269554999999803,0.03813352685855792,0.0360548617422537,0.042543295898658406,0.03891076725455675,0.034952797512150184,0.03850880419951825,0.0342132175429377,0.03630620119706665,0.031570049558963136,0.028112520549100704,0.026290794588327032,63.584212402037856,63.06042678809683,65.17459064157813,63.79306590790497,62.77646351952894,63.683580381940075,62.56800620412472,63.123127142331924,61.518015317438994,58.19315931259778,34.55614539997509,0.0039579697424065655,0.0011942187937139725,0.002763750948692593,0.018089681168268,0.03448669999999974,0.050883718831731484,0.019229999999999997,57.27072094163803,35.76516672428693,50.21124055301489,57.93751691367694,27.981612614287467,-0.0020900000000002588,53.19497178093815,0.037286,28.471812476532744,1
2020-09-06,0.047902,0.05299,0.046078,0.049992,0.049992,76675976.0,41,0.11848651230464148,0.03729685714285706,0.035225047619047385,0.044201599999999536,0.038635416666666776,0.03503999999999978,0.03779946153846175,0.03390669999999992,0.035271049999999735,0.0305855800000003,0.027066319999999856,0.0233640649999998,0.039714656610750194,0.03732187431113973,0.04502619726577227,0.04061557229231725,0.03606681251125017,0.040149260742444216,0.03523120350790946,0.037609610606869834,0.03229247898802341,0.028545777567930395,0.026526627477995418,65.05265429488271,64.31318995061248,67.57718573498714,65.35989177703823,63.93445732937428,65.19800129007126,63.66765519559879,64.39910218406177,62.429978878653294,58.86436332669625,34.90407287932415,0.0045487597810670785,0.0014280070658995885,0.00312075271516749,0.01746996906919643,0.035271049999999735,0.05307213093080304,0.023103,81.5465640350433,55.133055503260614,52.2478804604737,52.75360713455456,31.45141390712141,-0.0069650000000002635,53.459727811678064,0.047902,4.363074610663431,1
2020-09-07,0.049695,0.059926,0.047847,0.056957000000000015,0.056957000000000015,131807160.0,41,0.11758882199761328,0.03916785714285707,0.036303714285714064,0.04562219999999954,0.040992500000000105,0.035888153846153625,0.04004476923076945,0.03493193333333325,0.036510149999999734,0.0312518600000003,0.027403099999999857,0.023493274999999803,0.04201363572931684,0.03910688573739975,0.04900313151051485,0.04312963809349921,0.03761423380671312,0.04255036635066648,0.03663286779772176,0.039452219120501265,0.03325971510614014,0.029108376031931775,0.02682941725433377,69.45111290903928,68.09122088382045,74.58813691801095,70.04048315300349,67.43987608580443,69.72841851539341,67.00551260016104,68.24394644546875,65.23082599337212,60.97330780900065,36.0428786633959,0.0055154042867860895,0.0019157212572948796,0.00359968302949121,0.016325943998647806,0.036510149999999734,0.05669435600135168,0.029297000000000014,88.59699658178751,75.80476051948945,55.48781215793817,52.64897772380886,38.72331618473191,0.007485999999999756,50.519682095371245,0.049992,13.932229156665098,1
2020-09-08,0.056951,0.056951,0.047759,0.049471,0.049471,59860219.0,41,0.11716704848044204,0.04071807142857136,0.03712733333333311,0.048321599999999534,0.04287433333333344,0.03646199999999978,0.04164469230769252,0.03570863333333325,0.037534499999999735,0.031755860000000295,0.02767333999999986,0.0235816749999998,0.043007950965407916,0.040049077943090684,0.04915908767367657,0.04410523223296088,0.03849251278399363,0.04353902830057126,0.03746113439141713,0.04040638872807258,0.03389545176864445,0.02951159630852718,0.027054706634887668,60.65934958005416,60.838986389286426,58.32246366178926,60.51901068193824,60.83972612229948,60.59772585394776,60.80169293425418,60.82993646332146,60.30236647567749,57.75879525959401,35.374411868256395,0.0056127194489672405,0.0016104291355808244,0.004002290313386415,0.016884457782641017,0.037534499999999735,0.05818454221735848,0.020347,59.845604332296354,76.66305498304222,62.768353484772994,56.8346820343949,30.086643099743572,-0.000249000000000249,50.658547515796535,0.056957000000000015,-13.143248415471342,-1
2020-09-09,0.049505,0.052331,0.042545,0.04972,0.04972,54201650.0,38,0.11677142783697285,0.04222149999999992,0.03811476190476168,0.05080839999999953,0.04471266666666677,0.03711523076923055,0.04340092307692329,0.03644896666666659,0.038505349999999744,0.0322495800000003,0.027940189999999858,0.0236721799999998,0.04390289083668687,0.04092825267553698,0.04934605844911771,0.0449690426586592,0.039324178503697814,0.04442202425763251,0.03825202894680957,0.041293399325399,0.03451602228752113,0.029911762718259318,0.027280231942003214,60.83603316432345,60.98378977287256,58.68210634443184,60.71146711175118,60.97166022189143,60.78168317138282,60.9260372831027,60.97799635301709,60.40386525175562,57.83347693618922,35.414453456436156,0.0056448641549613965,0.0013140590732599851,0.004330805081701411,0.017464757750236322,0.038505349999999744,0.05954594224976316,0.020034999999999997,55.371900826446286,67.93816724684321,68.52635734344204,62.26084099538434,29.445998880805856,0.013740999999999752,51.194787403806245,0.049471,0.5033251804087202,0
2020-09-10,0.04971,0.056433,0.035809,0.035979000000000004,0.035979000000000004,101804728.0,38,0.11598230542410777,0.04287078571428563,0.0383850476190474,0.04842379999999953,0.04528391666666677,0.037180153846153634,0.04404084615384636,0.03677223333333325,0.038825049999999736,0.0324579600000003,0.028072989999999864,0.0236907449999998,0.04284637205846195,0.04047832061412453,0.04489037229941181,0.04358595917271164,0.0390763875034239,0.043215877935113584,0.03810538191798315,0.04078726605631338,0.0345733939625203,0.030031906030769037,0.02736678684805293,48.07104435584946,50.243274839653346,37.342924797569545,47.01125374955014,51.10473405762282,47.58012879980397,51.59325560181308,50.02198737746565,52.80436282590243,52.645702825655114,34.23793327377544,0.00450957166928774,0.0001430132700690626,0.0043665583992186785,0.018164272927188942,0.038825049999999736,0.05948582707281054,-0.015347999999999994,0.7048969606501783,38.6408007064641,57.213192547244475,62.835967791819776,10.894316738176897,0.0014009999999997635,45.8517127607811,0.04972,-27.636765888978264,-1
2020-09-11,0.035979000000000004,0.036111,0.03268,0.034578,0.034578,33653593.0,41,0.1156960444998101,0.043364928571428485,0.0386228095238093,0.045340999999999534,0.04569166666666677,0.037170423076922865,0.04446038461538482,0.03676133333333325,0.03898669999999975,0.032651860000000296,0.028186559999999864,0.0237077149999998,0.041743922450667034,0.0399419278310223,0.04145291486627454,0.042200119299986766,0.03874317361428139,0.0419818953729545,0.037877808891016496,0.04019590738428353,0.034573574591441066,0.03012192769352608,0.027438540212748923,46.99387539511599,49.31555299512192,35.752267237973825,45.86798542606825,50.243845489456774,46.471855579895575,50.77383221826541,49.07798082089066,52.122393647458935,52.163852032178355,34.12177868886529,0.0034569456857053843,-0.0007276901708106343,0.004184635856516019,0.01852268645015636,0.03898669999999975,0.05945071354984315,-0.01468200000000001,6.966160170300215,21.01431931913206,42.29711177429586,56.01222055499405,8.229052671646796,0.002605999999999748,45.48207378187281,0.035979000000000004,-3.893938130576191,-1
2020-09-12,0.034536000000000004,0.03478,0.031772,0.031972,0.031972,21183606.0,41,0.1155133216255541,0.043568357142857055,0.03865266666666645,0.04034399999999952,0.0440787500000001,0.037080692307692086,0.0446363076923079,0.03667536666666658,0.03904164999999975,0.032781280000000294,0.028275999999999864,0.0237235249999998,0.04044099945724475,0.039217388937293,0.038292609910849686,0.0406265624846042,0.03824160519840869,0.04055191031967528,0.037496788962563816,0.039412678109589865,0.034471552058443385,0.030158562788703783,0.027483649265358387,44.9849358044364,47.602734258504206,32.64810857050849,43.72521015876255,48.66045276164982,44.40015644067083,49.269746919270354,47.33333703778435,50.875750322830235,51.28204684047574,33.90673971143811,0.0023849572861955053,-0.0014397428562564114,0.0038247001424519156,0.018663649537432655,0.03904164999999975,0.059419650462566836,-0.017882000000000002,0.7943127209182207,2.8217899506227058,24.736575002121995,41.415626441220695,3.3423307123577413,0.0028459999999997515,40.949419938178394,0.034578,-7.536583955115961,-1
2020-09-13,0.031972,0.032252,0.027735000000000003,0.029126,0.029126,20915767.0,38,0.11532688219517773,0.04352842857142848,0.03856947619047597,0.036274999999999516,0.04240091666666677,0.03696342307692286,0.04292853846153866,0.03655503333333325,0.03895979999999975,0.032854820000000284,0.02834326999999986,0.0237491099999998,0.03893233286294545,0.038299989942993634,0.035237073273899785,0.03885724517928047,0.03756637518371175,0.03891963741686453,0.03695673806175325,0.038432994480105113,0.034261922565955415,0.03013811600080866,0.027499991063713033,42.84195347678228,45.78345273126126,29.31277697100041,41.43509216575588,46.98133174163421,42.18821807339315,47.67595064272617,45.47944261663074,49.555458247322825,50.34334658244182,33.67382095172837,0.0012908699955687178,-0.0020270641175065586,0.0033179341130752764,0.01842921245130817,0.03895979999999975,0.05949038754869133,-0.006848000000000001,4.847027667433258,4.202500186217066,13.73685966914938,26.923515481855663,-0.6388936510657479,2.099999999974345e-05,39.285894686986865,0.031972,-8.901538846490686,-1
2020-09-14,0.029181,0.03069,0.028149,0.029105,0.029105,15389120.0,39,0.11518960089167005,0.04194114285714277,0.038490523809523586,0.03215199999999953,0.040671833333333435,0.0369680769230767,0.041378153846154064,0.036382166666666584,0.03902664999999975,0.032930660000000285,0.028412469999999863,0.023771514999999795,0.037622021814552715,0.03746408176635785,0.03319304884926653,0.03735689976708348,0.03693960665158496,0.037517546357312456,0.03645017431583368,0.03754461405342844,0.034059690308466964,0.030117658258218386,0.02751596130188504,42.82582457339136,45.769930883173316,29.286285204132373,41.417751771017635,46.96891261161455,42.17152343971791,47.664194372193,45.465645925638974,49.54578103122964,50.33647984882503,33.67210565534213,0.0004172931154985196,-0.002320512798061405,0.002737805913559925,0.018641308586704868,0.03902664999999975,0.059411991413294625,-0.008180999999999997,4.773851836364901,3.4717307415719616,3.6172498711331027,14.03022818080141,-33.734098430336644,0.0019279999999997491,31.849862901577524,0.029126,-0.07210052873720674,0
2020-09-15,0.029112,0.029477,0.027135000000000003,0.027177,0.027177,12411870.0,47,0.11507741690438113,0.04036378571428563,0.038462380952380734,0.030391599999999526,0.0399387500000001,0.03684784615384594,0.03963376923076944,0.03612703333333324,0.03895189999999975,0.0329689600000003,0.02846683999999986,0.023786859999999795,0.036229352239279033,0.03652889251487077,0.03118769923284435,0.035790761341378326,0.036216450603319406,0.036040325449124964,0.035851905005134736,0.03655722223881621,0.03378978088460551,0.030059427401620008,0.02751258855261255,41.2964996192761,44.50567771537187,26.63433813975985,39.76268245796319,45.814277282720774,40.58367340016749,46.57464249365221,44.173826361307135,48.655999780908225,49.707782518482674,33.51458611660791,-0.0004256892619410799,-0.002530796140400804,0.0021051068784597236,0.018396435295430173,0.03895189999999975,0.05950736470456933,-0.020725,0.4679144385026392,3.3629313141001007,3.5698533667035948,6.974654302328613,-33.593975811972264,-0.00016300000000024628,32.3783664686977,0.029105,-6.624291358873046,-1
2020-09-16,0.027166000000000003,0.028332,0.02578,0.02734,0.02734,14144913.0,43,0.11494878039744535,0.03875564285714278,0.038398952380952166,0.028943999999999526,0.03910991666666677,0.03676149999999979,0.0389696153846156,0.03589486666666657,0.038974449999999744,0.0330049600000003,0.02851584999999987,0.0238019549999998,0.035044105274041816,0.03569353864988252,0.029905132821896236,0.034490644211935505,0.03555893574381427,0.03479742181353568,0.035302749843513136,0.035679391549405144,0.03353684830089549,0.030005577354063177,0.027510871253581582,41.48577724527454,44.64111090949415,27.302195443548733,39.98234266380219,45.930972722054776,40.786663559683646,46.68111995532756,44.31427974532074,48.73539145559928,49.76136200912315,33.541001966125286,-0.0010682915318787622,-0.002538718728270789,0.0014704271963920266,0.0184737883472688,0.038974449999999744,0.059475111652730686,-0.022652000000000002,17.333333333333286,7.525033202733443,5.643287999310209,4.2767970790488885,-34.475682959696144,1.4999999999751325e-05,26.48696221475998,0.027177,0.5997718659160212,0
2020-09-17,0.027331,0.027856,0.026555,0.027325,0.027325,12392692.0,48,0.11483650904666196,0.03813785714285707,0.038419714285714064,0.02801459999999952,0.03739516666666677,0.0366068846153844,0.03820338461538484,0.0357331999999999,0.03895769999999975,0.0330312200000003,0.02856320999999987,0.0238172499999998,0.03401489123750291,0.03493276240898411,0.029045088547930826,0.033388237410099275,0.034949014577605804,0.033729932983030585,0.03478805630522197,0.03488373521136656,0.03329324640674273,0.029952496614378755,0.02750902178837181,41.47259275490949,44.630610253401976,27.27477736886625,39.96781278787736,45.92152168742108,40.772858805173776,46.67227464012635,44.303509504125785,48.72831899531322,49.75643512802705,33.53976951985316,-0.0015607771675065288,-0.0024249634911188444,0.0008641863236123155,0.018417604913873162,0.03895769999999975,0.059497795086126334,-0.02963200000000002,23.872064276885034,13.891104016240153,10.25883831050357,6.490659892172379,-16.814090476097828,-0.0018970000000002527,38.52442277695621,0.02734,-0.0548646671543529,0
2020-09-18,0.027325,0.029346,0.025619,0.029222,0.029222,8140865.0,49,0.1147635997979837,0.03756185714285707,0.03849409523809502,0.02803379999999952,0.03566433333333344,0.0365433846153844,0.03676646153846176,0.035741133333333244,0.038962599999999736,0.033075780000000304,0.028625729999999863,0.0238358099999998,0.033375839072502515,0.034413602189985563,0.029104059031953882,0.032747277808545534,0.034524791275560934,0.033085942556883366,0.034428955898433464,0.034344522334093554,0.03313358968490968,0.029938031334886105,0.027526066347691492,43.888900202006255,46.30402141353222,36.89260433875422,42.81498718510321,47.344454250515824,43.38273639425273,47.96087585373915,46.04483566544097,49.67047992670309,50.38391494532807,33.84870829890988,-0.0017775134670153859,-0.0021133598325021614,0.00033584636548677517,0.018432338008701827,0.038962599999999736,0.05949286199129766,-0.020249,71.05107473871034,37.41882411630939,23.499647724758987,13.133924678190846,-15.50053821313232,0.0023199999999997532,43.7067418848922,0.027325,6.942360475754805,1
2020-09-19,0.029265,0.029418,0.026782,0.026902,0.026902,6626064.0,48,0.11470410026021675,0.03606185714285707,0.038388285714285486,0.027593199999999526,0.0331597500000001,0.0363948846153844,0.03499030769230792,0.035627766666666574,0.03882344999999975,0.0330871200000003,0.028683979999999863,0.0238424549999998,0.032512660529502184,0.033730729263623235,0.028370039354635918,0.03184800429953853,0.03396014006996382,0.032202522191614305,0.033943345840470006,0.0336357106832275,0.0328892136188348,0.029877911902512124,0.02751985673229158,41.6364732242269,44.577879989776,30.896107977518145,40.28369673276025,45.81349254861607,41.00304409434053,46.53969260494713,44.26758739348146,48.55740642844615,49.61848605104056,33.65641455860693,-0.002112135770425287,-0.0019583857087296496,-0.00015375006169563734,0.01799289385638264,0.03882344999999975,0.05965400614361685,-0.022818,33.25557283566613,42.72623728375367,29.195991924619232,20.984825986627182,-48.02414928649828,0.000420999999999748,42.18908003774187,0.029222,-7.939223872424894,-1
2020-09-20,0.026819,0.026926,0.025758,0.026481,0.026481,7815588.0,52,0.11463296668591624,0.03438249999999992,0.03823571428571406,0.027453999999999524,0.031243916666666764,0.0363453846153844,0.032646000000000217,0.03552429999999991,0.037581149999999744,0.0330776400000003,0.02873056999999987,0.0238470349999998,0.03170843912556856,0.03307166296693021,0.027740359569757282,0.031022311330378763,0.033406129694410945,0.031385161878526545,0.03346190417334291,0.03295430966577726,0.032637911123978534,0.029810646320284163,0.02750951984938321,41.225119644278884,44.264184963026764,29.839943365681414,39.820875595581505,45.536010610860615,40.568165504266254,46.28252599600901,43.9444002138493,48.35683105858281,49.480712968390606,33.62158071903144,-0.0023838183640321857,-0.0017840546418692387,-0.000599763722162947,0.016927548542428925,0.037581149999999744,0.05823475145757056,-0.009498000000000005,22.69018162674392,42.332276400373296,33.640445362267485,28.778695003881825,-55.900045174635544,0.002217999999999755,44.55928132180231,0.026902,-1.5649394097093094,-1
2020-09-21,0.026481,0.028227,0.023472,0.024263,0.024263,13432545.0,48,0.11450950178126976,0.032047214285714214,0.036946952380952164,0.026838599999999525,0.029122500000000093,0.03617580769230748,0.030706923076923295,0.03528823333333324,0.03633129999999975,0.033048640000000296,0.028755169999999868,0.023835084999999805,0.030715713908826086,0.03227087542448201,0.026581239713171518,0.029982417279551258,0.032728860828158284,0.03036771018159418,0.032868426484740136,0.03212656588808418,0.03230948323676368,0.029700791937704283,0.02747721616928984,39.04752268900716,42.60927195884985,24.537070247848447,37.3703852569391,44.075487920544035,38.26553703989419,44.930901405712774,42.238530658554296,47.30674520865457,48.760289320056245,33.43833927454068,-0.0027464435486070256,-0.0017173438611552626,-0.0010290996874517627,0.015628142172222522,0.03633129999999975,0.057034457827776976,-0.010314999999999998,13.303060881264715,23.08293844789141,32.83439087185377,31.89027605291342,-87.62328473413376,-0.0007620000000002486,38.43314700422423,0.026481,-8.375816623239308,-1
2020-09-22,0.024242,0.025055,0.023464,0.025025,0.025025,7293778.0,39,0.1144419995387312,0.03030107142857135,0.03579290476190454,0.026378599999999527,0.028209666666666768,0.03610411538461517,0.02880730769230792,0.03509329999999991,0.035089849999999735,0.0330290600000003,0.02878078999999987,0.023827979999999808,0.029956952054315943,0.03161215947680183,0.026062493142114347,0.029219737698081838,0.032158204470516934,0.029604465869937868,0.03236239896959562,0.031450226279695216,0.03202381722747884,0.029608201998343794,0.027452816008401385,40.21004279116371,43.37127429231281,29.68835078050627,38.772691582976606,44.708188155923004,39.535288146866186,45.49597044265006,43.03620191729388,47.70469044743425,49.01785318547567,33.56335733229539,-0.0029384667724350927,-0.0015274936679866634,-0.0014109731044484287,0.014827914847711468,0.035089849999999735,0.055351785152288016,-0.006947000000000003,26.217668794088002,20.736970434032035,33.30351177529437,33.2594493364718,-79.92023015561655,0.002009999999999748,45.408527958222386,0.024263,3.14058442896592,1
2020-09-23,0.025025,0.025304,0.022584,0.023015,0.023015,7922691.0,43,0.11436807483160227,0.02839357142857135,0.034514857142856924,0.025137199999999527,0.027246083333333438,0.035925461538461316,0.02781007692307715,0.034835033333333244,0.03444189999999975,0.0329732000000003,0.02878813999999987,0.02381536499999981,0.02903135844707382,0.030830599524365294,0.0250466620947429,0.028265162667607705,0.03148093006529345,0.028663113602803887,0.031759340971557186,0.03064687139591472,0.031670530277381634,0.029477643542931045,0.02740865863518346,38.153454830022376,41.83626180975002,24.41326289525579,36.44107303248412,43.36431047952385,37.352857146316325,44.25812040523489,41.450766123737544,46.7546665935519,48.370088000299866,33.39706811521559,-0.0032157673976857433,-0.0014438354345898516,-0.0017719319630958915,0.013482203970671222,0.03444189999999975,0.055401596029328266,-0.0061109999999999975,6.306701785191701,15.275810486847966,20.35463718459064,28.83084661057951,-82.55278370274196,-0.0010070000000002438,39.20542210383498,0.025025,-8.031968031968029,-1
2020-09-24,0.022999,0.024054,0.022626,0.024022,0.024022,6513160.0,39,0.11430734739214908,0.027539499999999918,0.033945714285714065,0.024561199999999526,0.026583583333333438,0.03572923076923055,0.02699807692307715,0.034710166666666584,0.033778699999999745,0.0329292000000003,0.02880480999999987,0.02382765499999981,0.028363443987463974,0.030211635931241182,0.02470510806316193,0.027612368411052676,0.030928416727123563,0.028000097373831905,0.03126015768306963,0.030015931262970464,0.03137058791356274,0.02936961099752647,0.027374960539310992,39.80603427665141,42.896993401765826,31.70828034144986,38.449959592027156,44.23637278428691,39.16473580035047,45.032361172646844,42.563837086445496,47.29106961568677,48.71303350551864,33.56280130118314,-0.0033160483160708898,-0.0012352930823799988,-0.0020807552336908914,0.012363477670771648,0.033778699999999745,0.05519392232922785,-0.005083000000000004,25.48289916710967,19.335756582129616,18.800102450879344,24.1527504702547,-60.95845016568947,-0.0001930000000002485,45.65775829706428,0.023015,4.375407343037163,1
2020-09-25,0.024016,0.024503,0.023151,0.024215,0.024215,5065328.0,46,0.11426037760402875,0.02679928571428564,0.033323285714285486,0.02410799999999953,0.026174333333333438,0.035518846153845936,0.02640138461538484,0.034561599999999915,0.032594349999999744,0.0328931600000003,0.028811889999999868,0.02384192999999981,0.027810318122468782,0.02966648721021925,0.02454173870877462,0.0270896963478138,0.030431126599188483,0.0274593691775702,0.030805631380936113,0.02946346161887804,0.031089976622834782,0.029267539492624957,0.02734351814588501,40.134518446291146,43.10532542667603,33.19121960726095,38.85124780227765,44.40674457294681,39.525738901034224,45.18315263696911,42.78273713227211,47.39467144237349,48.7788935316047,33.59462958598281,-0.0033414302513746844,-0.0010085400141470343,-0.00233289023722765,0.011858675901334496,0.032594349999999744,0.053330024098665,-0.002962,28.903065745171023,20.23088889915729,20.042679274564765,19.732472970011496,-56.29923398707004,-0.000560000000000241,40.54683273475372,0.024022,0.8034301889934259,0
2020-09-26,0.024216,0.025146,0.023587,0.024775,0.024775,8411249.0,45,0.1141829607515379,0.02628521428571421,0.03222199999999978,0.024210399999999518,0.0258135000000001,0.03449761538461516,0.02606669230769253,0.034491133333333236,0.031333499999999744,0.032877420000000296,0.028815679999999868,0.02385972999999981,0.02740560903947294,0.029221806554744774,0.024619492472516408,0.02673358921738091,0.03001215425850785,0.027075887866488745,0.03041655838861765,0.029016941464699176,0.030842330480762837,0.02917857831455317,0.02731796075139859,41.133197353291905,43.72936620597022,37.887422297449696,40.07924717064473,44.91386384233668,40.626675481846775,45.63034809737103,43.43947772699107,47.69891737306165,48.97093040559768,33.687268961178745,-0.0032785650411269467,-0.0007565398431194368,-0.002522025198007509,0.01203518804219392,0.031333499999999744,0.05063181195780557,-0.002564999999999998,80.55147058823523,44.979145166838464,33.492361215958866,24.111714313800906,-43.98875374365858,0.00023099999999975918,47.694542888990405,0.024215,2.3126161470163,1
2020-09-27,0.024763,0.025127,0.023738,0.024544,0.024544,5855431.0,47,0.11412912655467655,0.025957928571428496,0.03101019047619025,0.024114199999999524,0.025594083333333437,0.03354699999999978,0.02571584615384638,0.034387266666666576,0.029712849999999742,0.0328443000000003,0.028828579999999868,0.02388279999999981,0.027024061167543214,0.028796551413404342,0.02459432831501094,0.026396729337783843,0.02960710579491468,0.026714189599847497,0.030037683653868125,0.028590947039489733,0.030595337128576056,0.029086804486542217,0.027290359151882188,40.83214724203295,43.5230714312304,36.61345238907877,39.72276641496031,44.73904466102224,40.30075358818293,45.47222550220102,43.22459034173022,47.58312708211689,48.894557112805956,33.6677975631058,-0.003210376457130834,-0.0005506810072986599,-0.0026596954498321747,0.014453537464276084,0.029712849999999742,0.0449721625357234,-0.0027809999999999988,72.05882352941177,60.50445328760583,42.660592163023615,32.065210884515665,-33.33333333333315,0.00018599999999976277,48.37994223409955,0.024775,-0.9323915237134162,0
2020-09-28,0.024544,0.025203,0.024206,0.024358,0.024358,6045464.0,43,0.11407368684730512,0.02561885714285706,0.029457857142856918,0.024382799999999517,0.02534558333333344,0.0325663846153844,0.025499000000000226,0.034228399999999916,0.028457199999999738,0.0328080600000003,0.028835269999999868,0.023941684999999813,0.02666858634520412,0.028393046739458493,0.02451555221000729,0.026083078670432483,0.02921828314343952,0.02637759108558357,0.029671252450392763,0.028187809226204993,0.03035073567255346,0.0289931647937394,0.027261181448878385,40.575947211399935,43.350561491951076,35.46132299747074,39.4169487222345,44.59390851615704,40.022340033620885,45.34149486157472,43.04456447614368,47.488448283547875,48.83262219812386,33.65205737281967,-0.003135204473007032,-0.000380407218539886,-0.002754797254467146,0.016207360222755554,0.028457199999999738,0.040707039777243915,-0.004864,67.20993403181997,73.2734093831555,54.84123861234927,43.66473066377716,-34.124074473438114,0.00030199999999976773,53.63618973751393,0.024544,-0.7578226857887782,0
2020-09-29,0.024349000000000003,0.024363,0.023583,0.024056,0.024056,5065428.0,45,0.11402698229542085,0.025395928571428496,0.02824761904761882,0.02438959999999952,0.025073166666666768,0.03210799999999978,0.025246384615384844,0.03404076666666658,0.027173999999999737,0.0327389800000003,0.028838769999999868,0.023984854999999812,0.026320241499176902,0.027998769763144086,0.02436236814000486,0.025771220413442868,0.028835891799481032,0.02604593521621449,0.029308978098754518,0.027794303585614043,0.030103883293237644,0.028895399154259413,0.027229289096153228,40.13783224015936,43.06024715121868,33.41276512765874,38.890300616876246,44.35131466460715,39.54465277596666,45.12383835615832,42.741082546106924,47.33247395180114,48.731394528465366,33.62640451437296,-0.003064671386038161,-0.0002478993052568122,-0.002816772080781349,0.01996129072001173,0.027173999999999737,0.034386709279987736,-0.002845999999999998,44.10331384015606,61.12402380046242,58.56532154695854,52.02238410744374,-25.40496540496517,0.0010599999999997695,51.776031191163604,0.024358,-1.2398390672469062,-1
2020-09-30,0.024089,0.024089,0.022883,0.022996,0.022996,4524772.0,49,0.1139849897808814,0.025085642857142786,0.02697504761904739,0.02414579999999952,0.024554333333333442,0.0315583846153844,0.024913384615384844,0.03309639999999992,0.02652484999999974,0.032673280000000304,0.028809489999999868,0.024026964999999817,0.025877009299286647,0.02754397251194917,0.023906912093336573,0.025344263426759352,0.028403307221741694,0.02561023018532671,0.02890168918915745,0.02733732229174604,0.029825142771934206,0.028778579369026558,0.027187166816589517,38.5716240244064,42.025372748659834,26.873878346210326,37.010039764349216,43.48898590549189,37.837594665370716,44.351647008062095,41.6586327744549,46.78236786749405,48.37589542768531,33.53622595041257,-0.0030590437949823447,-0.00019381737136079652,-0.0028652264236215482,0.020392797427891643,0.02652484999999974,0.032656902572107835,-0.003485000000000002,4.870689655172352,38.72797917571594,53.758846328958796,55.72180216275546,-32.954028220300195,0.0011759999999997675,53.95801534200053,0.024056,-4.406385101429999,-1
2020-10-01,0.023046,0.023523,0.021622,0.02182,0.02182,8736821.0,45,0.11390312290586672,0.0246924285714285,0.02630080952380929,0.02355479999999952,0.02413083333333344,0.03055523076923055,0.02434400000000023,0.03218173333333325,0.02588694999999973,0.0324115800000003,0.028765519999999867,0.024060569999999816,0.025336074726048426,0.027023611374499247,0.02321127472889105,0.02480206905341176,0.027915654834946017,0.025068768730280036,0.028444806015663425,0.02681186302586546,0.029511215604407375,0.028640785718154742,0.027133762171648326,36.86185497798047,40.883381492564006,21.319341127483014,34.977543872028924,42.53615362697835,35.981801455027956,43.49828572748215,40.464835000404655,46.17507734480383,47.98366085045875,33.436247148754795,-0.003113585781534256,-0.00019868748633016612,-0.00291489829520409,0.020700857526171654,0.02588694999999973,0.03107304247382782,-0.002443000000000001,5.529181792795313,18.16772842937439,38.75438856987082,50.35951881526265,-38.38109182179442,0.0004239999999997648,44.341998553730754,0.022996,-5.113932857888326,-1
2020-10-02,0.021786,0.022491,0.020708,0.021396,0.021396,6789844.0,41,0.11383905280220355,0.0241334285714285,0.025673095238095002,0.022925199999999517,0.023707083333333445,0.029455384615384387,0.02392046153846177,0.031233133333333257,0.02535814999999974,0.0321484800000003,0.02871752999999987,0.024101844999999816,0.024810731429241967,0.026512010340453862,0.022606183152594037,0.024278058429809957,0.02743271743976483,0.024544087483097173,0.027990044337233528,0.02629606654721161,0.029192971855214925,0.028497324614824945,0.0270766700107364,36.24127922553314,40.468021088676046,19.569357881594282,34.243025115493424,42.19005788783576,35.309383329060715,43.18869196183178,40.03055958200732,45.95568963309781,47.842403921134135,33.400167111582604,-0.0031546590099548783,-0.00019180857180063016,-0.002962850438154248,0.0206497678541554,0.02535814999999974,0.030066532145844076,-0.003628999999999997,15.305895439377116,8.568588962448072,27.403802951863888,39.97234595023111,-60.8080808080807,-1.0000000002299836e-06,38.59463946541091,0.02182,-1.943171402383137,-1
2020-10-03,0.021415,0.021527,0.021019,0.021397,0.021397,3693999.0,40,0.11380415094505687,0.023740214285714212,0.025169523809523583,0.022332999999999523,0.02346825000000011,0.028087692307692085,0.023529384615384848,0.030747233333333256,0.024971699999999736,0.031921700000000296,0.028678129999999868,0.024138889999999816,0.024355567238676372,0.0260470094004126,0.02220312210172936,0.02383481867137765,0.02698562725904151,0.024094503556940438,0.027564686638057168,0.025829488780810504,0.02888724746873592,0.028356724127402668,0.02702015588127633,36.24399151540904,40.469515448664175,19.588038711086266,34.24655311368689,42.19120989843892,35.3124537365282,43.189677383035715,40.03215336566805,45.95630734219509,47.84276967289098,33.40033745355961,-0.0031508085876638565,-0.00015036651960768704,-0.003000442068056169,0.02029681209931842,0.024971699999999736,0.02964658790068105,-0.0016180000000000016,18.850889192886427,13.228655475019432,17.731993984077175,27.963395168603892,-52.175149274950094,0.00022299999999976503,36.681710299500715,0.021396,0.0046737707982913435,0
2020-10-04,0.021397,0.021419,0.02103,0.021174,0.021174,3080985.0,42,0.11377502758682766,0.023361142857142792,0.024790857142856917,0.02175659999999953,0.023147333333333447,0.026999346153845933,0.02329176923076947,0.030210166666666587,0.024575149999999737,0.031659360000000296,0.028627099999999867,0.02417417999999982,0.02393135827351953,0.02560400854582964,0.021860081401152903,0.023425461952704167,0.02655513635096436,0.023677288763091803,0.027152384274311547,0.02538610889692379,0.028584767175844312,0.028214491966464004,0.02696198517599,35.879314217809174,40.233575332879376,18.44182741773236,33.80834799338475,41.99740192263147,34.914484136472524,43.01773617716061,39.784577511344146,45.837140188400824,47.76732544535653,33.38120276272788,-0.003129674398260191,-0.00010338586416321722,-0.003026288534096974,0.02003289091566748,0.024575149999999737,0.029117409084332,-0.0028479999999999964,13.782904466134319,15.979896366132436,11.66791210927283,18.93456968173789,-51.260504201680504,-6.000000000234984e-06,33.678014906707524,0.021397,-1.0422021778754065,-1
2020-10-05,0.021174,0.021437,0.021113,0.02118,0.02118,3545055.0,42,0.11374155311582584,0.023140928571428503,0.024413476190475958,0.021393399999999528,0.022994416666666774,0.02590165384615362,0.02299600000000024,0.029319433333333256,0.02427529999999974,0.0313863400000003,0.028595149999999868,0.024195549999999826,0.023564510503716926,0.02520182595075422,0.021633387600768602,0.02308000626767276,0.026156978102744772,0.02332053322550726,0.026767069159839837,0.024985527097216763,0.02829438414934061,0.02807519509584095,0.02690445298518413,35.89790743427525,40.24339528726853,18.59562485891336,33.833026015455125,42.004845439548774,34.935731039107125,43.02404253291945,39.795096328034695,45.840994339020945,47.76956365683082,33.382234747060124,-0.0030769718350720197,-4.054664078003648e-05,-0.0030364251942919837,0.019664973417237445,0.02427529999999974,0.028885626582762038,-0.0030349999999999995,16.767317939609256,16.467037199543153,14.047237766160206,14.482381286503331,-37.87004053556048,0.001565999999999769,35.64213345880884,0.021174,0.0283366392745954,0
2020-10-06,0.021236,0.021269,0.019497,0.019614,0.019614,6052697.0,47,0.11368376667902964,0.022754428571428502,0.0240533333333331,0.020952199999999525,0.022627083333333447,0.025272230769230544,0.02273438461538485,0.028306833333333257,0.02388899999999974,0.031092520000000293,0.02854700999999987,0.024208569999999825,0.023037775769887994,0.024693841773412925,0.020960258400512403,0.02254677453418464,0.025672313058097012,0.022791028479006218,0.02630558082694694,0.024473953087958026,0.027953976927797844,0.027907646678101524,0.02683191116443603,33.205331740327736,38.513159707934726,11.69085056930511,30.606579041678213,40.59291941631396,31.99956543041152,41.777067756683664,37.977029082704064,44.98873540884959,47.235990757044135,33.24714039808318,-0.0031255385239123763,-7.129066369631395e-05,-0.003054247860216062,0.019069902989176664,0.02388899999999974,0.02870809701082282,-0.005160999999999999,3.907815631262493,11.486012679001838,13.722964533853645,13.146038136428823,-60.49189491335928,0.0004759999999997684,28.646737340523394,0.02118,-7.393767705382448,-1
2020-10-07,0.019614,0.019688,0.018584,0.019138,0.019138,6567078.0,43,0.11362048737571545,0.02247749999999993,0.023662761904761676,0.020500599999999532,0.022204000000000116,0.02467838461538439,0.022358692307692545,0.02704619999999992,0.02347964999999974,0.030831780000000295,0.028499889999999868,0.024219794999999825,0.022517805667236268,0.024188765248557204,0.02035283893367493,0.022022347682771615,0.025188289868608348,0.022269167267719617,0.02584315625746649,0.023965767079581063,0.027608252342394002,0.02773399030823813,0.026755354834441643,32.4135529853723,37.99300462661985,10.296350700554823,29.67472541548723,40.16674749828993,31.142787880582038,41.40018663178817,37.43124712673495,44.730901195285966,47.074567762683685,33.20608967898638,-0.003165942185836729,-8.935546049653386e-05,-0.003076586725340195,0.018501231046817185,0.02347964999999974,0.0284580689531823,-0.005406000000000001,18.824328916071988,13.166487495647733,14.42665122919262,14.065617843068754,-52.314127648090476,-0.0004130000000002326,32.66739045973634,0.019614,-2.4268379728765166,-1
2020-10-08,0.019121,0.019636,0.018809,0.019551,0.019551,4439455.0,46,0.11357784580669256,0.02215814285714279,0.0232925714285712,0.020131399999999532,0.02176866666666678,0.024200653846153625,0.021999923076923316,0.026048866666666583,0.022996099999999742,0.030643120000000294,0.02846530999999987,0.02423849999999982,0.022122231578271437,0.02376715022596109,0.020085559289116626,0.0216421403469606,0.024770712841304027,0.021880857658045386,0.025437210692468654,0.02354531307200192,0.027292281662300126,0.027571950896193808,0.02668366971171088,33.87923650018333,38.74499410792436,20.206175865457308,31.63129574556073,40.72743615599593,32.823408713950904,41.87034880810811,38.23985670100691,45.00981193398327,47.2325916015126,33.27792617969085,-0.003128572494343427,-4.158861520258501e-05,-0.0030869838791408423,0.018511966385419732,0.022996099999999742,0.027480233614579748,-0.004807000000000002,33.894146512442994,18.875430353258977,17.435302693103928,15.194972818716664,-65.586034912718,-0.00036000000000023513,40.832311593118924,0.019138,2.15801024140454,1
2020-10-09,0.019642,0.020256,0.019576,0.019911,0.019911,6708967.0,48,0.11351387611867746,0.02185071428571422,0.022849190476190245,0.019878799999999527,0.021382583333333444,0.023846230769230543,0.02162576923076947,0.025055233333333253,0.02264654999999974,0.0304352800000003,0.02843730999999987,0.024251764999999814,0.02182740070116857,0.023416591114510086,0.020027372859411082,0.021375811062812812,0.024410734112318543,0.02159944942118176,0.0250806809703739,0.023199188017525543,0.027002819636327568,0.027420248898249372,0.026616279963335647,35.19181746456823,39.41593662180843,28.47165020738751,33.381518443984874,41.22598462487198,34.32806482806033,42.2874244238703,38.96183574555304,45.2554391297204,47.37093475581519,33.34073018803748,-0.003034923049505728,4.1648663708091116e-05,-0.0030765717132138193,0.018358783044709448,0.02264654999999974,0.026934316955290038,-0.004144999999999999,46.51244304241154,33.07697282364199,23.98121040835938,18.614388110218577,-61.626575028636644,-2.289834988289385e-16,40.966347398991395,0.019551,1.8413380389749934,1
2020-10-10,0.019642,0.020256,0.019576,0.019911,0.019911,6708967.0,53,0.11344999375021665,0.02150328571428565,0.022516285714285482,0.019624999999999525,0.021012000000000114,0.02349261538461516,0.021269384615384853,0.024519633333333245,0.022318049999999742,0.0302418000000003,0.028407759999999862,0.024265719999999814,0.021571880607679436,0.023097901013190987,0.019988581906274054,0.02115045551468777,0.024077420474369025,0.021358242361012938,0.02474715316583365,0.022886027253951682,0.026724709062353937,0.02727155090026424,0.02654956075972037,35.19181746456823,39.41593662180843,28.47165020738751,33.381518443984874,41.22598462487198,34.32806482806033,42.28742442387031,38.961835745553046,45.25543912972039,47.37093475581519,33.3407301880375,-0.0029269649596812557,0.00011968540282605073,-0.003046650362507306,0.018267046928668963,0.022318049999999742,0.026369053071330518,-0.003084999999999997,49.42271880819374,43.2764361210159,30.51229058207627,23.97626789451313,-75.71606475716042,-0.0001230000000002271,39.13794435140657,0.019911,0.0,0
2020-10-11,0.019908,0.020528,0.019463,0.020034,0.020034,5007773.0,55,0.11340241471674525,0.02118114285714279,0.022209285714285484,0.01970899999999953,0.020676833333333446,0.02321788461538439,0.02093676923076947,0.02403483333333325,0.022106599999999744,0.030015580000000305,0.028380259999999862,0.024284079999999816,0.02136682985998884,0.02281936455744635,0.02000372127084937,0.020978693127812725,0.023777907846637983,0.021169064880868237,0.02444307876803793,0.022614405610718192,0.026462328314810647,0.02712823306065505,0.026484729309374892,35.692518856102474,39.663753793248745,31.940248186129274,34.058414789133295,41.40756906591222,34.90580626984303,42.43809751945768,39.22943860793029,45.34222442637614,47.418981753938866,33.36237590945523,-0.002799214718825257,0.00019794851494563896,-0.0029971632337708965,0.01804159388752496,0.022106599999999744,0.026171606112474526,-0.0017859999999999996,74.58847736625509,56.84121307228661,44.64842292907479,33.047307973170085,-71.40595313489531,0.0006969999999997742,40.485027762687395,0.019911,0.61774898297422,0
2020-10-12,0.019405,0.0195,0.019076,0.019337,0.019337,4751665.0,52,0.11335697378359495,0.02082249999999993,0.021974714285714056,0.019748799999999525,0.020371916666666785,0.022910076923076696,0.02057376923076946,0.023613666666666592,0.021822199999999743,0.029784860000000305,0.02834359999999986,0.024298044999999817,0.021096185878656998,0.022502785961314862,0.019781480847232916,0.02072612495430308,0.023448951709849983,0.020907341326458485,0.024113654331390327,0.022302271743030743,0.02618290367501415,0.0269739512178698,0.02641360762470449,34.09329653811618,38.72342906196508,24.019740978797646,32.058721404081766,40.66819159215785,33.12731283668552,41.79909837830132,38.23211839952648,44.930530405412505,47.17250352280877,33.30079305469239,-0.0027228267555469074,0.0002194691825791913,-0.0029422959381260987,0.017821508922891097,0.021822199999999743,0.02582289107710839,-0.002059000000000002,30.715532286212927,51.575576153553726,47.02666360310299,40.72912570475129,-73.54621356379067,-2.220446049250313e-16,40.1353257275894,0.020034,-3.4790855545572485,-1
2020-10-13,0.019405,0.0195,0.019076,0.019337,0.019337,4751665.0,56,0.11331157671705075,0.0204854285714285,0.021703857142856917,0.01970599999999953,0.02016500000000012,0.022602846153845932,0.020292307692307925,0.02328736666666659,0.021638299999999742,0.029556340000000306,0.028310119999999862,0.024313639999999817,0.02086162776150273,0.022214987237558968,0.019633320564821945,0.02051241342287184,0.023144362694305545,0.02068300685125013,0.02380548308420385,0.022019864910361148,0.02591443686422928,0.0268227244610803,0.026343193618488525,34.09329653811617,38.72342906196508,24.01974097879764,32.058721404081766,40.66819159215785,33.12731283668551,41.79909837830132,38.23211839952647,44.93053040541249,47.17250352280878,33.30079305469239,-0.002631949271433707,0.00024827733335391336,-0.0028802266047876198,0.01753173718578541,0.021638299999999742,0.025744862814214082,-0.0020599999999999998,17.975206611570282,41.093072088012576,43.84287562292846,45.172654051702004,-72.32183908045957,-2.220446049250313e-16,47.27752038002911,0.019337,0.0,0
2020-10-14,0.019405,0.0195,0.019076,0.019337,0.019337,4751665.0,53,0.11326622345362307,0.02022407142857136,0.021528714285714054,0.019591199999999528,0.019993416666666784,0.022222653846153625,0.020101307692307925,0.02296176666666659,0.02140404999999974,0.029387720000000294,0.028267799999999864,0.024330574999999816,0.020658344059969032,0.02195335203414452,0.019534547043214633,0.02033158058858386,0.022862335828060687,0.0204907201582144,0.02351719385296489,0.021764353966517228,0.025656498163671267,0.02667449229353416,0.02627348024915033,34.09329653811618,38.72342906196507,24.019740978797646,32.05872140408178,40.66819159215785,33.12731283668551,41.79909837830132,38.23211839952649,44.930530405412505,47.17250352280878,33.30079305469239,-0.0025307552394768264,0.000279577092248635,-0.002810332331725461,0.017335691454793738,0.02140404999999974,0.025472408545205744,-0.0018370000000000016,17.975206611570282,22.221981836450983,38.135428336760185,43.00165585426381,-66.95333943275364,-0.0004760000000002263,48.902282551806096,0.019337,0.0,0
2020-10-15,0.01935,0.020217,0.018955,0.019813,0.019813,5064016.0,56,0.11321812066745328,0.02008071428571422,0.021328285714285484,0.01957159999999953,0.019861416666666784,0.021949999999999782,0.01997953846153869,0.02271629999999992,0.021183949999999743,0.0292105400000003,0.028231749999999868,0.02435361999999982,0.020545631518639827,0.021758774576495013,0.019627364695476417,0.02025179895957096,0.02263645910005619,0.0203939029927552,0.023278213604386512,0.021578510731610826,0.025427341372939064,0.026538621159008728,0.026209196863586647,36.48375024075017,39.84326052930397,41.220833849119956,35.35435373325889,41.46752650171813,35.91251083097813,42.45203322044506,39.44910326403003,45.29053570150591,47.36500727889978,33.38603247878187,-0.0023846601404852318,0.000340537752992184,-0.0027251978934774157,0.017283047514712692,0.021183949999999743,0.025084852485286798,-0.0013670000000000002,54.54545454545457,30.1652892561982,39.15997548421235,40.37942648130026,-42.11962224553989,0.0008949999999997779,49.78408957165925,0.019337,2.4616021099446606,1
2020-10-16,0.019862,0.019884,0.018713,0.018918,0.018918,4005857.0,52,0.11317990516900507,0.019903714285714216,0.02107604761904739,0.01934839999999953,0.019673416666666783,0.02165911538461516,0.019788846153846386,0.022435566666666587,0.020891099999999743,0.0290511200000003,0.02816947999999987,0.024368029999999825,0.020328613982821184,0.021500522342268198,0.019390909796984282,0.020046599119636962,0.02236101768523721,0.020183059708075882,0.022996909500877703,0.0213251287571717,0.0251720730838042,0.026387717769721427,0.0261366476410634,33.99946138925724,38.45882205544567,27.284073963352483,32.17524694425965,40.40465897338019,33.119386024434355,41.546445495768644,37.97206394897263,44.72973241421957,47.0394861348077,33.30560225588765,-0.002314418565600249,0.0003286234623017326,-0.002643042027901982,0.017254890064578664,0.020891099999999743,0.024527309935420818,-0.0006959999999999987,13.630319148936206,28.716993435320177,26.968343840748574,34.754582553906964,-47.32620320855575,8.29999999997777e-05,44.60172393627635,0.019813,-4.517236158078031,-1
2020-10-17,0.018917,0.019084,0.018826,0.018835,0.018835,3483942.0,56,0.11314660325783875,0.019720714285714213,0.020793190476190247,0.019247999999999533,0.01947800000000012,0.02145034615384593,0.019608923076923305,0.022152566666666592,0.020605649999999743,0.0288746200000003,0.02810606999999987,0.02438130499999982,0.02012946545177836,0.02125820212933472,0.019205606531322854,0.019860199255077437,0.022099831190034457,0.019990479749779327,0.022728399210498497,0.021087973637441058,0.02492356041385109,0.026238159002004168,0.026063994430704555,33.7709728252643,38.329429411810494,26.29472395028061,31.88717864287653,40.30516947684756,32.864112239597524,41.461688703023796,37.83412624757397,44.67740295555785,47.00922528502032,33.29812580698743,-0.002239631934957024,0.00032272807435596625,-0.0025623600093129897,0.017295097730961634,0.020605649999999743,0.02391620226903785,-0.0003029999999999977,8.11170212765962,25.42915860734996,22.447577809037924,29.52529904466621,-48.17600601729927,0.00025799999999977924,42.94503966963881,0.018918,-0.43873559572893406,0
2020-10-18,0.018827,0.019087,0.018508,0.018577,0.018577,4708897.0,55,0.11310153860349186,0.01953521428571421,0.020509047619047392,0.01909599999999953,0.01939158333333345,0.021202346153845933,0.01940869230769254,0.021797733333333253,0.020316599999999744,0.028663680000000306,0.028043089999999868,0.024391954999999816,0.019922470058207912,0.021014456481213386,0.018996071020881904,0.01966278398506552,0.021838880731513386,0.019788554071239424,0.02246056700336956,0.020848833291018103,0.024674675691739284,0.026086452883152603,0.025989496973682615,33.03166095326605,37.914036925907816,23.161888579956752,30.953938903149535,39.987335527687904,32.03748696524309,41.19176989575376,37.390809073346134,44.512293593217365,46.914473285584535,33.274791167694914,-0.002176096746447864,0.0003090106102921009,-0.0024851073567399647,0.017399386665013374,0.020316599999999744,0.02323381333498611,-0.0009739999999999992,4.0374488004680895,8.593156692354468,19.66002624681748,23.025315965534592,-48.51485148514809,-0.0003820000000002224,39.128725408193674,0.018835,-1.3697902840456688,-1
2020-10-19,0.018578,0.019113,0.018341,0.018959,0.018959,3517079.0,55,0.1130679364552811,0.019376571428571358,0.020251952380952152,0.01902039999999953,0.01937666666666678,0.02104634615384593,0.019358307692307918,0.021532966666666587,0.020061749999999743,0.028449160000000306,0.027978039999999867,0.024401899999999817,0.01979400738378019,0.02082759680110308,0.01898371401392127,0.019554509525824677,0.02162555623288277,0.01967004634677665,0.022234659454765077,0.020668849168064,0.024450531546965196,0.02594531520229809,0.02591954177991463,35.27933814736589,38.940461038474815,36.585833184513255,34.04991944572369,40.70625866375896,34.658123071770675,41.77173796456233,38.51092193782085,44.820262759113724,47.0740021869474,33.344298132857816,-0.0020710467070580926,0.00033124851974549813,-0.002402295226803591,0.01767829254899099,0.020061749999999743,0.022445207451008496,-0.0009520000000000016,32.942430703624765,15.030527210583987,22.653471065228377,21.58702504036119,-38.76767324140291,0.0008159999999997822,45.71032239449618,0.018577,2.056306185067558,1
2020-10-20,0.01899,0.019008,0.018061,0.018143,0.018143,3664287.0,56,0.11303280477396578,0.01927149999999993,0.01997038095238072,0.01868639999999953,0.01925933333333345,0.020820230769230542,0.019281769230769463,0.021255033333333253,0.019819099999999742,0.027785480000000303,0.027914549999999868,0.024408539999999816,0.019573873065942837,0.02058354254645734,0.018703476009280847,0.019337354214159337,0.021367589104521082,0.019451896868665698,0.02197068142542539,0.020428292104438854,0.024203177368652837,0.02579081391116348,0.02584216325474135,32.762628209230435,37.55118898928744,25.269456190926253,30.8489027594865,39.65253266764483,31.834260626341447,40.88179301190985,37.02520110026296,44.284723433198224,46.7707626222502,33.26989646146722,-0.0020302348903617415,0.0002976482691534792,-0.002327883159515221,0.017722570145384028,0.019819099999999742,0.021915629854615457,-0.0017680000000000024,4.498080087767352,13.8259865306199,12.643996173690931,18.319164495245527,-29.54408515766157,-0.0006030000000002214,41.49759021257739,0.018959,-4.304024473864654,-1
2020-10-21,0.01814,0.018972,0.018071,0.018746,0.018746,4623380.0,61,0.11298860491125667,0.01924349999999993,0.01976799999999977,0.01865199999999953,0.01916225000000012,0.020609884615384398,0.019219846153846386,0.021071133333333256,0.019665399999999743,0.027175200000000302,0.02785694999999987,0.024414184999999814,0.01946348999048379,0.020416493224052132,0.0187176506728539,0.01924637664275021,0.021173397319001003,0.019351054458856317,0.021762637462494717,0.02026807380877801,0.02398917041301939,0.025651312645595892,0.02577155466514193,36.357240961882965,39.22963957793343,41.35494475996798,35.688920032644155,40.82797282616746,35.985059418232595,41.828163023849726,38.85552099440326,44.78203060935442,47.02545765901083,33.38029340313764,-0.001927020676250789,0.00032068998661154494,-0.0022477106628623345,0.0177430222618492,0.019665399999999743,0.021587777738150286,-0.0012879999999999975,65.11406844106494,34.184859744152185,22.94074603211668,19.412737757011925,-7.677242459850378,-0.0009470000000002184,44.80494608835789,0.018143,3.323595877197816,1
2020-10-22,0.018716,0.020063,0.018695,0.019693,0.019693,5444857.0,73,0.11293709351899607,0.019253642857142792,0.01966671428571405,0.01882359999999953,0.01914408333333345,0.020414423076922854,0.01920307692307716,0.02089339999999992,0.01958024999999974,0.0265719800000003,0.027813179999999868,0.024425984999999817,0.01949409132508595,0.020350721112774663,0.01904276711523593,0.019315087928480947,0.02106373825833426,0.01939990382187684,0.02162911246491441,0.020213304874608675,0.02382069314192059,0.025533326256574188,0.025711071534145497,41.609869819236025,41.80311587553416,58.279008368916294,42.532240451555154,42.64976877558408,41.96220440724805,43.301110879117964,41.65197903358693,45.56042200059541,47.42448970519626,33.55379527002823,-0.0017486503298533122,0.000399248266407218,-0.00214789859626053,0.01783822626769122,0.01958024999999974,0.021322273732308262,0.0003560000000000021,81.51848151848158,50.37687668243779,37.622101910281074,24.402281372029492,2.517730496454646,0.0005539999999997838,45.50055779617318,0.018746,5.051744372132716,1
2020-10-23,0.0197,0.0197,0.018939,0.019139,0.019139,3788466.0,74,0.11290120002643288,0.01919849999999993,0.019559238095237862,0.01893599999999953,0.019069500000000118,0.02020653846153824,0.019143692307692545,0.02076419999999992,0.01946734999999974,0.0262352800000003,0.02776696999999987,0.024428944999999817,0.019446745815074492,0.02024056464797697,0.019074844743490624,0.019287997477945417,0.0209211650540132,0.019362631847323,0.021468460047823164,0.020110990124645945,0.02363709733243351,0.025406705934661832,0.025645677787537083,39.56322530927145,40.745634760618174,48.461314779778434,39.84517234622732,41.86669591239135,39.630941250012256,42.648316048319906,40.513819012080006,45.180383615437954,47.214355964701326,33.50249679458974,-0.0016331675760677849,0.000411784816154196,-0.0020449523922219806,0.017941863741119918,0.01946734999999974,0.02099283625887956,-0.00019800000000000023,53.84615384615379,66.82623460189993,47.58384291941821,36.048896953938595,-13.232773397325456,0.00042799999999978267,46.52573459143082,0.019693,-2.813182349058041,-1
2020-10-24,0.019139,0.019452,0.018674,0.018711,0.018711,4185473.0,73,0.11286144436985555,0.019112785714285645,0.019431333333333103,0.018886399999999533,0.01901733333333345,0.01998934615384593,0.01904192307692331,0.02058716666666659,0.019344199999999742,0.0258637800000003,0.027718659999999874,0.02443207999999981,0.01934864637306456,0.020101513316342697,0.018953563162327082,0.019199228635184584,0.020757449124086298,0.01926954158341972,0.021290559399576508,0.01997765773182252,0.023443917044887096,0.02527411769833189,0.025576676018506862,38.01546538664584,39.92814837737515,41.91519351813863,37.8441353805724,41.25894167250115,37.88003819244263,42.141140396550796,39.63525651209672,44.885345264331924,47.051679907925035,33.462775368516304,-0.0015582204889017133,0.0003893855226562142,-0.0019476060115579273,0.018013600040452653,0.019344199999999742,0.020674799959546825,-0.0006259999999999982,32.46753246753253,55.944055944055776,47.48886327219977,44.231602700632955,-19.16320664324444,-0.00018700000000020783,43.186822037506026,0.019139,-2.2362714875385437,-1
2020-10-25,0.018711,0.019296,0.018608,0.018898,0.018898,3294589.0,76,0.11283017053432895,0.019031642857142785,0.019322952380952142,0.01903739999999953,0.01898075000000012,0.01979096153846132,0.01900815384615408,0.02040993333333325,0.01923009999999974,0.0252837000000003,0.027672339999999872,0.02443272499999982,0.01928856018998928,0.019992103014857,0.01893504210821805,0.01915288576823311,0.02061971215193176,0.019216464214359758,0.021136200728636086,0.019874833185934658,0.02326564578822485,0.02514785794192928,0.025510221530760525,39.13020846122435,40.474788631161815,45.75680300431832,39.28730980127501,41.64330175242026,39.145083002694776,42.450126648937676,40.22987821436305,45.045275876440094,47.13206234092625,33.497397212912766,-0.0014668263836986467,0.00038462370228742456,-0.0018514500859860715,0.01820633874096305,0.01923009999999974,0.020253861259036433,-0.0009150000000000025,41.51606425702799,42.609916856904576,54.8924601060519,49.988388765889894,-17.9576351564965,0.000236999999999786,44.349778687015714,0.018711,0.9994121105232345,0
2020-10-26,0.018898,0.018982,0.018531,0.018661,0.018661,3560476.0,75,0.112796320879735,0.01898335714285707,0.019202999999999762,0.01902039999999953,0.018924416666666787,0.01962423076923055,0.018956153846154074,0.020206133333333258,0.019182449999999737,0.0246570800000003,0.027621329999999868,0.024433199999999815,0.01920488549799071,0.01987109364987,0.01884369473881204,0.019077211034658783,0.02047462236289977,0.019137112183736937,0.02097651035904666,0.019759230025369456,0.023085071443588585,0.025019405309415828,0.02544207007274301,38.197394282825705,39.99160792712111,41.574935769410075,38.07356034894336,41.2877402134699,38.086470828809425,42.155298709535614,39.70934770676158,44.876933060070364,47.04064883233911,33.47521107830038,-0.0013974113282409874,0.000363231006196067,-0.0017606423344370546,0.018145298135908226,0.019182449999999737,0.02021960186409125,-0.0002570000000000003,8.485639686684168,27.489745470414714,43.56677435517575,48.6493659111424,-11.524036822365579,0.00028599999999979336,41.40557550775959,0.018898,-1.2541009630648858,-1
2020-10-27,0.018661,0.018734,0.018255,0.018375,0.018375,3877836.0,61,0.11275937602413587,0.018914642857142783,0.019143999999999762,0.01875679999999953,0.018804583333333454,0.019491730769230557,0.018882153846154076,0.020000499999999925,0.019144299999999736,0.023885440000000303,0.027568649999999868,0.024439174999999817,0.01909423409825861,0.01973508513624545,0.018687463159208027,0.0189691785677882,0.020319094780462756,0.01902823901463166,0.02080867098104365,0.019627398594381888,0.022900362759526286,0.02488783292705116,0.025371750967541584,37.05526871328268,39.397028966043855,36.71572626258278,36.59552594893781,40.85064441038819,36.79337226094019,41.793343452266996,39.06882459942686,44.67144188899949,46.92971069429215,33.448343473989034,-0.0013499162126745475,0.00032858089741000544,-0.0016784971100845534,0.01804593852190755,0.019144299999999736,0.02024266147809192,-0.00046000000000000213,8.304498269896103,19.435400737869237,28.92397770545865,42.46107072222869,-15.637191157346678,0.0012209999999997915,43.25067782133453,0.018661,-1.5326081131772251,-1
2020-10-28,0.018375,0.018582,0.01708,0.017154,0.017154,6363916.0,70,0.11269826300851946,0.01875871428571421,0.019049523809523572,0.01835979999999953,0.018657583333333453,0.01932857692307671,0.01867761538461561,0.01976036666666659,0.019024449999999738,0.0232391000000003,0.02749747999999987,0.024439864999999814,0.0188355362184908,0.01950044103295041,0.01817630877280535,0.018689920326590018,0.02008464331524329,0.01876049058397,0.020572885756460192,0.01939183682348837,0.022675015200329177,0.024734687720574897,0.025289982301197885,32.59696060540192,36.94063487587016,22.964886575009746,31.02512638902244,39.01927979346976,31.825499721368853,40.26805006383186,36.43436137638453,43.798118177646046,46.45728619584627,33.33355377172772,-0.001394722988653268,0.00022701929714502816,-0.001621742285798296,0.01762979864204649,0.019024449999999738,0.020419101357952985,-0.0014230000000000009,3.119730185497373,6.636622714025698,18.778692973327367,30.42314834465385,-29.608029296079913,0.0001149999999997889,33.358280902927014,0.018375,-6.644897959183671,-1
2020-10-29,0.017153,0.017556,0.016916,0.017039,0.017039,4725729.0,67,0.11265272498957805,0.01856057142857135,0.01892990476190453,0.01802539999999953,0.018507916666666787,0.019160961538461325,0.018533076923077152,0.019526466666666596,0.018880849999999737,0.0225854800000003,0.027417529999999867,0.02443911999999981,0.01859599805602536,0.019276673666318557,0.0177972058485369,0.01843593258403771,0.01985904010670675,0.018514563357688568,0.020344893127011144,0.01916775712601329,0.022453994996394697,0.024582297864721932,0.02520788297481781,32.205938356777054,36.714763669404704,22.032276935694423,30.550640870282546,38.8489354868126,31.395532289884947,40.1255255327366,36.19300547692778,43.71601344711571,46.41284085556132,33.322729040669216,-0.0014231075226690398,0.00015890781050340507,-0.001582015333172445,0.017292562570845618,0.018880849999999737,0.020469137429153853,-0.0019200000000000016,5.168067226890677,5.530765227427867,13.318799925198991,20.34049020132827,-39.56075299486561,0.00019299999999979056,25.28999669724723,0.017154,-0.6703975749096425,0
2020-10-30,0.017039,0.017254,0.016519,0.016846,0.016846,3482198.0,74,0.11261909323859474,0.01841257142857135,0.018783952380952148,0.01761499999999953,0.018363666666666792,0.018994499999999786,0.018380076923077155,0.0193214666666666,0.01872759999999974,0.0222028200000003,0.027330389999999868,0.024438869999999814,0.018362664981888644,0.019055703333016868,0.017480137232357938,0.01819132757110883,0.0196358519506544,0.01827619716373306,0.020119158086558814,0.01894663739972631,0.022234073623987063,0.024429103847598718,0.025124680159147983,31.52592891131085,36.324267981724645,20.36658556434033,29.72414562736332,38.55558584300794,30.64719865708291,39.880736420134056,35.77538684777437,43.57617664226795,46.337697999835385,33.304487404816896,-0.0014445243795455675,0.00010999276290150168,-0.0015545171424470696,0.016974868910129372,0.01872759999999974,0.02048033108987011,-0.0012969999999999993,13.27649208282586,7.188096498404454,7.670885490358566,13.256126129628234,-32.83676703644965,7.199999999979445e-05,27.43961845488678,0.017039,-1.1326955807265615,-1
2020-10-31,0.016846,0.017252,0.016715,0.016774,0.016774,3266884.0,73,0.11258757589076236,0.018265357142857062,0.0186345714285712,0.01723759999999953,0.018181583333333456,0.018825038461538247,0.018241384615384847,0.0191532666666666,0.01856459999999974,0.0218467400000003,0.02724929999999987,0.024438704999999814,0.01815084298430349,0.018848275757288063,0.01724475815490529,0.017973277175553627,0.01942386291727259,0.01806159756891405,0.019903341435813085,0.018739719552133327,0.022019953089713058,0.024277517632794787,0.025041588814280837,31.262092071484947,36.173902054369314,19.699848685010537,29.40267289661715,38.443127738159355,30.356502680841288,39.78716784479921,35.614416628253714,43.52320089051709,46.30944817811292,33.297653355678776,-0.0014505857417189648,8.314512058248363e-05,-0.0015337308623014484,0.016719503693933033,0.01856459999999974,0.020409696306066448,-0.001972000000000001,11.512415349887204,9.98565821986773,8.276240622999174,9.75530867951884,-32.719479282425354,-0.00032100000000020307,27.932063370225364,0.016846,-0.4274011634809449,0
2020-11-01,0.016774,0.01728,0.016734,0.017095,0.017095,3625379.0,72,0.11255266905717104,0.01815949999999992,0.018494619047618812,0.01698159999999953,0.018094250000000117,0.01872815384615363,0.018098000000000232,0.019009899999999927,0.01845249999999974,0.0215492000000003,0.02716523999999986,0.024442924999999817,0.0180100639197297,0.018688887052080057,0.017194838769936858,0.017838157610083838,0.019251354553030176,0.017923512201926332,0.01972215811737353,0.01858307959478729,0.0218268176744302,0.024135289560858256,0.024962518278815352,33.90435568659241,37.384528463505994,31.667697368969797,32.90732189822879,39.2633233304179,33.39000851410733,40.431040288574756,36.94260315642638,43.83371149714366,46.45643636708806,33.358924492541,-0.0014131969429463376,9.642713548408863e-05,-0.0015096240784304262,0.016534024673428974,0.01845249999999974,0.020370975326570503,-0.002598000000000003,27.920504120213298,17.569803850975273,12.199441793062613,9.382189302140047,-23.294561458660336,0.0009109999999997939,30.011537094515404,0.016774,1.913675927029912,1
2020-11-02,0.017095,0.017256999999999998,0.016172,0.016184,0.016184,4629763.0,71,0.11250789607784227,0.01796128571428563,0.01834447619047596,0.01678759999999953,0.017880750000000122,0.018614538461538245,0.017947307692307925,0.018836133333333258,0.01829484999999974,0.0212903600000003,0.027072589999999862,0.024438404999999816,0.017766588730432402,0.0184611700473455,0.016857892513291242,0.01758367182391709,0.019024143104657568,0.017675010458793997,0.019493889851736532,0.018354595823855173,0.021605530706805483,0.023977838282425418,0.024875169838230127,30.356191659608733,35.3888306025765,21.005815552208247,28.549841668441914,37.77976739139364,29.46716770198039,39.201707263885844,34.80320174261292,43.14700596487795,46.09471809044855,33.27175391425369,-0.0014404712807404784,5.532223815195845e-05,-0.0014957935188924364,0.016174806179765563,0.01829484999999974,0.02041489382023392,-0.0029549999999999997,0.8670520231215025,13.433323831073821,11.748906160587437,10.741529525549671,-40.269917283412795,0.0010819999999997984,25.17126035424143,0.017095,-5.329043579994142,-1
2020-11-03,0.016184,0.016217,0.014093,0.015102,0.015102,13995777.0,71,0.1123708296627258,0.01774407142857135,0.01814280952380929,0.016400199999999532,0.017498166666666787,0.01844342307692286,0.01766700000000023,0.018633733333333256,0.01808309999999974,0.0210103000000003,0.026970479999999863,0.02442398499999982,0.017411310233041415,0.01815579095213228,0.016272595008860826,0.01720187615869908,0.018733613985794047,0.01730743753610914,0.01921054211936643,0.018044824793011824,0.02135049028693076,0.02380207910851601,0.02477792436720296,26.788634957856782,33.184625157603634,14.194535962999508,24.39369009256085,36.09750640892954,25.617567630513797,37.79145261142855,32.458984302943065,42.34337469982911,45.668169586241476,33.168297834713776,-0.0015317378270949672,-2.8755446562024438e-05,-0.0015029823805329428,0.015588443149907387,0.01808309999999974,0.020577756850092097,-0.0036090000000000007,31.65986821462189,20.149141452652046,17.047266358133687,13.665204770594508,-42.48987005728625,-0.00021700000000019967,31.44792256569569,0.016184,-6.685615422639646,-1
2020-11-04,0.015102,0.015534,0.014774,0.015319,0.015319,3880456.0,74,0.11233292301846352,0.01749928571428563,0.017951476190475962,0.01609479999999953,0.017179833333333453,0.01826680769230748,0.017330538461538696,0.01843836666666659,0.01785839999999974,0.0207731400000003,0.026871049999999858,0.02441064999999982,0.017132335535302558,0.017897900865574797,0.015954730005907216,0.016912202903514605,0.018480679616475967,0.017023375030950694,0.018959474885858918,0.017785222431772604,0.02111396125607073,0.023634097343990936,0.024683805716783032,28.591929195051517,34.04770628916549,20.405857176319444,26.71170834681725,36.684679026977854,27.65874348945939,38.25180430365917,33.40359155168359,42.56221961151569,45.76982070137394,33.21015687624389,-0.0015684767129613662,-5.239546594273882e-05,-0.0015160812470186276,0.01521469331993128,0.01785839999999974,0.0205021066800682,-0.0035789999999999993,38.468779416378986,23.6652332180406,22.085723824844308,16.96063211452174,-50.61290798995697,-0.0017340000000002009,37.33826228867217,0.015102,1.436895775393987,1
2020-11-05,0.015319,0.017873,0.015073,0.017053,0.017053,8039993.0,72,0.11225565461472826,0.017310714285714204,0.017820047619047392,0.016150599999999533,0.017041666666666785,0.0181568846153844,0.017170076923077156,0.018352999999999918,0.017765149999999737,0.0205674000000003,0.02678617999999986,0.024410104999999814,0.017121757463928886,0.01782109169597709,0.016320820003938145,0.016933863995281587,0.018374925570811083,0.01702760716938631,0.018836476506126083,0.017715486962079974,0.02095470787347972,0.023503778584703986,0.02460787730169066,41.02807907632079,40.48354315553722,53.01763719969528,42.083166991854576,41.17031751177885,41.478478063649156,41.80759190540522,40.397599137036856,44.28584280925328,46.576499943241,33.54442395445325,-0.001441061575529496,6.001573719130503e-05,-0.001501077312720801,0.015147371329421731,0.017765149999999737,0.020382928670577744,-0.0016080000000000018,78.30687830687826,49.47850864595952,35.444616416242525,24.8592021997401,-34.92987562847288,-0.0023570000000002057,45.496440464958894,0.015319,11.319276715190284,1
2020-11-06,0.017053,0.019961000000000003,0.016978,0.01941,0.01941,11288540.0,90,0.11214977408457924,0.017330071428571344,0.01784347619047596,0.01661359999999953,0.017084333333333455,0.0181328846153844,0.017223846153846388,0.01836206666666659,0.017793899999999738,0.0204091000000003,0.02672015999999986,0.02442545499999982,0.01742685646873837,0.017965537905433718,0.017350546669292095,0.017314807996007497,0.018451597750751003,0.017367949002331122,0.018873478021859885,0.017876869156167596,0.020894131094127574,0.0234227136622346,0.02455615712953453,52.9593273613409,47.74489855961303,71.83853595727209,55.74996310188036,46.51865364058251,54.267418020836345,46.162206467549105,48.16690502752874,46.5112908552252,47.64566402415235,33.99568935094952,-0.0011367897547435064,0.00029143004638183573,-0.0014282198011253422,0.015114738473715313,0.017793899999999738,0.020473061526284163,0.0010350000000000012,90.61008861622355,69.12858211316006,47.98253331544458,35.170957852177054,2.8949898515120163,0.0014129999999997966,53.703023145178605,0.017053,13.821614965108786,1
2020-11-07,0.01941,0.019666,0.017781,0.017997,0.017997,7459155.0,88,0.1120797170524173,0.017279071428571345,0.017803571428571197,0.016976199999999532,0.01702900000000012,0.018081346153845938,0.017154538461538697,0.018310266666666592,0.017764899999999736,0.0201846000000003,0.02663018999999986,0.024434529999999826,0.01750287560623992,0.017968398095848836,0.017566031112861397,0.017419760612006344,0.01841792384328797,0.017457813430569534,0.01881693105270764,0.017888310188913542,0.020780518110044145,0.023315273787734903,0.02449089188446454,46.868609521320344,44.34685155237681,55.76730945967893,48.341520782317545,44.02685552385621,47.55766245629842,44.11711150211564,44.51439963761476,45.40233854855616,47.075226100853726,33.85717335022349,-0.0009981632312816224,0.00034404525587497596,-0.0013422084871565982,0.015108973566386647,0.017764899999999736,0.020420826433612826,0.000843,66.53033401499653,78.48243364603258,61.11518971381958,48.18077981516882,-6.9012178619753275,-0.0002590000000002035,49.811010360619456,0.01941,-7.2797527047913535,-1
2020-11-08,0.017997,0.018764,0.017932,0.018256,0.018256,4146364.0,82,0.11204075118435963,0.017233214285714206,0.017788285714285482,0.017606999999999533,0.017019083333333452,0.01803976923076901,0.01712338461538485,0.018255099999999927,0.01772974999999974,0.0200116800000003,0.026549399999999862,0.024441024999999825,0.0176032921920746,0.017994543723498943,0.017796020741907597,0.01754841282554383,0.018405929484525897,0.017571840083345315,0.01878074195253295,0.017923328266159867,0.02068151739984633,0.023215090148373814,0.024428853159245992,48.04214985059036,45.09719130926686,57.84180454417508,49.66962511459747,44.591802588512685,48.807114060553495,44.58213484455404,45.31253547903294,45.6446392281977,47.19227341522986,33.90678191402828,-0.000857516658982066,0.0003877534625396258,-0.0012452701215216915,0.015122196851784982,0.01772974999999974,0.020337303148214487,0.0012170000000000028,67.12936186620395,74.75659483247448,68.20908844413599,59.10227049113331,-6.162411211364567,-0.0003730000000001996,48.81475298966168,0.017997,1.4391287436795075,1
2020-11-09,0.018256,0.019196,0.017819,0.018629,0.018629,5131825.0,90,0.11199268775598714,0.017230928571428487,0.017772571428571197,0.018268999999999532,0.01714200000000012,0.018012538461538243,0.01714292307692331,0.018212366666666598,0.017754049999999737,0.0198546400000003,0.026466139999999857,0.024447704999999827,0.01774005323313132,0.018052221566817225,0.018073680494605063,0.017714657006229394,0.018422453226412863,0.0177228629285817,0.01877095214914373,0.017990535097954164,0.020601026521420988,0.023124276482069387,0.02437114317756195,49.754590461397285,46.19172650408503,61.002590761149214,51.61056593326087,45.415741381277826,50.6313556407451,45.26001063356282,46.4767614279961,45.996693953987844,47.36160404753661,33.97845147420327,-0.0007077962201834723,0.0004299791210705755,-0.0011377753412540475,0.015121344809370768,0.017754049999999737,0.02038675519062871,0.001783,72.74959083469717,68.80309557196567,75.06525072779962,68.12984296191833,-0.30320257722155314,-0.000530000000000197,52.30405637993664,0.018256,2.0431638913233963,1
2020-11-10,0.018629,0.019166,0.018141,0.019159,0.019159,6453940.0,90,0.1119324888639124,0.017286928571428488,0.017820952380952146,0.018690199999999532,0.017318666666666788,0.0179873846153844,0.01729715384615408,0.01818319999999993,0.017774699999999734,0.019752560000000297,0.026400599999999858,0.024456319999999827,0.017929246135380474,0.018152837788015658,0.01843545366307004,0.017936863620655642,0.018477012246678574,0.017928025367355743,0.018795987494360258,0.018101817469577574,0.02054447646175742,0.023045756155691776,0.024319281056392174,52.15524117607912,47.74252029285798,65.42287569352646,54.322113771035134,46.58771950274526,53.184158583594424,46.22579857336833,48.12442575981825,46.49891807802679,47.60272512237957,34.08052771379049,-0.0005401486260229356,0.00047810137218488977,-0.0010182499982078254,0.015103044089337719,0.017774699999999734,0.020446355910661747,0.0023849999999999982,73.11431444854162,70.9977557164807,74.0267379561323,72.43369237602258,7.260603815521772,9.799999999979965e-05,56.65194728830031,0.018629,2.845026571474585,1
2020-11-11,0.019159,0.019803,0.019006,0.019061,0.019061,4547899.0,86,0.11189032818355132,0.017423142857142776,0.017835952380952147,0.01862039999999953,0.01750325000000012,0.017992884615384397,0.01745269230769254,0.01817399999999993,0.017743099999999734,0.0196332800000003,0.026331169999999862,0.024464369999999826,0.01808014665066308,0.018235397989105145,0.01864396910871336,0.018109807679016314,0.01852027059877646,0.01808987888630492,0.018813085075369274,0.01819316818676066,0.020486300914237518,0.02296685009320283,0.02426695985185096,51.666192069700095,47.4774591558951,63.817827861534994,53.7191267223201,46.396436080827826,52.64211487500445,46.07049174091771,47.8385064584128,46.41750215213837,47.56203729003562,34.07073874882014,-0.0004104629197601469,0.00048622966275814277,-0.0008966925825182896,0.01515328140043346,0.017743099999999734,0.02033291859956601,0.0019660000000000025,63.303659742828906,69.72252167535568,68.56545218145337,72.55248028846171,19.710594315245977,0.0006029999999997981,54.48264431667139,0.019159,-0.5115089514066362,0
2020-11-12,0.019061,0.019061,0.018239,0.018458,0.018458,5244950.0,87,0.11184138391392352,0.017524499999999922,0.01777714285714262,0.01871259999999953,0.017643583333333452,0.017978384615384396,0.01757669230769254,0.018144699999999923,0.01770904999999973,0.0195421400000003,0.026257669999999855,0.02446731499999982,0.018130527097241337,0.018255634535550132,0.01858197940580891,0.01816337572839842,0.018515657961830058,0.018142467616832792,0.01879017636082932,0.01821839026421203,0.02040675970191448,0.02287756593294139,0.024209159256310158,48.65827616265594,45.837050684060344,54.030391592604396,50.01818223685017,45.21032553523254,49.31184673705022,45.106926660387494,46.07011759988731,45.91296486812738,47.31073005168904,34.01033017122613,-0.0003522822334316375,0.00043552827926932167,-0.0007878105127009593,0.015179295739055671,0.01770904999999973,0.020238804260943797,0.0022740000000000017,32.207661290322626,56.20854516056416,61.70091763651859,68.097702591368,13.96241267342367,-0.00016600000000020068,50.71661286898279,0.019061,-3.163527621845663,-1
2020-11-13,0.018457,0.018948,0.018244,0.018624,0.018624,3757682.0,89,0.11180635719822883,0.017651499999999917,0.017752619047618812,0.01878619999999953,0.01777100000000012,0.01798019230769209,0.01771900000000023,0.018120933333333256,0.01770469999999973,0.0194341800000003,0.02618168999999986,0.024470679999999818,0.018196323484275825,0.01828912230504557,0.018595986270539273,0.01823424100095251,0.018523683297990798,0.01821125795728525,0.018779455305291945,0.0182570197628585,0.020336847556741363,0.022793336904566308,0.02415358553236677,49.525017309372856,46.37143642505282,56.24708652560346,51.02445515572606,45.60784464046834,50.245010724063576,45.43158811837382,46.64027376593444,46.077542996563814,47.38802325701445,34.042684833145216,-0.00028944229703828367,0.0003986945725301404,-0.0006881368695684241,0.015181910391205868,0.01770469999999973,0.0202274896087936,0.003522000000000001,40.574596774193566,45.36197260244813,56.38996461811652,62.21877814536274,17.54143646408886,0.0005379999999998025,44.38835789141776,0.018458,0.8993390399826717,0
2020-11-14,0.018624,0.018648,0.017842,0.018086,0.018086,4249088.0,90,0.11176660608851187,0.017745214285714208,0.01772285714285691,0.01867759999999953,0.01792950000000012,0.01794661538461516,0.017795230769231004,0.01806336666666659,0.01766409999999973,0.019311600000000304,0.026102379999999856,0.024467709999999827,0.018181613686372385,0.018270656640950518,0.01842599084702618,0.018211434693113662,0.01849126231295444,0.01819336396338736,0.018734716253337627,0.018240732166395792,0.020248579025104442,0.02270012231239668,0.02409321154697009,46.78255709883295,44.868395955936826,47.36442992967723,47.65580549532033,44.52070355557731,47.211417061713114,44.54918391649025,45.02055834983653,45.618666421256,47.16155734753593,33.988405818492666,-0.00027982761984077584,0.00032664739978211866,-0.0006064750196228943,0.015196641141018584,0.01766409999999973,0.02013155885898088,0.002767000000000002,12.442631310555893,28.40829645835713,44.32857271328826,54.13981832264104,12.375023580456928,0.00011599999999980376,48.63992739583646,0.018624,-2.888745704467355,-1
2020-11-15,0.018086,0.018687,0.017905,0.01797,0.01797,3512314.0,86,0.11173377149357684,0.017807714285714208,0.01767866666666643,0.01843979999999953,0.01816850000000012,0.017939961538461318,0.017932615384615616,0.018031766666666598,0.017629549999999734,0.019175500000000303,0.02602645999999986,0.024457319999999824,0.0181533985281894,0.018243324219045925,0.018273993898017454,0.0181742908941731,0.018452650289772627,0.018161454825760592,0.01868537972086423,0.01821494815054857,0.02015922298490427,0.02260645652403239,0.024032284068890783,46.19165147151911,44.542280283141054,45.505085960747444,46.932061585168974,44.28434966195189,46.55869889951982,44.357232974123455,44.66936007948099,45.518971072432784,47.112526688964564,33.976666829431856,-0.0002783593955995277,0.0002624924992186934,-0.0005408518948182211,0.015201834203374122,0.017629549999999734,0.020057265796625347,0.0009170000000000011,6.527281998980091,19.84817002790962,31.011166223375948,43.909901184926824,8.415889198807749,-0.0007670000000001982,45.83054955619398,0.018086,-0.641380072984632,0
2020-11-16,0.01797,0.018907,0.017875,0.018737,0.018737,4114486.0,90,0.1116954678991874,0.01799007142857135,0.017682285714285473,0.018374999999999538,0.018453333333333453,0.01793961538461516,0.018212230769231,0.018028499999999927,0.017647649999999734,0.019059360000000303,0.025951829999999853,0.024452644999999818,0.018231212057764144,0.018288203835496297,0.01842832926534497,0.01826086152583877,0.01847371323127095,0.01824367556493765,0.018688710061453638,0.01826466737430585,0.020103449534515868,0.022529833622566404,0.023979594675170482,50.611063021707345,47.20056307049906,58.447679847144286,52.13865308747944,46.243899399366335,51.348293920799705,45.948475074593894,47.512039361773994,46.31030681222603,47.477185179832134,34.1278506004926,-0.00021285170543217452,0.0002624001515088373,-0.0004752518569410118,0.015191304123933056,0.017647649999999734,0.02010399587606641,-0.0006730000000000001,73.42083675143552,30.796916686990272,33.03460162509727,36.12478018725374,24.90002925972931,-0.00013400000000019646,49.18599324003541,0.01797,4.268224819143018,1
2020-11-17,0.018905,0.019078,0.018421,0.018871,0.018871,5465532.0,86,0.11164479019348426,0.01825928571428564,0.017705904761904527,0.018457599999999536,0.018604833333333456,0.01790799999999978,0.01848546153846177,0.018038299999999927,0.01773349999999974,0.018949620000000302,0.02587883999999985,0.024440659999999826,0.01831651711672893,0.01834118530499664,0.018575886176896646,0.01835472898340204,0.01850314188080644,0.01833329334137513,0.01870047070265017,0.01832241333865768,0.020055118180221126,0.02245738147162449,0.02392876288735784,51.35887268495585,47.65974818283412,60.41850556136468,53.01119683902314,46.58473451185576,52.15506780586625,46.226093955736076,48.00209652116564,46.44891642449252,47.54100921388078,34.154324047007215,-0.00014841289740439442,0.0002614711676292939,-0.00040988406503368835,0.015230228162094612,0.01773349999999974,0.020236771837904857,0.0008740000000000032,83.25242718446613,54.40018197829369,43.243554803925974,35.763107550799646,40.505104782375625,0.0004749999999998089,45.809626931956366,0.018737,0.7151625126754491,0
2020-11-18,0.018871,0.018907,0.018045,0.018396,0.018396,5622137.0,91,0.11159252701988663,0.01847907142857135,0.017765047619047385,0.018411999999999533,0.018520333333333455,0.01787942307692286,0.018588769230769464,0.01801953333333326,0.017801349999999737,0.0188364200000003,0.025787699999999854,0.024428659999999817,0.018327114834498403,0.01834616845908785,0.0185159241179311,0.01836107837057096,0.018495205445191145,0.0183422514354644,0.018680827431511445,0.018329421592118846,0.01999005472217324,0.022376958076146786,0.02387371052031945,48.566032681437406,46.16867780494209,50.27525252614661,49.54276282965179,45.52225738712686,49.050032440257155,45.372477472472156,46.39000544802735,46.01934847051992,47.335074524975965,34.1054939185801,-0.00013412707462018628,0.00022060559233080161,-0.0003547326669509879,0.01530378231802834,0.017801349999999737,0.02029891768197113,0.00013999999999999777,44.82200647249178,67.1650901361309,44.093036743585614,40.12373105753621,32.176095367562965,-7.300000000019097e-05,47.97000816826559,0.018871,-2.5170897143765525,-1
2020-11-19,0.018396,0.018601,0.018128,0.018469,0.018469,4471219.0,94,0.1115509822745407,0.01858021428571421,0.017833142857142627,0.01848859999999953,0.01855966666666679,0.01787011538461517,0.018516384615384848,0.01803039999999993,0.017882499999999742,0.0187458800000003,0.025709579999999854,0.024419184999999826,0.018346032856565282,0.01835733496280714,0.0185002827452874,0.018377681698175427,0.018493264301102912,0.0183603583732552,0.018667161145607486,0.01834271477382182,0.01993040551738213,0.02229957276770823,0.023819932306186918,49.02249155391219,46.438471624588004,51.76855588763546,50.086482889981916,45.719834571857604,49.54716198152566,45.53220694714864,46.67897124207725,46.09749229829104,47.37046132556093,34.12004150015349,-0.0001155826029274852,0.00019132005121880213,-0.0003069026541462873,0.015410291654213424,0.017882499999999742,0.02035470834578605,-0.00016000000000000042,49.37655860349122,59.15033075348282,51.47982220217269,46.272137916561356,17.91951404707724,-0.0005170000000001979,50.14331731086775,0.018396,0.3968253968253954,0
2020-11-20,0.018469,0.019257,0.018383,0.018986000000000003,0.018986000000000003,7319805.0,86,0.11148339665834164,0.0185499285714285,0.017935047619047392,0.01869179999999953,0.018620500000000127,0.017873499999999782,0.018592461538461773,0.018038399999999927,0.01799309999999974,0.0186892000000003,0.025550389999999853,0.024413409999999826,0.018431361809023245,0.01841448632982467,0.018662188496858263,0.018471269129225358,0.018529763241761955,0.018449735748504455,0.01868773139427797,0.01840398003345784,0.01989337000689656,0.02223395746537737,0.02377183347726964,52.23880051088319,48.3587524451296,61.57548039232564,53.89802895290114,47.130047553913535,53.04170465942681,46.67331370722969,48.73385981217676,46.65533963987954,47.62220357288796,34.22340013365788,-5.849411253659383e-05,0.0001987268332877548,-0.00025722094582434864,0.015531803388406804,0.01799309999999974,0.020454396611592675,-0.00017299999999999607,80.39073806078171,58.19643437892135,66.252513414533,53.941790786763704,-6.994391290002652,-0.005249000000000191,50.107655074958146,0.018469,2.799285288862441,1
2020-11-21,0.018986000000000003,0.027314,0.018986000000000003,0.024235,0.024235,28106300.0,91,0.11123774397179356,0.01899549999999993,0.018290333333333103,0.01979139999999953,0.01908766666666679,0.0180878846153844,0.01905238461538485,0.01818979999999993,0.01835009999999974,0.018745980000000304,0.02544722999999985,0.024430054999999826,0.01920518023448681,0.018943623936204242,0.020519792331238844,0.019357996955498384,0.01895237337200181,0.019276202070146683,0.01904561969142133,0.01895931526836661,0.0200636300066261,0.02227358207002337,0.023776442099386355,71.67730856511989,62.614842106974756,88.94973922538031,74.94331277978931,58.49813909678216,73.27835561913382,56.28216758712973,63.66249705941522,51.81911533324494,50.07118345379235,35.259781730845944,0.0004056235834965748,0.0005302756234567387,-0.00012465203996016397,0.014668533920229713,0.01835009999999974,0.02203166607976977,0.005173999999999998,66.781745603625,65.51634742263242,64.9246951849709,60.885676933892114,63.02283289553502,0.0016299999999998052,58.259807580527045,0.018986000000000003,27.64668703255029,1
2020-11-22,0.024235,0.025645,0.020663,0.022605,0.022605,20330650.0,94,0.1110598149711544,0.019306142857142786,0.018552714285714055,0.02053819999999953,0.019374833333333456,0.018250576923076703,0.019358230769231,0.01830533333333326,0.01867114999999974,0.018770140000000303,0.02534591999999985,0.024441499999999824,0.01965848953655524,0.01927647630564022,0.02121486155415923,0.01985753588542171,0.019222938307409083,0.01975174463155429,0.019275257130684467,0.019306523338045986,0.02016329157499371,0.02228014480131003,0.023764785959093957,63.128814883730506,57.454896135101684,70.28951876429343,64.96637893660369,54.70493185056842,64.04782960733388,53.20580526977976,58.141980740018084,50.277550726061385,49.34752149365531,35.087247739497194,0.000634597578012628,0.0006073996943782335,2.7197883634394405e-05,0.014678211903582625,0.01867114999999974,0.022664088096416856,0.004146999999999998,49.196245549681755,65.45624307136261,58.11345885801404,63.096889152505895,38.592599165853656,-0.0008340000000001957,54.92275453010318,0.024235,-6.725809779244896,-1
2020-11-23,0.022605,0.023845,0.021589,0.023439,0.023439,12965222.0,90,0.11094670343771054,0.019649714285714208,0.018898190476190246,0.02154679999999953,0.01973966666666679,0.018492307692307475,0.019687461538461768,0.018462933333333258,0.01908799999999974,0.018815440000000305,0.025237399999999854,0.02445654499999982,0.02016255759834787,0.019654887550582017,0.021956241036106158,0.0204085303645876,0.019535239173526932,0.02027849539847511,0.01954388570289837,0.01970009254394637,0.02029175072891552,0.022303092429006858,0.023761544307759685,65.39154025511026,59.254708082790394,73.67969794473397,67.37389910066196,56.213529150156184,66.38126224690096,54.52013614256207,60.005213686550576,51.037722889043714,49.72302744679733,35.25016916293425,0.0008732911910606725,0.0006768746459410225,0.00019641654511965006,0.014926771234139834,0.01908799999999974,0.023249228765859647,0.004814999999999996,57.81624210755496,57.931411086953666,60.712305985026674,61.25015334267045,41.00596760443349,-0.0027560000000001962,56.767692382043144,0.022605,3.689449236894493,1
2020-11-24,0.023439,0.026861000000000003,0.023398,0.026195,0.026195,25396190.0,88,0.11073231989967464,0.020152285714285643,0.01942642857142834,0.02309199999999953,0.02038441666666679,0.018844461538461317,0.020236230769231003,0.01870616666666659,0.019631799999999745,0.018915740000000302,0.025151039999999854,0.024485104999999827,0.020966883251901488,0.020249443227801832,0.02336916069073744,0.021298756462343357,0.020028554790302716,0.02112371034155009,0.01997298985109848,0.02031865515880862,0.0205232507003306,0.02238015990566019,0.023785757797234717,71.56903910872919,64.45964899448734,81.87916442065574,73.81562672269857,60.70476514656053,72.68937727217984,58.50038645813443,65.35601457374983,53.43717509349671,50.93698880015892,35.785424507849505,0.0012702016720406405,0.0008590281015367924,0.0004111735705038481,0.014762132612705859,0.019631799999999745,0.024501467387293627,0.008108999999999998,87.47060799462547,64.8276985506205,68.33111586325353,62.38562690209799,50.41559186013222,0.0015799999999998038,59.46454380438761,0.023439,11.758180809761498,1
2020-11-25,0.026197,0.026504000000000003,0.024109,0.024615,0.024615,15451436.0,94,0.11060178832992083,0.020548999999999932,0.01986909523809501,0.024217799999999533,0.02088366666666679,0.01914326923076901,0.020709846153846388,0.018904633333333257,0.020009899999999744,0.0190157600000003,0.025054139999999853,0.024505204999999818,0.021453298818314624,0.020646312025274397,0.023784440460491624,0.02180894777582899,0.020368291472502516,0.02162246600704294,0.02027247437683406,0.0207278308579697,0.02068371145718038,0.022424414164954047,0.02379400896343138,64.49749364864186,59.86656910211807,67.42823891382471,65.75273240489176,57.21115122107592,65.14284428951615,55.61691007134338,60.48488749552264,51.948494565135604,50.234663222457094,35.615792064661406,0.001440656303326477,0.0008235861862581031,0.0006170701170683738,0.0148195695613018,0.020009899999999744,0.025200230438697686,0.0066450000000000025,67.59125840537946,70.95936950251973,65.77121993217307,64.93821392681768,35.976162715377946,0.0023609999999998077,56.99035107775242,0.026195,-6.0316854361519345,-1
2020-11-26,0.024615,0.026165,0.020647,0.022254,0.022254,19819487.0,93,0.11043093025210128,0.020820142857142787,0.020116761904761683,0.02382159999999953,0.021231000000000125,0.019354038461538246,0.02098907692307716,0.019033933333333256,0.020152099999999742,0.019078080000000303,0.024954929999999854,0.024524484999999818,0.021560058975872674,0.020792465477522174,0.02327429364032775,0.021877417348778374,0.020507973585650475,0.021712685148893945,0.02040031473961896,0.02087318030006783,0.02074529140003605,0.02242103962703416,0.023778685491158438,55.68796587029225,53.85877772981409,51.21869159756857,55.87299088998933,52.52072652175994,55.81739667430232,51.683334240029275,54.15219809559473,49.8325223600595,49.21060604691793,35.364041992772044,0.0013694437631279026,0.0006018989168476229,0.0007675448462802798,0.014875848224381306,0.020152099999999742,0.025428351775618186,0.0035169999999999997,25.860959124557446,60.30760850818723,57.587062636359555,63.896466143928635,22.07490113980019,0.000251999999999801,52.16262771697633,0.024615,-9.5917123705058,-1
2020-11-27,0.022256,0.023004,0.021313,0.022002,0.022002,8442029.0,86,0.1103575959804094,0.021061428571428502,0.02024019047619025,0.02370099999999953,0.021567000000000128,0.019542769230769013,0.021290307692307928,0.019195533333333254,0.02035234999999975,0.019127100000000303,0.024885109999999856,0.024546594999999824,0.021618984445756318,0.0209024231613838,0.0228501957602185,0.02189658391050478,0.020618642208935625,0.021754015841909096,0.02050364927254677,0.02098068693815661,0.020794574090230715,0.022412741812637447,0.023761007028559843,54.831504594998044,53.261125216620314,49.688756534508535,54.918834098187425,52.04776205748131,54.913801881606226,51.28329592272356,53.52416137857692,49.61251714297923,49.10269845595572,35.33724843769437,0.0012779417015691547,0.0004083174842310999,0.0008696242173380548,0.015116640053696152,0.02035234999999975,0.025588059946303345,0.0031309999999999984,21.80560025748312,38.419272595806454,52.10893357791984,58.4890720488174,19.546348802222212,-0.0014120000000001909,51.27350128470247,0.022254,-1.132380695605284,-1
2020-11-28,0.021982,0.023637,0.021766,0.023414,0.023414,6937966.0,87,0.1102979861026135,0.02144199999999993,0.020498142857142628,0.02369599999999953,0.021956750000000125,0.01982084615384594,0.02170907692307716,0.01940803333333325,0.020610249999999747,0.019197160000000303,0.024816219999999854,0.024573024999999818,0.02185831985298881,0.021130748328530725,0.02303813050681233,0.022130032539657892,0.02082570574901447,0.02199115643592208,0.02069141383560827,0.021212431039284548,0.02089729667492755,0.022432568707436703,0.023757554222305514,58.64941243592288,56.1193899791573,58.10344809764042,59.15305638940277,54.435303091696646,58.92606405294429,53.3729002831726,56.492775690012685,50.85261192266368,49.7265588657471,35.61195806500329,0.0013043267906434205,0.0003477620586442925,0.0009565647319991278,0.015301688935204031,0.020610249999999747,0.02591881106479546,0.005017999999999997,44.52848406823296,30.731681150090946,49.45138197005544,53.04912606144485,29.34567085261094,0.000258999999999801,51.4366273630706,0.022002,6.417598400145441,1
2020-11-29,0.023417,0.024134,0.022738,0.023155,0.023155,7063325.0,89,0.11023766241821736,0.021812357142857067,0.020731428571428345,0.023087999999999533,0.022313750000000118,0.020130576923076716,0.022048923076923316,0.01961833333333325,0.020836549999999742,0.019262040000000303,0.024751919999999858,0.024593424999999818,0.022031210539256968,0.0213147712077552,0.023077087004541558,0.022287719841248985,0.020998246063902284,0.022157419802218928,0.02085035487847225,0.02139743760697173,0.020985834060224508,0.022446874277586477,0.023751558657904463,57.69105701520376,55.4675638762941,56.04034805595133,58.06924951411032,53.923882044184296,57.90809467355568,52.942476828355076,55.80623913883928,50.6195262755369,49.61389557354754,35.584090007888676,0.0012894737773467002,0.0002663272362780579,0.0010231465410686423,0.015497812421080906,0.020836549999999742,0.026175287578918585,0.0046860000000000035,42.82055659894147,36.38488030821895,40.521371690918635,47.36056241296453,28.334881687524184,-0.0008080000000001905,52.14930412038667,0.023414,-1.106175792261055,-1
2020-11-30,0.023141,0.024227,0.023104,0.023963,0.023963,9319350.0,88,0.11015858551622844,0.022185642857142786,0.020985428571428343,0.02295759999999953,0.02277766666666679,0.020463038461538248,0.022440615384615614,0.01985796666666659,0.02107674999999975,0.019340620000000305,0.02467809999999986,0.024617799999999825,0.02228878246735604,0.02155551927977746,0.02337239133636104,0.0225454552502876,0.02121785746657619,0.02241535983047337,0.021051170692764364,0.02164177688249824,0.0211025856657059,0.02247689656911941,0.023753662551855664,59.88221984589518,57.096219818536575,61.19813947023675,60.514302258936226,55.284870549695995,60.2170751991001,54.134844070575426,57.49815750052081,51.3293994110888,49.97104375574679,35.74174851178733,0.0013275977837114115,0.00024356099411421532,0.0010840367895971962,0.01562472652728001,0.02107674999999975,0.026528773472719487,0.004976999999999995,60.09423704240668,49.14775923652682,39.02196741832408,42.99824035976595,28.495092693566235,0.0009099999999998,50.97831395514947,0.023155,3.489527099978429,1
2020-12-01,0.023972,0.02477,0.021684,0.023053,0.023053,9960322.0,95,0.1100736479324752,0.02248435714285707,0.021170857142856915,0.02311739999999953,0.023159666666666787,0.02069380769230748,0.022798846153846385,0.02005656666666659,0.021276349999999743,0.019414940000000304,0.024599899999999852,0.024639274999999825,0.02239067813837524,0.02169165389070678,0.023265927557574024,0.02262353905793566,0.02135379395053351,0.02250645128326289,0.02118032097065053,0.02177617908416507,0.021179072502344885,0.02248830455784972,0.02374669078517053,56.360074373409816,54.7344004622692,52.82213736912212,56.49493882569561,53.43876948457827,56.46058894489523,52.58421876167344,55.007798065100644,50.49551000721958,49.57135689300544,35.64300815369822,0.0012697451074021556,0.00014856665424396774,0.001121178453158188,0.015842786227170426,0.021276349999999743,0.026709913772829063,-0.001181999999999999,50.33265837431303,51.08248400522015,43.91630726827518,41.15321545917253,21.87696170747042,-0.0004860000000001946,46.486522907568435,0.023963,-3.7975211784834983,-1
2020-12-02,0.023024,0.02376,0.022876,0.023539,0.023539,5053962.0,92,0.11003072346163828,0.022851714285714208,0.021384095238095008,0.02342479999999953,0.02353908333333345,0.020852615384615168,0.023188846153846386,0.020301733333333256,0.021530399999999745,0.0194989800000003,0.024527659999999857,0.024663959999999832,0.022543787719925202,0.021859594446097072,0.02335695170504935,0.02276437920286864,0.021515661065308802,0.02265395824279676,0.021332493811253725,0.021944066790435063,0.021271618678723517,0.02250911040818933,0.023744624210193712,57.781012958042886,55.75832775407538,56.626638870104465,58.10491448956207,54.285391339580926,57.968636998156526,53.32208350060746,56.07465806532717,50.929775544606244,49.787990239325936,35.73829480997732,0.0012487181375598346,0.00010203174752131702,0.0011466863900385176,0.016177135716972983,0.021530399999999745,0.02688366428302651,0.0009339999999999972,60.110174983797684,56.84569013350557,51.577222213538114,44.83849896671237,26.88869137867961,-9.100000000020204e-05,49.6035294168136,0.023053,2.1081854856200843,1
2020-12-03,0.023539,0.024464,0.023263,0.02363,0.02363,5244391.0,92,0.109986428909179,0.023220357142857063,0.021630380952380717,0.023467999999999538,0.023488666666666786,0.021069269230769017,0.02354607692307715,0.020585999999999927,0.021780699999999743,0.0195848400000003,0.024486279999999857,0.024687934999999824,0.022688616023935182,0.022020540405542792,0.023447967803366238,0.022897551633196542,0.02167227876417482,0.02279339277954008,0.02148072001697929,0.022104631858012674,0.02136410422073436,0.02253130624169053,0.0237434836707888,58.055006159581964,55.9537698425806,57.39855514241489,58.41706346401724,54.44644952328717,58.26016025949586,53.46220513983557,56.27848417569163,51.011849830067476,49.828749795435066,35.75619422328799,0.0012252728690217221,6.286918318656371e-05,0.0011624036858351586,0.016532522568013026,0.021780699999999743,0.027028877431986464,0.0001910000000000037,63.05897602073885,57.83393645961629,55.283320604039275,50.25895002861745,26.95743013841761,0.0012569999999998069,53.05311364392771,0.023539,0.38659246357108934,0
2020-12-04,0.023622,0.02413,0.022295,0.022373,0.022373,5593277.0,92,0.10993877076877284,0.023462285714285637,0.02180890476190453,0.023311599999999537,0.02346933333333345,0.021227615384615168,0.023402846153846375,0.02082113333333326,0.021995049999999745,0.019636040000000302,0.024423289999999855,0.024704594999999826,0.022646533887410492,0.022052582186857083,0.023089645202244158,0.02281685138193553,0.021724184040902608,0.022733336668177208,0.02153828646749676,0.022130190728678133,0.02140366876109772,0.022528171464627357,0.023729847017348114,52.96756825347607,52.591741397716945,44.323203179075854,52.557205512667856,51.82724038574273,52.81130572102593,51.26558971706189,52.7296727217589,49.83738935025765,49.270759866642116,35.618466390301634,0.0010926673410329227,-5.5789075841788684e-05,0.0011484564168747116,0.017040263203403905,0.021995049999999745,0.026949836796595582,-0.003821999999999999,22.326636422553435,48.49859580902976,51.18453656876169,52.68169312877962,17.032939401559187,-0.0006180000000001947,48.3949250713985,0.02363,-5.31950909860347,-1
2020-12-05,0.022358000000000003,0.023467,0.02227,0.022991,0.022991,5323279.0,93,0.10989344946412426,0.02337342857142849,0.02204247619047596,0.02311719999999954,0.02343200000000012,0.0213953846153844,0.023432538461538685,0.021019066666666596,0.02224609999999974,0.019717500000000304,0.024384309999999857,0.02472462999999983,0.022692462702422426,0.022137892897142804,0.023056763468162773,0.022843643477022373,0.02181802226009501,0.02277014571558047,0.021632009921206643,0.022212172564042117,0.02146591704497624,0.02253733638611988,0.02372249530573271,55.0428389123861,54.014875995350685,50.91944188821572,54.963387057153156,52.98204357712735,55.03778724889297,52.26206026917403,54.21992412452418,50.409941858554866,49.551284532264994,35.7407660447054,0.0010256212169273658,-9.826815995787648e-05,0.0011238893768852423,0.017654518463072918,0.02224609999999974,0.02683768153692656,-0.0016240000000000007,42.352559948152944,42.57939079714817,47.63620114991094,51.36801944090389,-8.155237970368193,0.00023999999999980287,44.55535708458575,0.022373,2.762258078934443,1
2020-12-06,0.022991,0.023226,0.022459,0.022751,0.022751,4953095.0,95,0.10985127506329234,0.023383857142857064,0.022270142857142627,0.02305679999999954,0.023145000000000117,0.02153353846153824,0.023379615384615613,0.021130433333333257,0.022446799999999743,0.0197958200000003,0.02433521999999986,0.024743459999999832,0.02270026767543276,0.02219362990649346,0.02295484231210852,0.02282939063440355,0.0218871317223102,0.022767410613354692,0.02170420282951589,0.02226348946270477,0.02151631245497717,0.02254156734877097,0.023712828685775168,54.05049327735152,53.363158094259774,48.25521975111813,53.81510858398303,52.47473768257811,53.97275400337586,51.836726827682924,53.53175610473114,50.18305194002243,49.44404107769296,35.71428746229651,0.0009422589120933537,-0.00014530437183351102,0.0010875632839268646,0.01816027322050795,0.022446799999999743,0.02673332677949154,0.0004970000000000009,21.92342752962634,28.867541300110673,41.9543549809736,46.92503089988199,1.053087132141077,-1.7000000000197413e-05,45.67015068463014,0.022991,-1.0438867382889017,-1
2020-12-07,0.022752,0.022954,0.0223,0.022768,0.022768,3899006.0,94,0.1098180521075153,0.02333592857142849,0.02246209523809501,0.02290259999999954,0.02299108333333345,0.021676115384615162,0.023116000000000227,0.02128946666666659,0.022641649999999743,0.019879640000000302,0.024271659999999855,0.024767319999999832,0.022709298652041732,0.02224584536953951,0.022892561541405683,0.022819945921418387,0.02195238122436129,0.022767494811446874,0.021772834905031,0.022311538085304318,0.021565398241056497,0.0225460511636468,0.023703427405319697,54.1132774363431,53.40487650922154,48.484330293511,53.889031274888076,52.50818706066079,54.04059605144554,51.86540018111877,53.57557980535777,50.19924663477986,49.451867802139226,35.71767766896168,0.0008675646970570973,-0.00017599886949581383,0.0010435635665529109,0.018699022648689362,0.022641649999999743,0.02658427735131012,0.0007659999999999992,22.69826800364638,28.991418493808318,34.47197358494333,41.35417657194254,-5.142944738253712,0.0012259999999998034,43.91406707980436,0.022751,0.07472199024218806,0
2020-12-08,0.022769,0.02295,0.021408,0.021542,0.021542,4863944.0,95,0.10977630639902693,0.02300357142857135,0.02258928571428549,0.02248499999999954,0.022931750000000115,0.02179473076923055,0.022879615384615613,0.021398999999999918,0.02279894999999974,0.019931300000000304,0.024190229999999858,0.024772734999999838,0.022553658831769498,0.0221818594268541,0.022442374360937118,0.02262333885658479,0.02192198261514934,0.02259242412409732,0.021757942330512862,0.022238248743846768,0.02156448066297585,0.022526168962386458,0.023681920664968256,48.94568331231782,50.024053168591365,35.05283263615812,47.89925925302632,49.87904749286764,48.48973905003178,49.66211995584773,50.004552423897785,49.02685844519019,48.90044662631481,35.581675536786925,0.0007013562414354482,-0.00027376586009397025,0.0009751221015294184,0.01934933385205761,0.02279894999999974,0.026248566147941875,-0.0018719999999999989,4.9228508449668835,16.514848792746296,22.844748549788942,33.090359038568536,-40.401146131804985,0.0006019999999997971,37.33712852329508,0.022768,-5.384750527055527,-1
2020-12-09,0.021528,0.021558,0.019781,0.02094,0.02094,5561207.0,86,0.10972796947370797,0.02274107142857135,0.02271042857142834,0.022198399999999542,0.02284325000000012,0.02188380769230747,0.02277853846153869,0.02147603333333325,0.02292249999999974,0.0199872400000003,0.023886359999999857,0.024775744999999842,0.022338504320866898,0.02206896311532191,0.021941582907291413,0.02236436364787944,0.02184924316217532,0.022356363534940558,0.021705171857576557,0.02211460600633755,0.02153999122521209,0.02249475967600257,0.02365463787228201,46.604262667948674,48.446396669701564,30.133950881199738,45.22527259012332,48.637246410090206,45.99164078945322,48.61426260046921,48.34321758302576,48.460013911929465,48.63151250201005,35.51494176173897,0.0005151204857041201,-0.0003680012926602386,0.0008831217783643588,0.019987189346712557,0.02292249999999974,0.02585781065328693,-0.0022150000000000017,31.44329896907219,19.688139272561585,24.668081059092692,27.328267731274906,-34.870481070310056,0.0005149999999998003,39.78975748661736,0.021542,-2.7945408968526486,-1
2020-12-10,0.020925,0.020992,0.02,0.020425,0.020425,4053609.0,94,0.10969265567734522,0.02261042857142849,0.022803571428571198,0.02168519999999954,0.02259416666666678,0.02197376923076901,0.022657230769231002,0.02151823333333325,0.022994449999999743,0.020020820000000304,0.023598009999999857,0.02477709999999984,0.022083370411417974,0.02191951192301992,0.02143605527152761,0.022066000009744142,0.021743743668680846,0.02208045445852048,0.02162258012482968,0.02195369114859112,0.021496266079125345,0.022453774335883702,0.02362250217206029,44.64664516570765,47.1147035371692,26.33954705455348,43.000543038145864,47.584792190332976,43.90765233792202,47.724107058917205,46.9423017417891,47.97599227871058,48.40151445480397,35.45776659045541,0.0003222563410632921,-0.00044869234984085333,0.0007709486909041456,0.020416643141501132,0.022994449999999743,0.02557225685849835,-0.003537999999999999,18.693759071117523,18.35330296171863,19.936320883685607,22.483050164188995,-21.03991717473797,-0.0014620000000001993,41.758665282543184,0.02094,-2.459407831900673,-1
2020-12-11,0.020416,0.024247,0.019495,0.021887,0.021887,13370628.0,89,0.1095782025776614,0.022602214285714205,0.02294171428571405,0.021512399999999543,0.02248850000000012,0.022124423076922854,0.02253976923076946,0.02161243333333325,0.02287704999999974,0.020064700000000303,0.023318339999999858,0.02478183499999984,0.02205718768989558,0.02191655629365447,0.02158637018101841,0.022038461546706575,0.02175435524877856,0.022052818107303262,0.02163963947161486,0.021947339610630057,0.021511588977983172,0.02244255108170779,0.02360523349373133,50.917570326748866,51.11133741787125,48.45142140121528,50.490612329672594,50.72794482604154,50.73262139097886,50.38888932734102,51.160948459591225,49.43831455572928,49.091842109267,35.752857877598316,0.0002841062979280183,-0.0003894739143809017,0.00067358021230892,0.020323373807829115,0.02287704999999974,0.025430726192170364,-0.0011660000000000006,50.336700336700346,33.49125279229645,25.618975445100414,23.407792462626148,-1.1612642633541634,0.0002209999999997977,48.09035352780404,0.020425,7.157894736842119,1
2020-12-12,0.021874,0.022957,0.021241,0.021666,0.021666,7986245.0,90,0.1095100431465895,0.022477357142857063,0.022819380952380727,0.02129199999999954,0.02229708333333345,0.022237076923076696,0.022425230769231003,0.021719366666666583,0.022830099999999742,0.0201152400000003,0.02317525999999986,0.02478028499999984,0.02200502933124284,0.02189377844877679,0.02161291345401227,0.021981159770290186,0.021747810415535702,0.021997558377688516,0.021641340150865516,0.021920545361998618,0.021517644312179916,0.022427173832565064,0.023585937638072315,50.00015260624397,50.506890260951735,45.94936642858621,49.426992776455535,50.254878857177026,49.74725938202928,49.99084077278488,50.52334444371233,49.22497574279247,48.99177122613836,35.728041832245076,0.00023334935475448,-0.000352184686043552,0.000585534040798032,0.02022142863828966,0.022830099999999742,0.025438771361709824,-0.0018729999999999962,45.68602693602696,38.23882878128138,30.216527231576535,25.257274520120763,-20.064279155187847,-8.700000000020497e-05,44.040835153734186,0.021887,-1.0097318042673664,-1
2020-12-13,0.021665,0.021957,0.021342,0.021753,0.021753,4573517.0,91,0.10947093720493976,0.02237721428571421,0.02277880952380929,0.021334199999999543,0.022188750000000118,0.022347923076922845,0.022255230769231003,0.021823666666666585,0.022745799999999743,0.020176080000000304,0.023019929999999862,0.02477524999999984,0.02197142542041046,0.0218809804079789,0.021659608969341517,0.02194605826716861,0.021748194829199725,0.021962621466590157,0.0216485440121,0.021904588660855897,0.021526873946996386,0.022413823855682587,0.02356769945261886,50.377264609082346,50.747106965284736,47.23652467412649,49.87729003604492,50.44380401612458,50.15766992603846,50.15102689926975,50.776914268285125,49.31280346911675,49.03307931966045,35.74568664846198,0.00019786343796888983,-0.00031013648226331373,0.0005079999202322036,0.02011114052140616,0.022745799999999743,0.02538045947859333,-0.001877,47.51683501683505,47.846520763187215,38.73532406595015,31.52360891420895,-16.41686182669751,0.0005369999999998014,45.445585147062495,0.021666,0.40155081694821515,0
2020-12-14,0.021762,0.021762,0.021053,0.021216,0.021216,4175481.0,95,0.1094351267817178,0.022180999999999926,0.022672952380952155,0.021389399999999538,0.021995166666666788,0.022456384615384392,0.022113923076923312,0.02192799999999992,0.022496849999999742,0.0202224400000003,0.022753069999999858,0.02477114999999984,0.0218707020310224,0.02182052764361718,0.02151173931289434,0.02183374161068113,0.021708772989999747,0.021855961257077276,0.021620637946803224,0.02183900878839343,0.021514682811820056,0.022390104571411645,0.02354429945806544,47.98386529434868,49.20289284652932,40.15388699314375,47.074543761135956,49.2450034889135,47.57495280944196,49.14694906063457,49.14455054507024,48.78156146926597,48.786774211576436,35.684914950826204,0.00012496862068138784,-0.00030642503964065256,0.0004313936603220404,0.020336168794128397,0.022496849999999742,0.02465753120587109,-0.0011570000000000018,36.21632996632995,43.13973063973044,39.68993026540171,36.21392718764272,-33.22046196638009,-0.0006310000000002007,43.080554112578746,0.021753,-2.4686250172390123,-1
2020-12-15,0.021207,0.021937,0.021037,0.021847,0.021847,4940929.0,91,0.10939291573909077,0.022094857142857062,0.02246590476190453,0.021673799999999542,0.021846583333333457,0.022586307692307468,0.021983769230769463,0.02205723333333325,0.022358449999999745,0.020286160000000296,0.022471619999999862,0.02476896999999984,0.02186754176021941,0.021822934221470164,0.02162349287526289,0.02183578136288404,0.021719012027777543,0.02185468107749481,0.021635241950235275,0.021839769856165484,0.02152771485841535,0.022379350025443098,0.02352741090624389,50.919537259930614,51.036991877520286,50.598523624770095,50.607658409789764,50.67537348219366,50.78198513628567,50.35384189903681,51.08471949748084,49.43445541873331,49.090276129128476,35.813781633525316,0.00011676933510649384,-0.00025169946017243724,0.0003684687952789311,0.020426544207991542,0.022358449999999745,0.024290355792007952,-0.0011440000000000027,49.494949494949466,44.4093714927046,45.850168350168104,41.425140893839924,-15.093867334167305,-0.0011100000000002009,48.37801707305139,0.021216,2.974170437405732,1
2020-12-16,0.021857,0.023038,0.021351,0.022957,0.022957,6461306.0,92,0.10933830574260064,0.02205328571428564,0.022386952380952157,0.021887799999999537,0.021895250000000126,0.02273903846153824,0.02193200000000024,0.02219789999999992,0.022393599999999743,0.02037780000000029,0.02213161999999986,0.024767359999999843,0.022012802858856824,0.021926031110427426,0.022067995250175262,0.022008276537824955,0.021810714840534758,0.02201215520928126,0.02172051666312332,0.021946172727006868,0.02158376525612455,0.02239078863880066,0.023521735175833502,55.63836217178687,54.09171515515316,63.898648382634704,56.182089027249724,53.090365361203204,55.893455478442135,52.40702920237783,54.30472260120962,50.565144936978534,49.62072824521842,36.04034703015531,0.00019756169729019318,-0.00013672567839099028,0.0003342873756811835,0.020444193785483403,0.022393599999999743,0.024343006214516082,0.00020599999999999785,95.95202398800592,60.5544344830949,54.97323308042922,46.83777723199961,-6.756442999767383,0.00032199999999979467,51.89174013384001,0.021847,5.080789124364915,1
2020-12-17,0.022959,0.02363,0.022459,0.022635,0.022635,9731528.0,92,0.10925661978301547,0.021982214285714213,0.02240509523809501,0.022081599999999542,0.021865583333333462,0.022677499999999774,0.021952153846154086,0.02232336666666658,0.022425249999999744,0.020487420000000298,0.02186325999999986,0.024768299999999844,0.022095762477675914,0.02199048282766129,0.02225699683345017,0.02210469553200573,0.02187177300049515,0.022101133036526797,0.02177951558808311,0.022011775324434785,0.02162499014804124,0.02239562450733926,0.023512911940253067,54.02397439031591,53.08521546343196,58.42325098292582,54.25768114584598,52.31869454284743,54.137014227125405,51.76529534604014,53.237267323135036,50.23278474838515,49.469706652367236,36.003296620465576,0.0002329225315105821,-8.109187533648113e-05,0.0003140144068470632,0.02048206944124257,0.022425249999999744,0.02436843055875692,-0.00013300000000000117,61.62745854222901,69.02481067506126,58.16151940166964,52.99497361075559,-11.249293386093473,-0.0003220000000002041,49.79992242617254,0.022957,-1.4026222938537392,-1
2020-12-18,0.02265,0.02301,0.022288,0.022957,0.022957,4525561.0,95,0.10921861634467518,0.022023928571428503,0.0224505714285712,0.022322399999999538,0.021882750000000128,0.022691038461538242,0.021949538461538704,0.02247539999999992,0.022402399999999743,0.02060578000000029,0.021595629999999852,0.024767909999999844,0.02221059414731913,0.022078348025146632,0.022490331222300115,0.02223581929631254,0.02195216018564366,0.022223399745594397,0.02185548232433581,0.022101796722107662,0.02167722582851021,0.022406740853728586,0.023507380478161,55.41019490650624,53.9822550573736,62.29982908902483,55.89433095387058,53.02769843563954,55.63830723428784,52.36800016731493,54.18291389760362,50.5642204583558,49.62455841482205,36.069347597875826,0.0002836591106688824,-2.4284236942544645e-05,0.00030794334761142703,0.0204978097112126,0.022402399999999743,0.02430699028878689,0.0014149999999999994,74.04550713459302,77.20832988827577,63.46725382522124,58.8673354357733,7.383059418458128,-0.0009620000000002056,54.23895031346587,0.022635,1.4225756571681236,1
2020-12-19,0.022958000000000003,0.024621,0.022902,0.023919,0.023919,9607001.0,93,0.10913904185929504,0.02209021428571422,0.02247461904761882,0.022862999999999536,0.0219786666666668,0.022709499999999782,0.022039384615384856,0.022657066666666583,0.022440599999999748,0.02074724000000029,0.021475029999999853,0.024774009999999843,0.02243838159434324,0.022245680022860568,0.02296655414820008,0.022494770173802917,0.022097852023744133,0.022465628353366626,0.021988612496959308,0.02227486370095455,0.02176513854111765,0.022436686579397326,0.023511476194796217,59.3348846336167,56.58066483709725,71.7447383597868,60.47180487130042,55.099103853075505,59.86526070214854,54.137154333253754,56.91600103205719,51.547532216179455,50.08611640034783,36.26684995897619,0.00039691815005879136,7.117984195789147e-05,0.00032573830810089983,0.02044402721019606,0.022440599999999748,0.02443717278980344,0.002978999999999999,80.41294642857139,72.02863736846427,72.30657711766952,64.64511678152006,11.243033680640169,-0.002276000000000201,58.52015522511469,0.022957,4.190443002134425,1
2020-12-20,0.023919,0.034653,0.022988,0.026195,0.026195,50702304.0,92,0.10874173654023336,0.02233621428571422,0.022619380952380728,0.023732599999999538,0.022366416666666798,0.022709499999999782,0.022303000000000243,0.022897366666666585,0.022552199999999748,0.02093566000000029,0.02139119999999985,0.024788879999999843,0.02293926404843081,0.022604709111691428,0.02404270276546672,0.02306403630091016,0.02240134446642975,0.022998395731457105,0.022259992335865158,0.02264821001514936,0.02193885859832872,0.022511108627330047,0.02353817792420123,66.75284699888063,61.911300770776045,83.48869284755823,68.77723480810144,59.4883578837669,67.7055068699441,57.95500384302538,62.476523118246725,53.76675830071428,51.15551954544907,36.73159343264052,0.0006626918344804152,0.00026956282110361234,0.00039312901337680296,0.0200197302174117,0.022552199999999748,0.0250846697825878,0.005770000000000001,36.41557660502181,63.62467672272853,69.690702539684,68.48817782752485,33.46938775510249,0.002036999999999796,42.20398230025754,0.023919,9.51544797023287,1
2020-12-21,0.026269,0.029868,0.023706,0.024158,0.024158,23071435.0,92,0.10855771178670727,0.02243549999999993,0.022628666666666443,0.023972799999999538,0.022634583333333458,0.022691923076922856,0.02250423076923101,0.02289479999999992,0.022607449999999748,0.02107692000000029,0.02131305999999985,0.024794529999999843,0.0231017621753067,0.022745917374264936,0.02408113517697781,0.023232338408462446,0.022531467098546063,0.02316405348410609,0.02238244444322869,0.022791999537516084,0.02202588375133544,0.022543720337679943,0.023544345308040025,56.81470169279349,55.52028753092875,57.72209296250741,57.13718470898631,54.53373986900222,56.9775612401478,53.81216992838916,55.718675179570035,51.60887009709393,50.183618140184926,36.49224349832616,0.000700871309916383,0.000246193837231664,0.00045467747268471896,0.01998245247824942,0.022607449999999748,0.025232447521750075,0.0022710000000000017,15.123331985442816,43.98395167301178,53.524964139171374,65.17408126550822,11.291632818846825,-0.0008510000000001987,34.96337248080729,0.026195,-7.776293185722471,-1
2020-12-22,0.02414,0.02518,0.022968,0.025009,0.025009,8316067.0,88,0.1084903603941726,0.02268314285714279,0.0227218095238093,0.024447599999999542,0.023016583333333458,0.022797884615384397,0.022817230769231013,0.022974933333333246,0.02268094999999975,0.02125342000000029,0.021271889999999846,0.024807579999999843,0.023356060551932473,0.02295165215842267,0.02439042345131854,0.023505670961006687,0.02271498805420932,0.02342761727209093,0.022551899640439747,0.023003142438705028,0.02214286870226346,0.022592537756735788,0.02355891898656699,59.51278414170761,57.44299308820661,63.38690689155611,60.18675307090633,56.119292860885146,59.84045091589868,55.19482463264106,57.7245667791195,52.42255251065093,50.579799572275675,36.66551947268279,0.0007906829067973707,0.00026880434729012145,0.0005218785595072493,0.019870367780912723,0.02268094999999975,0.02549153221908677,0.0033429999999999988,22.00566114031542,24.514856576926466,45.600604658788654,56.27209044588127,29.049015500628816,0.004119999999999797,37.99705863182346,0.024158,3.5226426028644786,1
2020-12-23,0.02501,0.025447,0.020165,0.020889,0.020889,12566900.0,93,0.10838610647324663,0.02267949999999993,0.022595619047618826,0.024033999999999542,0.022933416666666796,0.022755076923076704,0.02285292307692332,0.022889933333333248,0.02254389999999975,0.02136916000000029,0.021189729999999844,0.024801099999999843,0.023027119145008143,0.02276413832583879,0.023223282300879024,0.023103106197774892,0.02257972967982344,0.023064957661792233,0.02244461579266944,0.02280179553978074,0.022093697380606063,0.02255880433581033,0.023532352628491696,44.94656906144845,47.113729959809454,35.642004816200135,43.83104726197503,47.74779908009153,44.426762046138535,48.005540685129134,46.920112144491775,48.40341386731111,48.6864992295184,36.185149701669495,0.0005233765179514481,1.1983667553590444e-06,0.0005221781511960892,0.01966176797487532,0.02254389999999975,0.02542603202512418,-0.0008640000000000038,4.997239094422964,14.042077406726847,31.79095105075463,43.6388399495715,-0.33003300330009944,-0.0021930000000002087,32.16181545393679,0.025009,-16.474069335039378,-1
2020-12-24,0.020921,0.02354,0.020304,0.023082,0.023082,10546520.0,86,0.10829895104005734,0.022869285714285648,0.022569523809523588,0.023866599999999537,0.023051416666666796,0.022742307692307468,0.022944846153846395,0.022786166666666587,0.02257934999999975,0.02152442000000029,0.021148779999999846,0.02480780999999984,0.02303443659234039,0.022793034841671632,0.023176188200586017,0.023099859090424904,0.02261693488872541,0.0230673922815362,0.022485737354432704,0.022828481678849242,0.022132454346072496,0.0225691646459923,0.023527871507810185,51.68996202194951,51.93343205422494,49.703817825506256,51.440389114387244,51.72810920292244,51.57655568498559,51.481513555422886,51.946939144943315,50.465305793677814,49.698740541806146,36.62928360008266,0.0004829242016994965,-3.1403159597274026e-05,0.0005143273612967706,0.019688640214691043,0.02257934999999975,0.02547005978530846,0.001866,20.13390392048592,15.712268051741214,19.73514254913754,32.375566086226875,15.509894343587895,0.0002719999999997863,37.37370648132588,0.020889,10.498348413040336,1
2020-12-25,0.023083000000000003,0.024062,0.02244,0.02281,0.02281,8800792.0,94,0.10822702854127933,0.02293521428571422,0.022590333333333112,0.02318959999999954,0.02313950000000012,0.02272903846153824,0.023032846153846397,0.02272599999999992,0.02257029999999975,0.02163956000000029,0.021103479999999845,0.02480966499999984,0.02300451171336167,0.02279457712879239,0.023054125467057342,0.023055265384205686,0.02263123600807908,0.023030621955602446,0.02250665752511446,0.02282672151895884,0.02215902476387357,0.022573933662903344,0.023520728507732472,50.86205516586152,51.32565345633129,48.13835913250615,50.52075935428966,51.225512857111,50.70520040946929,51.044156582033466,51.314061285719994,50.21145520048753,49.57622884711432,36.597533849178646,0.0004240293761266049,-7.223838813613247e-05,0.0004962677642627374,0.01968388644686472,0.02257029999999975,0.025456713553134783,0.0009630000000000019,27.259610429764,17.463584481557405,17.903949314085978,23.143347637992647,5.790100997428268,-0.00024300000000020835,35.639411025556655,0.023082,-1.1784074170349101,-1
2020-12-26,0.022811,0.023308,0.022001,0.023053,0.023053,6904007.0,93,0.10817048245590938,0.023034285714285646,0.02259328571428549,0.022968599999999537,0.023292583333333453,0.02269403846153824,0.02313284615384639,0.02275263333333325,0.02258539999999975,0.02171242000000029,0.02106075999999985,0.02481198499999984,0.023010976818246785,0.02281807011708399,0.023053750311371562,0.023054916863558657,0.02266247778525841,0.023033818819087816,0.022541905426719983,0.02284827185048657,0.02219408261627069,0.022583420125024067,0.02351607449273016,51.604023071530406,51.8530147284642,49.832286508721644,51.3623117724806,51.661241391542504,51.49363150293515,51.42511218354822,51.86417820087733,50.43863310555437,49.6881368918596,36.64683801603588,0.0003924390783002496,-8.306294876999026e-05,0.0004755020270702399,0.019691855213530986,0.02258539999999975,0.025478944786468515,9.600000000000232e-05,54.67625899280576,34.02325778101834,25.814534715558572,21.151208859593964,8.688842949320557,0.0007159999999997933,36.43954593957172,0.02281,1.0653222270933904,1
2020-12-27,0.023052,0.023589,0.022145,0.022337,0.022337,8142824.0,91,0.10810381051757488,0.02307599999999993,0.02257357142857121,0.022434199999999536,0.023333416666666787,0.02266649999999978,0.023219076923077158,0.022763799999999917,0.02256384999999975,0.02179922000000029,0.020991909999999846,0.02480881999999984,0.022921113242480542,0.02277433647007636,0.022814833540914372,0.02294446811531886,0.02263836831968371,0.022934273273503843,0.022528685721770303,0.022799579293297373,0.022199687219554197,0.02257854051858795,0.02350434240822538,49.256026399583796,50.174963169231894,44.67308519219703,48.7174004965981,50.28665141821304,49.00645090243877,50.234904912500106,50.11234705870471,49.75630742002183,49.36211417707159,36.562642713331854,0.0003060997956351557,-0.00013552178514806738,0.00044162158078322306,0.01966961149279899,0.02256384999999975,0.02545808850720051,-0.00029799999999999965,41.120787580461936,41.018885667677004,29.637560003587872,24.452014677744074,3.5197685631631934,-0.00015800000000020659,37.155846692089426,0.023053,-3.105886435604921,-1
2020-12-28,0.022337,0.023247,0.022232,0.022495,0.022495,8902774.0,92,0.1080310076153221,0.02316735714285707,0.022560571428571204,0.022755399999999537,0.023294916666666787,0.022626346153845938,0.023268923076923312,0.022733166666666586,0.02261149999999975,0.021884000000000292,0.020947839999999846,0.02481590999999984,0.022864298143483137,0.02274894224552396,0.022708222360609584,0.022875319174500582,0.022627748444151583,0.02287151994871758,0.022526512449398028,0.022770571741554762,0.02221126811290501,0.02257688625089314,0.023494299200183342,49.796107026819065,50.54495263764264,46.14942826030346,49.341033430844476,50.58793524339676,49.58513448553371,50.49616358269976,50.49975228714658,49.90882988826761,49.43605793363079,36.59494887318187,0.0002475707303489956,-0.0001552406803473819,0.0004028114106963775,0.01975698995821166,0.02261149999999975,0.02546601004178784,-0.0004620000000000006,58.30228845130382,51.36644500819029,40.298569874964045,31.916888198036762,7.888731265034478,0.001029999999999788,42.87531456234032,0.022337,0.707346555043209,0
2020-12-29,0.022495,0.022511,0.0205,0.021465,0.021465,7846145.0,91,0.10796607321770264,0.02314007142857136,0.022556904761904542,0.022431999999999543,0.023197416666666783,0.022543076923076704,0.02315415384615408,0.02267683333333325,0.02263774999999975,0.02194072000000029,0.02089767999999985,0.02481412499999984,0.022677725057685387,0.0226322202232036,0.022293814907073058,0.02265834699380818,0.022541618929769986,0.02267058852747221,0.02245802777524332,0.02264623157569241,0.02218200269671266,0.022554868701370502,0.023474107168340717,46.35045445744586,48.10535244735567,38.179681515605346,45.43867701055194,48.59424275660935,45.926226352388106,48.77139194791154,47.950933784079226,48.92134385215636,48.96528042892343,36.47325716053096,0.00011672806403819484,-0.00022886667732654616,0.00034559474136474104,0.019838846088647145,0.02263774999999975,0.02543665391135235,-0.002453999999999998,27.091521617069088,42.17153254961139,41.69009341428068,37.2087410976108,-2.2995424993977833,0.0007139999999997912,39.162398241329065,0.022495,-4.578795287841741,-1
2020-12-30,0.021466,0.021589,0.020555,0.020751,0.020751,6413031.0,91,0.10791274853799622,0.02298249999999993,0.02254790476190454,0.022020199999999542,0.02301358333333345,0.022480692307692087,0.023009230769231004,0.022569766666666585,0.02265404999999975,0.02197256000000029,0.02086255999999985,0.02480886499999984,0.022420828383327332,0.02246120020291236,0.02177954327138204,0.02236490899476077,0.02240898049052777,0.022396361594976183,0.02234789695103407,0.022465733330388368,0.0221258849439004,0.022519148529066137,0.023447011574625885,44.08482231108467,46.476293775716044,33.38391824434408,42.89120161412116,47.25364665839562,43.52839657012985,47.60661714908322,46.25179617542737,48.246381605779284,48.640973305873096,36.38895542872883,-4.407149576699659e-05,-0.00031173298970539013,0.0002676614939383935,0.01990607087847183,0.02265404999999975,0.025402029121527663,-0.005444000000000001,8.125606992554157,31.17313902030881,37.863292726838715,39.95065200536108,-13.603848051307144,7.899999999978757e-05,43.92515512270272,0.021465,-3.3263452131376825,-1
2020-12-31,0.020737,0.021362,0.020383,0.020672,0.020672,5792418.0,95,0.10786455228177738,0.022842285714285645,0.022559666666666443,0.02154399999999954,0.022743000000000117,0.022391499999999783,0.02283346153846177,0.022490399999999917,0.02259329999999975,0.02200478000000029,0.02081902999999985,0.02479990999999984,0.02218765126555036,0.02229854563901124,0.02141036218092136,0.022104461457105262,0.02228031526900719,0.022150024224265298,0.022239774567096388,0.02229490158463709,0.02206886984806116,0.02248257133047077,0.023419399519156968,43.83083777452831,46.294572545112686,32.836285280731914,42.60489275756285,47.104335142004366,43.25927384238854,47.476980075095994,46.06217183923822,48.17137505445621,48.60499841972877,36.37960535850805,-0.00017585381190192428,-0.0003548122446722542,0.00017895843277032994,0.019722927047937214,0.02259329999999975,0.025463672952062283,-0.003486000000000003,9.014348097317463,14.743825568980016,28.73091054774105,36.094765562953405,-12.289488511863553,-0.0008730000000002139,35.77233692481476,0.020751,-0.38070454435930046,0
2021-01-01,0.020672,0.021919,0.020638,0.021545,0.021545,5560862.0,94,0.10781863104464516,0.0227414285714285,0.022543380952380728,0.02138559999999954,0.022355500000000115,0.02234511538461517,0.022650846153846386,0.022423933333333253,0.022587249999999743,0.02206652000000029,0.02080432999999985,0.024796234999999837,0.022101964430143645,0.02223004149001022,0.02145524145394757,0.022018390463704456,0.022225847471302955,0.0220635921922274,0.022194950401477263,0.022223482386100227,0.022048325932450926,0.022464005561550555,0.023400748777672817,47.4176492846661,48.62028700695159,44.83612482882136,46.8520862725089,48.95525075949395,47.14803008506408,49.06092665175844,48.511527919567634,49.06395473746278,49.025779583356275,36.560638172913336,-0.00020745700759849941,-0.00030913235229506345,0.00010167534469656406,0.01970815073483555,0.022587249999999743,0.025466349265163942,-0.003464000000000002,40.572625698323925,19.23752692939829,28.621278171313442,31.738493815297662,-8.545146453642975,-0.0013230000000002198,40.19102290901913,0.020672,4.2231037151702955,1
2021-01-02,0.021547,0.023243,0.021046,0.022868,0.022868,10501183.0,94,0.10773306571357716,0.022666357142857068,0.022600619047618824,0.021460199999999537,0.022248000000000115,0.022348961538461325,0.02239492307692331,0.02239853333333325,0.022642999999999747,0.02215140000000029,0.02079278999999985,0.024798799999999836,0.02220410250612449,0.02228803771819111,0.02192616096929838,0.02214909962313454,0.022273414325280516,0.022178507593337768,0.022238372956220668,0.022284865015995445,0.02208047001353128,0.02247200545142084,0.023395447794810405,52.3575015498441,51.92551799553291,58.364164339017364,52.609485059662205,51.619488708532636,52.46494946932202,51.35806788646222,51.98132101632813,50.384758188280074,49.65665621165863,36.834387661996814,-0.00012431470214597368,-0.00018079203747403016,5.647733532805651e-05,0.01978884528141554,0.022642999999999747,0.025497154718583957,0.0019790000000000016,86.88811188811188,45.491695227917525,34.338442858675045,30.56354385924311,-6.224459579508227,-0.0015530000000002207,43.03487003093794,0.021545,6.140635878394041,1
2021-01-03,0.022873,0.027667,0.022807,0.024421,0.024421,37268134.0,93,0.1074399131828332,0.022539642857142786,0.02272766666666644,0.02205139999999954,0.022199000000000118,0.02245969230769209,0.02241515384615408,0.02246679999999992,0.022803249999999747,0.02227810000000029,0.02079484999999985,0.02480336999999983,0.022499688838641226,0.02248194338017373,0.022757773979532256,0.022498622758036917,0.022432494745630104,0.02249886365143237,0.02237918760420643,0.022488306443043497,0.02217225550319672,0.022510599402877852,0.02340565229436453,57.39183138544722,55.449831172947405,69.05411792881485,58.347421113777045,54.51353923716919,57.82808217104265,53.88079635200066,55.663899237307454,51.878794837033404,50.38467513949873,37.15431228593192,6.612801240681379e-05,7.720541663005824e-06,5.8407470743807973e-05,0.01992663650315169,0.022803249999999747,0.025679863496847803,0.0013390000000000036,55.43657331136739,60.96577029926751,40.00745319753471,34.322391409174315,-10.976364311347377,0.0006729999999997849,42.990339181908254,0.022868,6.791149204128044,1
2021-01-04,0.024423,0.026568,0.022498,0.023748,0.023748,17578279.0,94,0.10730120441611167,0.022510357142857068,0.02284823809523787,0.022650799999999544,0.02243725000000012,0.022567692307692098,0.02231815384615408,0.02249203333333325,0.022898299999999747,0.02239366000000029,0.020784579999999848,0.02480012999999983,0.022666130326822395,0.02259703943652157,0.02308784931968817,0.022690834641415854,0.02252993957928713,0.022677311701227748,0.0224674980813544,0.02260827725799173,0.022234049405032142,0.022535102384999086,0.023409058739196725,54.707707919595215,53.663802935297035,60.92028388691072,55.20921432330472,53.08452160245394,54.93549840833469,52.65785149950342,53.786953880503006,51.19733963196156,50.06777394377617,37.072535710434906,0.00016089506212871999,8.199007310792964e-05,7.890498902079037e-05,0.020029107992017424,0.022898299999999747,0.02576749200798207,0.0009379999999999981,46.19714442613944,62.840609875206006,47.621760684251754,40.65588558015377,-2.7706446817135206,-0.0008180000000002213,42.90953925566207,0.024421,-2.755824904795068,-1
2021-01-05,0.023749,0.024968,0.022806,0.024566,0.024566,13807144.0,93,0.10719237066919372,0.02247871428571421,0.02297771428571406,0.023429599999999544,0.02256091666666678,0.022726961538461325,0.022601000000000232,0.022552533333333253,0.022978749999999742,0.022510240000000296,0.020784799999999846,0.024806689999999836,0.022919446283246075,0.02277603585138325,0.023580566213125445,0.022979321619659567,0.02268075886971031,0.022947124315338067,0.022602885301912186,0.022794727042944902,0.022325498447972058,0.02257531817935554,0.02342057059253805,57.3078771731743,55.48935250617966,66.64986426400304,58.1715356079216,54.587113262862204,57.70474556957771,53.97002800278381,55.69360805058627,51.97935242530907,50.450356847872015,37.24126798250393,0.00029856274994926116,0.00017572620874277664,0.00012283654120648452,0.02001398918604983,0.022978749999999742,0.02594351081394966,0.0015130000000000007,55.88277137572914,52.505496371078436,56.9954453399341,48.208219740573455,-3.000338638672276,-0.0019430000000002156,45.48248378913079,0.023748,3.444500589523347,1
2021-01-06,0.024605,0.026723,0.02376,0.026509,0.026509,20256087.0,95,0.1070361885658334,0.022880142857142783,0.023146857142856917,0.024422399999999542,0.022869166666666784,0.02290473076923056,0.02286461538461561,0.02267723333333325,0.023172449999999744,0.02266300000000029,0.02080630999999985,0.024820789999999832,0.023398053445479933,0.023115396228530226,0.02455671080875029,0.023522349062788862,0.022964332286768804,0.023455963698861205,0.022854892701788816,0.0231484673245692,0.02248955733236531,0.022653212868873254,0.023451301233408318,62.75019655808831,59.4634866078643,76.47920125791698,64.25487326731661,57.91211474202446,63.45010794464302,56.902009659264614,59.82737801977478,53.77398873463819,51.34472319586462,37.64042761110268,0.0005580167760200622,0.0003481441878508621,0.00020987258816920008,0.019821230616310047,0.023172449999999744,0.02652366938368944,0.0041719999999999995,82.51019483461708,61.53003687882835,65.38295916719275,56.666721730459464,44.64569431204362,-0.002013000000000223,53.64488030614891,0.024566,7.9093055442481575,1
2021-01-07,0.026441000000000003,0.033186,0.026441000000000003,0.028522,0.028522,38359556.0,91,0.10675549843485728,0.02326871428571421,0.023427190476190247,0.025553199999999547,0.023324916666666785,0.023168423076922868,0.02330400000000023,0.022909899999999924,0.023450699999999745,0.022865520000000288,0.02085096999999985,0.02484486999999983,0.024081246319415942,0.023606905662300202,0.0258784738725002,0.02429152613005212,0.023376011376637786,0.024179683170452458,0.02322051252747986,0.02366023234127689,0.02272612371148824,0.02276942647543022,0.02350175594750376,67.36780180068979,63.044696229095976,82.78654912162587,69.27083129897913,60.985389569215144,68.26051009137504,59.65332103761207,63.528967502586575,55.53023112761002,52.24664962624112,38.05067522382093,0.0009155147534143373,0.0005645137321961096,0.00035100102121822746,0.019337345773921343,0.023450699999999745,0.027564054226078147,0.006027000000000005,56.36227544910182,64.91841388648247,59.277791879390726,60.55206546217244,43.842682140554906,0.00038299999999978634,47.896186487279635,0.026509,7.593647440491891,1
2021-01-08,0.028629,0.02988,0.025908,0.028139,0.028139,23655637.0,93,0.1065802811414642,0.023649357142857062,0.02367395238095215,0.026296799999999548,0.02380841666666678,0.023414038461538254,0.023695230769231003,0.02314986666666659,0.02366169999999974,0.023058920000000285,0.02090239999999985,0.024855944999999838,0.024622280143493814,0.02401891423845473,0.0266319825816668,0.024883445186967182,0.02372882534873869,0.024745299860387825,0.023537834299900515,0.024086781642107664,0.022938393369861247,0.02287575466403556,0.0235478976793694,65.70735477946597,61.953735214428406,78.01034207013576,67.32358279752476,60.118039300867345,66.46805638477224,58.91389304963624,62.38067522552766,55.12379499048812,52.06119755296056,38.002869446458774,0.0011546198382284929,0.0006428950536082123,0.0005117247846202805,0.01904504989986304,0.02366169999999974,0.028278350100136438,0.006673999999999996,52.77881736526944,63.88376254966257,58.746240690171135,61.13566391225147,42.56729770748496,-0.0020780000000002186,48.4902017962976,0.028522,-1.3428230839351962,-1
2021-01-09,0.02814,0.030963,0.027564,0.030217,0.030217,19327496.0,93,0.10644061241607834,0.02416107142857135,0.023973857142856915,0.02759059999999955,0.02445191666666678,0.023760230769230558,0.02430138461538485,0.023476266666666596,0.023862799999999743,0.023283540000000283,0.02098636999999985,0.02487594499999984,0.02536824279102797,0.02458237658041339,0.027826988387777862,0.02570399208127992,0.024209430878461745,0.02552697130890385,0.02396874821603596,0.02467061196190693,0.023223828923984332,0.023021125858807133,0.023614256906440347,70.00500817906406,65.36078779928108,84.01475627019188,71.95702673143785,63.07677093300125,70.92849339439181,61.58360884610185,65.89274755084129,56.87074984743236,52.97586289811489,38.42469937417678,0.001494561202818174,0.0007862691345583147,0.0007082920682598593,0.018492620130451318,0.023862799999999743,0.02923297986954817,0.009466000000000002,71.39691714836223,60.17933665424429,63.786195234615704,60.6034092680591,49.909432910687244,0.0017769999999997926,49.678301838924064,0.028139,7.384768470805647,1
2021-01-10,0.030199,0.032512,0.026808,0.02844,0.02844,28082433.0,94,0.10623771517324793,0.024596999999999924,0.02408076190476168,0.02836539999999955,0.025033166666666783,0.024013807692307487,0.024758692307692544,0.02369469999999993,0.02407689999999974,0.023367640000000287,0.021056809999999846,0.024887169999999837,0.02577781041889091,0.024933069618557627,0.02803132559185191,0.026124916376467626,0.02452280636894606,0.025943118264774728,0.024257216073065902,0.025029601298868182,0.023428384652455538,0.0231284302972466,0.02366227425065487,62.79463043399278,60.50661804049089,65.62603710728807,63.60206122351979,59.17805105296482,63.187821901671455,58.239575763098905,60.79637331555789,55.00310280315024,52.11701192831061,38.20131537449112,0.0016021100075215636,0.0007150543514093634,0.0008870556561122,0.0183290163290769,0.02407689999999974,0.029824783670922582,0.007767999999999997,49.64990451941434,57.94187967768181,62.539621863352735,61.690685929379775,39.59130716834278,0.0035479999999997874,48.227103857757385,0.030217,-5.8807955786477795,-1
2021-01-11,0.028474,0.028542,0.022458,0.024892,0.024892,16126811.0,90,0.1061157167164186,0.024768214285714213,0.02411571428571406,0.028041999999999543,0.02537825000000012,0.024088230769230563,0.025022307692307923,0.023802233333333263,0.02407104999999974,0.023413380000000282,0.021091759999999845,0.02488494499999984,0.02565970236303879,0.024929336016870567,0.026984883727901268,0.025935236933934142,0.024550154045320426,0.02579295851266405,0.024298169874803585,0.025016496413261684,0.0234857813327514,0.023163352469578347,0.02367451032776278,51.4567758062925,52.37103944009142,43.05004148919794,50.834961751814745,52.4555534896124,51.17832450889512,52.37221254191029,52.31383659170756,51.55505364709892,50.46708191779555,37.76081609614832,0.0013850828886137164,0.00039842178600121327,0.0009866611026125034,0.018326923756175728,0.02407104999999974,0.02981517624382375,0.0033469999999999997,22.688292319164763,47.911704662313575,50.57524136026227,58.96701948607682,12.746609944163994,0.00044199999999978984,48.400172273882944,0.02844,-12.47538677918424,-1
2021-01-12,0.024893,0.025689,0.02413,0.02445,0.02445,7884452.0,84,0.10605580664492724,0.024981428571428498,0.024089095238095014,0.027227599999999547,0.02569308333333345,0.02415803846153826,0.025306846153846388,0.023892133333333263,0.024249099999999742,0.023433600000000287,0.021124519999999848,0.02487580999999983,0.025498408714633616,0.02488576001533688,0.026139922485267517,0.02570673894409812,0.024542735227148543,0.025601107296569187,0.02430796536675174,0.024962544373903432,0.023523593829506247,0.023188830638497592,0.023682226642909417,50.2458692765899,51.46788109446547,40.94439668607011,49.49412631803254,51.69583167607489,49.90580098701926,51.701697277338646,51.37619265522994,51.14762593096085,50.266852567138606,37.706380066136646,0.0011640037169495766,0.0001418740914696584,0.001022129625479918,0.01870292427065456,0.024249099999999742,0.029795275729344924,0.001582,19.813009747364212,30.717068861980906,43.26538821991476,52.12675048117652,16.385793489597834,-0.0012780000000002095,45.87608941720747,0.024892,-1.7756708982805791,-1
2021-01-13,0.024449,0.026022000000000003,0.02353,0.025728,0.025728,7632174.0,78,0.10599813753480533,0.025336928571428496,0.024319523809523583,0.026745399999999548,0.026041666666666786,0.02426461538461518,0.02569576923076946,0.024042533333333258,0.024381399999999744,0.023424260000000287,0.021169999999999845,0.02488257499999983,0.0255290208860158,0.02496232728666989,0.026002614990178342,0.02571000987577533,0.02463053261773013,0.02561923482563073,0.02439958050438066,0.02503544490972215,0.023610041130309924,0.02323911121991348,0.02370258259671132,53.626587060449936,53.87723190851737,49.512509117731476,53.34846280739847,53.708904925284436,53.50556474185506,53.48114718646293,53.88551593443797,52.26029950237473,50.83648204434953,37.966245065500495,0.0010794772580451986,4.587810605222458e-05,0.001033599151992974,0.01882621717959264,0.024381399999999744,0.02993658282040685,0.0013069999999999954,32.52436841058282,25.00855682570372,39.21449842897742,44.351709336384744,26.50018635855407,0.0006269999999997874,46.060613499223145,0.02445,5.226993865030671,1
2021-01-14,0.025727,0.026045,0.024694,0.025101,0.025101,7770972.0,83,0.10593963928944083,0.02565328571428564,0.02441566666666644,0.02572219999999955,0.02622775000000012,0.02431007692307672,0.025969307692307923,0.024150999999999933,0.024495949999999742,0.023433980000000285,0.021224869999999844,0.024885939999999832,0.025471951434547026,0.024974933896972633,0.02570207666011889,0.025616316048732973,0.024665382053453824,0.025545201279112056,0.02444483337506578,0.025041688251653368,0.02366851010559189,0.023275980304667668,0.02371649719773906,51.777239338586995,52.536710551898835,45.616136532647545,51.268952967041685,52.592237821038474,51.5484184959913,52.50054061422264,52.490076958077964,51.67136246049272,50.54958756757335,37.888313707199686,0.0009509339952791484,-6.613212537106053e-05,0.0010170661206502089,0.01898287732634591,0.024495949999999742,0.03000902267365358,0.001353,26.28804455937932,26.208474239108572,30.19272391118084,37.557536853357604,22.91375653163661,-5.3000000000212606e-05,47.828436246264744,0.025728,-2.437033582089565,-1
2021-01-15,0.025155,0.02598,0.023904,0.025154,0.025154,6808234.0,88,0.1058882883410184,0.025911071428571356,0.024527285714285488,0.025064999999999556,0.026288833333333445,0.02427003846153826,0.026145153846154075,0.02422423333333326,0.024600999999999745,0.023491980000000284,0.021285029999999847,0.024892459999999828,0.02542955790994076,0.02499121263361148,0.025519384440079264,0.025545190502774054,0.02470157597542021,0.025489315382096048,0.02449058606054541,0.02505238460863876,0.023726764611254957,0.02331316881348613,0.023730800708209317,51.92738325273498,52.64105808075337,46.046814062302225,51.442280591942705,52.678602017377564,51.709216845817956,52.576492144439094,52.599026070535324,51.718274925729474,50.573401829258316,37.899142663110794,0.0008436145273538477,-0.00013876127463708894,0.0009823758019909363,0.019123744175396813,0.024600999999999745,0.030078255824602683,0.0005879999999999982,44.31295200525966,34.37512165840706,29.125333408349906,32.844185249502644,19.49862229185824,-0.0003710000000002114,47.63838787107917,0.025101,0.2111469662563259,0
2021-01-16,0.025172,0.026039,0.024826,0.025525,0.025525,8961168.0,84,0.10582117427052744,0.026100857142857068,0.02464499999999977,0.025191599999999557,0.026436916666666786,0.024322615384615186,0.026230076923077158,0.0243205666666666,0.024760399999999745,0.02356244000000028,0.02134476999999985,0.024905039999999826,0.025442283521948654,0.025039738757828615,0.025521256293386176,0.025542084271578044,0.024762570347611302,0.025494413184653755,0.024557322443736027,0.025097395598292216,0.0237972836461077,0.02335696745084284,0.02374865343748087,53.02434077583082,53.39247641763923,49.41199917815004,52.71760781566979,53.29706949806947,52.88787812977636,53.118724908225296,53.38472286150526,52.050601506324035,50.74111654898636,37.975217777694134,0.0007795139239667424,-0.00016228950241935528,0.0009418034263860976,0.01937579256576848,0.024760399999999745,0.030145007434231014,-0.0009839999999999988,79.32405566600396,49.9750174102141,40.452486077717744,33.25684779908276,15.133564959845305,3.59999999997862e-05,44.72648098643708,0.025154,1.4749145265166463,1
2021-01-17,0.025516,0.026151,0.024647,0.025489,0.025489,8232347.0,79,0.10575959099795453,0.02617714285714278,0.02479509523809501,0.025399399999999555,0.026513833333333448,0.02434107692307672,0.026364000000000228,0.0244049666666666,0.024910099999999748,0.02360394000000028,0.021400549999999848,0.024918929999999832,0.025448512385688838,0.02508058068893511,0.025510504195590783,0.02553391746056604,0.024816379951491947,0.02549363987256036,0.024617430673172413,0.025134691255597717,0.0238636254639074,0.023399185917162783,0.023765970318699963,52.89884472769546,53.306497509919254,49.05571925545186,52.572459386277934,53.22697078241754,52.753326830032904,53.057895844224255,53.294717212739535,52.01516580354482,50.72424806540737,37.970681620818574,0.0007175375090740893,-0.00017941273384960684,0.0008969502429236961,0.01962512415882208,0.024910099999999748,0.030195075841177414,-0.003033000000000005,74.74246470812655,66.12649079312986,51.438377069870214,40.338732185312544,6.658354114713436,-0.0003780000000002184,49.26933600656421,0.025525,-0.14103819784524463,0
2021-01-18,0.025487,0.026111,0.024792,0.025867,0.025867,5873287.0,79,0.10571580059652677,0.026328499999999918,0.02495566666666644,0.02542719999999956,0.026460333333333447,0.02453253846153826,0.02646407692307716,0.02446989999999993,0.025130199999999752,0.023658180000000285,0.021460109999999845,0.02493393499999983,0.025504310734263656,0.025152073353577373,0.025629336130393855,0.025585160928171258,0.02489420365878884,0.025546977033623162,0.02469804804909677,0.025204434945540796,0.023942189171205143,0.023448053522763523,0.023786876086673098,54.120437796149346,54.1192072366401,53.298586958144405,54.0127350815986,53.888269779601686,54.07449965713766,53.633989326072644,54.147029690276185,52.36250491223285,50.89736179884812,38.048771199242736,0.0006909572693824216,-0.00016479437883301954,0.0008557516482154411,0.02008826701230958,0.025130199999999752,0.030172132987689924,-0.0022719999999999962,87.36092567868273,80.47581535093755,62.405688523490184,51.43218389035929,13.458240711337204,-0.0011490000000002193,55.70003415094201,0.025489,1.482992663501892,1
2021-01-19,0.025868,0.028211,0.025631,0.027016,0.027016,7502985.0,80,0.10566087912529024,0.026503499999999926,0.02521999999999977,0.025810199999999558,0.026334833333333446,0.02468384615384595,0.026503076923077157,0.0244972666666666,0.02544344999999976,0.023719240000000284,0.02152992999999985,0.02495509499999983,0.0257058693030285,0.025321521230524884,0.02609155742026257,0.025805290016144917,0.02505137375813781,0.02575683745739129,0.02484759333625182,0.025376964950727384,0.02406273077233436,0.023518705928253357,0.02381900667287536,57.69390190633715,56.528634935408704,64.18026550703614,58.193442457508546,55.858287746477835,57.92587954019873,55.35495551016875,56.67069683097908,53.40815880983357,51.42131633858186,38.28611247075053,0.0007539162580070986,-8.146831216667403e-05,0.0008353845701737728,0.020783056816932467,0.02544344999999976,0.03010384318306704,-0.003200999999999999,72.25446946830746,78.11928661837204,71.59897350527581,61.81434636621199,15.2401094799704,0.0012359999999997859,57.256191684196615,0.025867,4.441953067615101,1
2021-01-20,0.027006,0.027023,0.024535,0.02578,0.02578,6452584.0,78,0.10561300455769987,0.02645142857142849,0.02545947619047597,0.02593539999999956,0.026138250000000116,0.024798076923076718,0.026292153846154083,0.024551333333333262,0.02569884999999976,0.023773780000000282,0.021594359999999847,0.024968979999999828,0.025715753395958038,0.025363201118658984,0.025987704946841717,0.025801399244430312,0.025105346072349828,0.025760146392049675,0.024907748604880733,0.0254153492411343,0.02413007466361536,0.02356348402868398,0.023838519044289533,52.941350323748466,53.37011960233404,49.339920309259746,52.61883877022375,53.313873245048285,52.7966519509374,53.16159757254429,53.35390258306993,52.152101456535384,50.83200360519644,38.12819358410445,0.0006960531720804838,-0.00011146511847463108,0.0008075182905551148,0.021615289774471372,0.02569884999999976,0.029782410225528137,-0.002659999999999996,33.86833514689886,64.49457676462949,69.51005013360366,67.83823738745646,-4.743314464180879,0.002424999999999781,52.43912676439472,0.027016,-4.575066627183877,-1
2021-01-21,0.02578,0.025835000000000004,0.023176,0.023355,0.023355,7915708.0,75,0.10555313514590696,0.02608235714285707,0.025587238095237868,0.02550139999999956,0.025566416666666786,0.024809692307692102,0.025924153846154083,0.02449619999999993,0.02578934999999976,0.023770100000000283,0.021634539999999848,0.024972329999999827,0.02540098627649696,0.025180637380599075,0.025110136631227808,0.025425030129902573,0.024975690807731318,0.02541655405032829,0.02480757127553359,0.025219125503883416,0.0240996795787677,0.023559355632076374,0.023833707909520482,45.12704587530284,47.87224370481484,31.947658991070607,43.71757975988805,48.78614422480179,44.47558594874909,49.208590077758025,47.61314251309829,49.80790717666108,49.70324258447315,37.82059769673507,0.00044933932217125147,-0.0002865431747070908,0.0007358824968783423,0.022025706397299158,0.02578934999999976,0.02955299360270036,-0.0015369999999999967,3.5551142005958694,36.55930627193386,54.356261840522045,65.15509515980041,-32.741904822254426,-0.0008720000000002197,48.113442308340396,0.02578,-9.406516679596589,-1
2021-01-22,0.02336,0.024771,0.022017,0.024227,0.024227,8298511.0,40,0.10549011825320438,0.02580292857142849,0.025714952380952158,0.02524899999999956,0.025215333333333447,0.02488238461538441,0.02546338461538485,0.0246074666666666,0.02585729999999976,0.023782040000000282,0.021683439999999846,0.024975619999999824,0.02524445477296404,0.02509394307327189,0.024815757754151874,0.025240717802225254,0.02492023222938085,0.025246617757424254,0.024770115064208842,0.025124637360656427,0.024104672536463083,0.02357257631262932,0.02383762126365461,48.079622132909535,49.819572307665425,40.93217300772118,47.1972160215697,50.36035899185704,47.66945611468326,50.57420562766944,49.65829260896624,50.62197468410782,50.10562820265418,38.001351448814546,0.0003204855728444027,-0.0003323175392271517,0.0006528031120715544,0.022270830685047142,0.02585729999999976,0.029443769314952368,-0.0002229999999999975,35.67969002260257,24.367713123365572,46.54370690341725,56.80333962584755,-24.044253226797558,-0.00011900000000021617,51.295647126195746,0.023355,3.733675872404185,1
2021-01-23,0.024224,0.024584,0.023781,0.024346,0.024346,4074801.0,74,0.10545942424959942,0.02538357142857135,0.025785333333333105,0.02494479999999956,0.025169833333333447,0.024953576923076717,0.02514846153846177,0.02464959999999993,0.025853549999999757,0.023821500000000283,0.021728769999999845,0.024980259999999824,0.0251246608032355,0.025025948248428992,0.024659171836101248,0.025103068909575216,0.024877696508685973,0.025117958077792216,0.02474275280200182,0.025050481421546287,0.02411413635856257,0.023587891633171317,0.02384267975854362,48.484916798063146,50.08615081733369,42.182215256215784,47.67547044821598,50.57565615772048,48.10813598325771,50.760894852285354,49.93833764684036,50.7332016536061,50.16058573731986,38.02605995125104,0.0002253724008892434,-0.0003419445689458488,0.0005673169698350923,0.022260606361532556,0.025853549999999757,0.029446493638466957,-0.0013819999999999976,37.60090410074265,25.61190277464685,36.591702587829225,45.830557110589396,-41.024386835301335,0.00015099999999978325,50.92299588680607,0.024227,0.4911875180583669,0
2021-01-24,0.024362,0.025566,0.024006,0.024195,0.024195,5258481.0,70,0.10542001978183542,0.025080357142857064,0.025774571428571195,0.024380599999999555,0.025148583333333446,0.02505857692307672,0.025094846153846384,0.0246957666666666,0.02587589999999975,0.023845580000000283,0.021781539999999846,0.024975509999999826,0.025000706029470767,0.02495040749857181,0.02450444789073417,0.0249633660004098,0.024827126396931458,0.0249861069238219,0.02470741391155009,0.02496900700044664,0.0241173074817562,0.023599913581029308,0.02384618543258796,47.97576398067663,49.734925654747975,40.86535348825587,47.08917656150918,50.28824964670279,47.56328347635423,50.510733799044544,49.57093159427,50.58572119132719,50.089876361598556,38.006743786009885,0.00013623960347834002,-0.00034486189308540176,0.0004811014965637418,0.022332890105077392,0.02587589999999975,0.029418909894922112,-0.0009060000000000006,43.50779065121849,38.929461591521054,30.842366824411435,37.9925921052192,-33.46472211273134,0.001005999999999778,48.65109639932003,0.024346,-0.620225088310189,0
2021-01-25,0.024195,0.024558,0.023189,0.023189,0.023189,4540724.0,74,0.10538562783677544,0.02495871428571421,0.02574795238095215,0.023862399999999555,0.024937000000000115,0.02515234615384595,0.024997846153846388,0.02470029999999993,0.025807049999999755,0.023854340000000283,0.021825079999999844,0.024965574999999823,0.02475914522554133,0.024790279544156187,0.024065965260489444,0.02469038661573137,0.02470578370086246,0.024729377363275917,0.02460945172370815,0.024799482524213632,0.024080903266785362,0.023591776678434668,0.023839646274054747,44.63030572449523,47.41431712142696,32.703221387206895,43.25039340625375,48.38592104040803,43.988838354514044,48.85326451260275,47.144576836163175,49.60578952691277,49.6192169824923,37.877915050447214,-1.5397085131093474e-05,-0.00039719886535586815,0.00038180178022477473,0.022106832283824592,0.025807049999999755,0.029507267716174918,-0.001965000000000001,30.696699842849604,37.268464864936746,30.208039763601583,32.547369725280646,-16.789904367543787,-0.00022600000000022597,44.023654852926654,0.024195,-4.157883860301714,-1
2021-01-26,0.023204,0.023612,0.022548,0.023415,0.023415,6702957.0,71,0.10533463025926028,0.024884785714285637,0.025693142857142626,0.023874399999999556,0.024796500000000117,0.025257846153845947,0.02481992307692332,0.02473623333333326,0.02565234999999975,0.023867280000000282,0.02187345999999984,0.024958274999999825,0.02457992586213582,0.02466525413105108,0.023848976840326296,0.024494173290234237,0.02461017009339117,0.02454160916852221,0.02453239032217859,0.02466762704571709,0.02405478941318594,0.023588276150148836,0.0238354209379945,45.54431504162203,47.98550455790411,36.141633056061494,44.35441049730136,48.83743605216234,44.989025539151534,49.239929568440864,47.747873530380275,49.82849740666767,49.72640063930581,37.925420385812785,-0.00011599680315693348,-0.0003982388667053666,0.0002822420635484331,0.021819371755764542,0.02565234999999975,0.029485328244234964,-0.0021099999999999973,39.391377852916406,37.865289448994645,37.37529249406568,32.8085663606928,-10.426110607433886,0.0011259999999997802,45.427325269701484,0.023189,0.9746000258743281,0
2021-01-27,0.023408,0.023636,0.021975,0.022289,0.022289,6933301.0,78,0.10528158861879487,0.02463914285714278,0.025492190476190245,0.02348679999999955,0.024557750000000118,0.02528646153846133,0.024603615384615626,0.024729366666666596,0.02534069999999975,0.023882220000000284,0.02190675999999984,0.024942399999999827,0.02427446908051771,0.02444923102822825,0.023328984560217533,0.024154915860967432,0.024438231567954785,0.024219807858733323,0.0243876554626832,0.02444109113660118,0.02398554276953159,0.023562547909551826,0.02382003366497963,41.855989193369155,45.41093342913194,27.68467430513176,40.13960011952538,46.72271797109256,41.05541146110102,47.395244778612,45.05741142488701,48.7339941261996,49.19968369134692,37.78075553716646,-0.00028331570698735686,-0.0004524462164286318,0.0001691305094412751,0.02147668522944108,0.02534069999999975,0.029204714770558426,-0.003199999999999998,8.744082428292915,26.277386708019467,31.988170975203765,33.19050107762357,-35.18158567774901,-0.0004490000000002201,40.85627671517551,0.023415,-4.808883194533409,-1
2021-01-28,0.022325,0.022957,0.021971,0.022738,0.022738,6495608.0,55,0.10523191030256793,0.02447035714285706,0.025216761904761676,0.023165199999999556,0.024325500000000114,0.025281461538461333,0.02441776923076947,0.02477179999999993,0.02507064999999975,0.02391818000000028,0.02195270999999984,0.024933629999999818,0.02406960653644868,0.024293664571116598,0.023131989706811688,0.02393692880543398,0.024312288488847027,0.024008121021771425,0.024281226077993958,0.0242788919807344,0.0239366195236676,0.02354622022817456,0.02380926716085048,43.80044967747978,46.60763355215403,34.966386689085155,42.49996630912247,47.661191062983576,43.18852447847636,48.1949414752646,46.323756906909935,49.18795049277699,49.415476642491406,37.87572150173901,-0.0003753596834130436,-0.000435592154283455,6.0232470870411356e-05,0.021275766393194357,0.02507064999999975,0.02886553360680515,-0.003129,21.335187760778886,23.15688268066256,28.735027707211014,32.699497058826715,-24.62227779514393,-0.030006000000000223,48.28719385517456,0.022289,2.0144465880030493,1
2021-01-29,0.024873,0.058785,0.023979,0.052744000000000006,0.052744000000000006,297335210.0,77,0.10362505395303924,0.026441071428571352,0.02638842857142834,0.028874999999999564,0.02659675000000012,0.026370807692307485,0.026511538461538697,0.025838233333333262,0.02619699999999975,0.02456456000000028,0.02229268999999984,0.025074819999999817,0.027892858998255526,0.026880058701015088,0.033002659804541125,0.02836878591229029,0.026418341193376875,0.02811324659008979,0.02611753407296209,0.026989854649235888,0.02506632071881789,0.024124394085042397,0.024097174950294755,83.44405375875854,78.93605589256569,92.83381526048677,85.08321705758328,76.44997489037864,84.23852666092573,74.72665283866431,79.49185387669236,68.31368984715232,60.68715222156951,43.652017589576474,0.0019504447189134173,0.0015121697984344046,0.00043827492047901267,0.013363150694365484,0.02619699999999975,0.03903084930563401,0.025728000000000004,83.59048188189277,37.889917356988015,36.75156595334586,32.491588211920096,69.75979772439962,0.01642699999999979,71.43963794715098,0.022738,131.96411293869295,1
2021-01-30,0.051965,0.051965,0.033944,0.036317,0.036317,63905680.0,76,0.103265544921845,0.02721192857142849,0.026678904761904532,0.03150059999999956,0.02746758333333345,0.02685423076923056,0.027344461538461776,0.026359733333333264,0.02659084999999975,0.02485316000000028,0.02245892999999984,0.025136054999999824,0.029016077798488117,0.027737962455468262,0.034107439869694084,0.02959158807963025,0.027151575179052662,0.029285211362934112,0.02677556413277099,0.027878154206451518,0.02550752382788386,0.024365831825932643,0.0242187652492968,59.02258055713441,58.589925439341755,58.586563690445054,59.11755355573602,58.238336665373545,59.07320503093492,57.94005788487236,58.65674217965472,56.44896146053975,54.0301525156824,41.52759419783628,0.002440012900577586,0.001601390384078859,0.0008386225164987275,0.013005699340867965,0.02659084999999975,0.04017600065913154,0.010537,38.96887053838214,47.96484672701774,38.406000092452366,34.63086458433631,19.407977556378892,0.0001509999999997902,55.46578942629071,0.052744000000000006,-31.144774761110273,-1
2021-01-31,0.036372,0.038243,0.032963,0.036166,0.036166,30275722.0,78,0.10308328187143476,0.02797457142857135,0.02704680952380929,0.03405079999999956,0.028230083333333458,0.027300384615384414,0.02813669230769255,0.026847099999999933,0.02715454999999975,0.025143160000000282,0.02262919999999984,0.025198084999999818,0.029969400758689705,0.02850414768678933,0.03479362657979606,0.03060303606737944,0.027819310350974687,0.030268181168229238,0.02738139870485028,0.02866747285345613,0.025925503285613903,0.024599498522448828,0.02433764320701524,58.85294122652356,58.444856386990566,58.34912373658455,58.938437327504,58.10620609982757,58.8990230650529,57.81669076058361,58.508728499482096,56.357187762418825,53.9751837515557,41.50893198816837,0.0027837257164047557,0.0015560825599248225,0.0012276431564799332,0.012944955280428477,0.02715454999999975,0.04136414471957103,0.012811000000000005,38.55870049437714,53.706017638217176,38.23946462074452,37.79901022218081,19.161536942983886,-0.0035300000000002,56.528246234757894,0.036317,-0.4157832420078944,0
2021-02-01,0.03621,0.044939,0.034622,0.039696,0.039696,44673500.0,77,0.10283186151861562,0.028962357142857064,0.027751761904761668,0.037532199999999565,0.029389750000000117,0.02780757692307672,0.029112076923077164,0.027408033333333262,0.02791684999999975,0.02550202000000028,0.02283904999999984,0.025278854999999826,0.03126628065753108,0.02952158880617212,0.03642775105319737,0.03200195359547491,0.028699065139791376,0.03161501242991077,0.028175889110988967,0.0297178087721746,0.02646552276460944,0.024898439145766674,0.0244904626775922,61.61617476349078,60.82065768025082,62.601124392908595,61.8646512276025,60.29319915092302,61.73922280130294,59.88024995971854,60.928797525146855,57.98593939343116,55.05483111330239,42.12004049710725,0.0033028884556835364,0.0016601962393628824,0.001642692216320654,0.012716876893730402,0.02791684999999975,0.043116823106269096,0.015468999999999991,48.14744390720921,41.89167164665599,46.12013691652778,40.92186720990812,23.489545292409147,0.0001499999999997892,56.18752292192318,0.036166,9.760548581540696,1
2021-02-02,0.0397,0.04294,0.036196,0.039546,0.039546,33498537.0,76,0.102644070240862,0.029857357142857064,0.028470619047618814,0.040893799999999564,0.03073900000000012,0.028231576923076717,0.030171000000000236,0.027912199999999932,0.02860774999999975,0.025868620000000283,0.023045529999999842,0.02535893499999982,0.03237024323652694,0.030432898914701932,0.03746716736879825,0.033162576119248,0.029502541796103125,0.03274801065420923,0.028909444652215486,0.030653826984348445,0.026978482656193382,0.02518848985575149,0.02464026901910869,61.428360963847844,60.66625584472685,62.27693840919246,61.66236355246914,60.15462771269843,61.544602586906564,59.75190316682738,60.770646969597,57.89229546351157,54.99945962274699,42.101255702795854,0.003660034323144875,0.0016138736854593768,0.002046160637685498,0.012592393384362063,0.02860774999999975,0.04462310661563743,0.015199999999999997,44.725047405619705,43.81039726906851,50.79810884549594,45.05257012758929,21.65048208176391,-0.00219100000000022,55.43857999900602,0.039696,-0.37787182587667445,0
2021-02-03,0.039549,0.04354,0.039524,0.041737,0.041737,25206993.0,78,0.10250803957437828,0.030997142857142775,0.02923295238095215,0.038692399999999565,0.032198166666666785,0.02875457692307672,0.03158500000000024,0.028511833333333264,0.02943954999999975,0.026266420000000283,0.023276289999999842,0.025448809999999825,0.033619144138323336,0.031460544467910835,0.038890444912532164,0.034481718254748314,0.030408797959354743,0.0340321519893222,0.029737028868201582,0.031709367271553365,0.027557248042225008,0.025516183125934632,0.024810385745286715,63.18457300176034,62.137109998182495,65.416131541192,63.54842722657829,61.49690598684872,63.36137990444027,61.01318103606679,62.27256360603432,58.88163210081735,55.65739684521285,42.477846739483105,0.004072920295393561,0.0016214077261664506,0.0024515125692271106,0.012490229809013393,0.02943954999999975,0.0463888701909861,0.017542000000000006,46.17408693821706,46.34885941701515,43.314829856760795,46.74435853959474,27.124377432898825,-0.0016480000000002187,55.76084449863266,0.039546,5.5403833510342615,1
2021-02-04,0.041755,0.046441,0.040932,0.043385,0.043385,33801261.0,80,0.10233249414364408,0.032427857142857064,0.030103619047618813,0.04010599999999955,0.03378475000000012,0.02926103846153825,0.033058692307692546,0.02913913333333326,0.03035109999999975,0.026674980000000285,0.02352638999999984,0.025547519999999824,0.034921258253213565,0.032544585879918944,0.04038862994168811,0.03585145390786395,0.031369998110513664,0.03536827313370474,0.030617543134769224,0.03282133229331018,0.028177944197431876,0.02587002108383692,0.02499520777767192,64.48763912518017,63.22084787345586,67.83229988552284,64.9533562548079,62.48406184949499,64.71181354429257,61.940197037893476,63.37984744206106,59.60970448344613,56.144506718041285,42.75928734590424,0.004481455797350292,0.0016239545824985454,0.0028575012148517468,0.01243863107147047,0.03035109999999975,0.048263568928529024,0.020196,77.3260127615373,56.07504903512452,50.98625830139183,48.366399001216095,34.50354854268596,-0.003927000000000222,55.4878891059319,0.041737,3.948534873134135,1
2021-02-05,0.043356,0.047465,0.042388,0.047312,0.047312,22327170.0,81,0.10222130606875404,0.03407678571428563,0.031158761904761675,0.04233519999999955,0.03571116666666679,0.029986884615384405,0.03482530769230793,0.0298325666666666,0.031440449999999745,0.027168520000000286,0.02382796999999984,0.025662724999999824,0.03657335715278509,0.03388707807265358,0.042696419961125415,0.03761461484511565,0.0325508871393645,0.037074519828889776,0.03169460486800992,0.0342013958844235,0.02892829932694435,0.02629461472574113,0.025217265411724938,67.43077898776026,65.67355872780033,73.18852957106262,68.12479880842997,64.72219424823422,67.76112890981777,64.04528117792425,65.88503146156245,61.276260240230684,57.27409983165122,43.422216785815465,0.005063727705751149,0.0017649811927195219,0.003298746513031627,0.012165618857596431,0.031440449999999745,0.05071528114240306,0.023897,98.80868955851436,74.10292975275604,63.03625611421928,52.44578142412386,37.77799597427471,0.0043309999999997795,48.22794550386535,0.043385,9.051515500749097,1
2021-02-06,0.047163,0.047163,0.041843,0.042981,0.042981,20228030.0,84,0.1021178822001956,0.03540785714285706,0.03198999999999977,0.04299219999999955,0.037360500000000116,0.030682615384615176,0.036270384615384864,0.03031453333333326,0.03231504999999975,0.027569000000000288,0.02408738999999984,0.025752459999999824,0.03742770953241375,0.0347137982478669,0.042791279974083614,0.0384402125612517,0.033323488092004167,0.03791830271047695,0.03242275939265445,0.03503754865733555,0.02947938562784849,0.026625038196518538,0.025394018989717725,61.41620541635318,60.97537708957514,59.972528410452355,61.477903301700074,60.5827981159233,61.45395499376289,60.2476666767816,61.04873686418056,58.55820650416533,55.67667660078752,42.87188049620144,0.005116724469247533,0.0014543823649727245,0.003662342104274808,0.012594999648036856,0.03231504999999975,0.05203510035196264,0.020692,60.20942408376962,78.78137546794026,65.44865214953136,59.82372218838072,28.529218144797145,0.001012999999999778,53.32125207441347,0.047312,-9.154125803178903,-1
2021-02-07,0.042936,0.043589,0.03935,0.041968,0.041968,17817502.0,86,0.10202340033239908,0.03667735714285707,0.03277471428571405,0.043476599999999546,0.03890658333333345,0.03135638461538441,0.03771492307692332,0.03077549999999993,0.03312009999999975,0.027929980000000288,0.024338609999999837,0.025834499999999826,0.03803308159475858,0.03537327113442445,0.04251685331605574,0.038982949090289896,0.03396382230741127,0.03849683089469453,0.0330385813673219,0.035697591642351215,0.029969135211070117,0.026928859222330053,0.02555893422365088,60.073399159171544,59.924936528267686,57.079582321715996,59.994669374220884,59.65607475874732,60.04614118158517,59.39643878013019,59.967667140163634,57.945004981654385,55.312236983311045,42.74453485657525,0.005019126782878629,0.0010854277428830562,0.0039336990399955725,0.013194861744546316,0.03312009999999975,0.053045338255453184,0.01923,32.26124460874918,63.75978608367755,62.95589159015725,63.81359995130251,26.85513969266111,-0.004600000000000229,53.71282974385951,0.042981,-2.3568553546916116,-1
2021-02-08,0.041956,0.04945,0.040746,0.046568,0.046568,45414704.0,83,0.10179958169052993,0.03834728571428564,0.033760476190475966,0.04444279999999955,0.04092983333333345,0.03215792307692288,0.03949592307692332,0.03132053333333326,0.034097699999999745,0.028337440000000286,0.02463654999999984,0.025942924999999825,0.03917107071545743,0.03639097375856769,0.04386723554403716,0.040149879999476064,0.034897465099454884,0.039649855052595315,0.0339114470855592,0.03673286862879395,0.0306200710851458,0.0273177530991156,0.02576797965426132,63.912254421851635,62.96046484398098,66.01320858916031,64.23901348309934,62.37044255585632,64.07119112069404,61.920967670532676,63.08456584252622,59.8904194267801,56.61469779531042,43.510299422589206,0.005252414900021186,0.0010549726880204908,0.0041974422120006965,0.013525394854751231,0.034097699999999745,0.054670005145248265,-0.006176000000000008,71.46534653465343,54.645338409057246,68.01414350944452,65.47289574971093,33.50627015406672,-0.004937000000000219,56.64572389542961,0.041968,10.960731986275253,1
2021-02-09,0.046633,0.053610000000000005,0.045464,0.051505,0.051505,45028050.0,95,0.1015974511097274,0.04035371428571422,0.03492661904761881,0.04606679999999954,0.04332708333333345,0.03317346153846133,0.04174330769230794,0.0320893666666666,0.03538394999999975,0.02888438000000029,0.02498064999999984,0.026072944999999827,0.040815594620063116,0.03776497614415245,0.0464131570293581,0.041896821538018214,0.036127652869865634,0.04134344718793884,0.03504651501552312,0.038139738283194516,0.031439087905336165,0.027796708483291528,0.026024069408945284,67.50498507794308,65.86741713624752,73.19804462743922,68.1659350149098,64.9953387591281,67.81841739911246,64.37730879860891,66.06231807348463,61.823695617344725,57.943427355227506,44.313637817607905,0.00576916866815258,0.0012573811649215071,0.004511787503231073,0.013808940387517659,0.03538394999999975,0.056958959612481826,0.015187999999999991,85.23842917251045,62.98834010530418,69.59662679163915,66.85555396374686,37.711784764922335,0.00102899999999978,59.745908205195924,0.046568,10.6017007387047,1
2021-02-10,0.051395,0.054129,0.045872,0.050476,0.050476,37623910.0,92,0.1014296570426393,0.042367071428571365,0.03610261904761882,0.04669959999999955,0.04313808333333345,0.034147384615384406,0.043877000000000235,0.032942166666666585,0.03673999999999975,0.029393720000000286,0.02532356999999984,0.026198079999999818,0.04210364867072136,0.038920523767411314,0.04776743801957207,0.04321669514755386,0.03719049339802373,0.042648097589661864,0.03604196565968292,0.039314620351461715,0.032185633477675925,0.028245803364810505,0.02626737220089608,66.03684764538166,64.75768207962538,69.52214734601225,66.5166806030484,64.02862069457238,66.26709535029053,63.49517154339729,64.91634040737803,61.19661182082614,57.572250576758144,44.182026513420695,0.006026201749530134,0.0012115313970392488,0.004814670352490886,0.01494028082267372,0.03673999999999975,0.058539719177325776,0.014309999999999996,75.28249543270856,77.32875704662398,64.89138796647799,67.50071942252046,37.89135490462307,-0.014885000000000224,59.50564929484021,0.051505,-1.9978642850208783,-1
2021-02-11,0.05045,0.065591,0.050092000000000005,0.065361,0.065361,59737176.0,93,0.10121797992967,0.04541157142857135,0.038102904761904526,0.051175599999999564,0.045558416666666775,0.035679538461538256,0.044847538461538695,0.03430586666666659,0.03879669999999975,0.030283160000000288,0.02582615999999984,0.026398319999999826,0.04520462884795851,0.041324203424919374,0.053631958679714715,0.046623511278699424,0.039277197590762716,0.04589279793399588,0.03793351626228402,0.04179522793703679,0.033486628243257266,0.028980757753626137,0.0266563635222802,74.59893242370606,71.92563920697422,83.71668798183002,75.7218443778126,70.5979262865178,75.12958128363394,69.70106853167688,72.23248291304127,66.24792939873615,61.20325475782196,46.492341837659815,0.007346313687936708,0.0020253146683566576,0.00532099901958005,0.014364977669352259,0.03879669999999975,0.06322842233064724,0.02566500000000001,99.12350901261387,86.54814453927747,72.67420495224685,69.05407323678789,47.98536448072058,0.002968999999999777,68.26291413240756,0.050476,29.48926222363104,1
2021-02-12,0.065224,0.06551599999999999,0.058664,0.062392,0.062392,36416540.0,92,0.101095775603995,0.04610071428571421,0.03992028571428548,0.055260399999999564,0.047743916666666775,0.037098884615384416,0.046853307692307916,0.03552799999999992,0.04069899999999975,0.031069360000000282,0.026296889999999844,0.026583969999999825,0.047496278334897384,0.04323945765901761,0.05655197245314314,0.049049432620437976,0.04098940517663215,0.0482498268005679,0.03951148295503988,0.043756825276366616,0.034620172233717765,0.02964236651098008,0.02701194199469532,70.78529701624895,68.99337519316077,75.32031522372834,71.47579100196508,68.02468398779067,71.1161476568771,67.34146725266483,69.20978046994067,64.53863706309362,60.1659408551904,46.10976600478578,0.00806002744380583,0.0021912227393806236,0.005868804704425207,0.015107642240010587,0.04069899999999975,0.06629035775998891,0.022846,87.12416985308916,87.17672476613704,83.64679000111485,73.7374609732798,15.614682462614159,-0.013377000000000229,63.719947680813895,0.065361,-4.542464160585058,-1
2021-02-13,0.062412,0.08054299999999999,0.062412,0.075769,0.075769,86773062.0,92,0.1008870207047316,0.048918714285714204,0.04236899999999976,0.06110059999999956,0.050750000000000114,0.0390181923076921,0.04989969230769253,0.03721693333333325,0.04327769999999975,0.03212854000000029,0.026884049999999843,0.026835114999999826,0.051265974556911065,0.0461966887809251,0.06295764830209542,0.05316013529421675,0.04356567145984458,0.05218113725762963,0.04185067760310182,0.04680560382147456,0.03623385175396412,0.030555765193930967,0.027497086850469497,76.56796565449156,73.9970963788657,83.99773887268711,77.60523865010958,72.68329084467901,77.06177992182828,71.78800473699465,74.29801721987263,68.29773027187642,63.018228339610936,48.04562115469677,0.009594463834372171,0.0029805273039575733,0.006613936530414599,0.01449397809370852,0.04327769999999975,0.07206142190629097,0.034032,86.39071809344625,90.8794656530496,86.6318643128734,80.98428642207827,67.16605945044104,0.005621999999999794,69.69384036965076,0.062392,21.440248749839718,1
2021-02-14,0.07574,0.08117100000000001,0.067208,0.070147,0.070147,52453191.0,95,0.10076202970605612,0.05134592857142849,0.04455719047619024,0.06482899999999955,0.053300083333333435,0.04067707692307672,0.05224207692307715,0.038716699999999916,0.04562559999999975,0.03307042000000029,0.027391419999999844,0.02705578999999983,0.05378344461598959,0.048373989800841004,0.06535409886806362,0.05577349909510648,0.04553465875911535,0.05474768907796825,0.04367624678999848,0.049028593933715066,0.0375637791361616,0.031339750041575895,0.02792146409573846,70.30197563423178,69.08826203748994,71.3463968164178,70.68923473044899,68.33793263805259,70.49409284409319,67.78025111456323,69.2481049734082,65.3290312124965,61.15933290788475,47.32753777395392,0.01023884033599113,0.0028999230444612238,0.0073389172915299065,0.01609047087587514,0.04562559999999975,0.07516072912412436,0.026762,68.7696535312615,80.76151382593214,83.33810918462362,84.53892116620386,52.92248750175218,0.009504999999999791,62.97028204399542,0.075769,-7.419921075901758,-1
2021-02-15,0.070064,0.072925,0.051696000000000006,0.060642,0.060642,59881079.0,93,0.10056456616316492,0.052842071428571336,0.046340666666666426,0.06686219999999955,0.054875500000000105,0.04201792307692288,0.05386484615384638,0.0398872666666666,0.047486949999999736,0.033836520000000286,0.027817869999999845,0.027224029999999826,0.054697918667190974,0.04948926345531,0.06378339924537574,0.05652249923432087,0.04665372107325495,0.05558973349540136,0.04477081151322438,0.05013463260669459,0.03846880740533173,0.03191999261501004,0.02824704156742265,61.22582419114311,61.82409036969704,54.64767535036753,60.77002656821945,61.84626639193071,61.024645281703975,61.75692325989204,61.792345840838095,60.773533397984856,58.22646920937407,46.15542036743852,0.009868778161065921,0.0020238886956288112,0.007844889465437108,0.019178768779913497,0.047486949999999736,0.07579513122008599,0.013329999999999995,33.94575115029438,63.035374258333896,75.07076032814078,81.68024460854583,29.844408982104245,0.0019099999999997593,59.002877777983706,0.070147,-13.550116184583805,-1
2021-02-16,0.060479,0.064456,0.055987,0.05873200000000001,0.05873200000000001,35195682.0,95,0.10044341509306584,0.05421249999999992,0.048022428571428334,0.06553639999999955,0.05615441666666677,0.04337857692307672,0.05517215384615407,0.04099536666666659,0.04930909999999975,0.03456126000000029,0.02822262999999985,0.027386014999999826,0.05523579617823218,0.050329512232100006,0.062099599496917166,0.056862422429040736,0.047548408401161986,0.056038628710344034,0.045671533351080866,0.050953429501295104,0.03926344240904422,0.03245092345431677,0.028550374487149793,59.57002948949781,60.48528877296728,51.72822404322557,58.968715392249024,60.644127191366536,59.30079955847105,60.63800105937233,60.41977853399992,59.91716176025464,57.66523283532953,45.9257206334935,0.00931401402787875,0.0011752996499533144,0.008138714377925436,0.02322608599996346,0.04930909999999975,0.07539211400003604,0.015751000000000015,23.871077184054307,42.19549395520324,60.02027396242885,72.80971449173099,26.66796397197829,-0.0025480000000002033,56.373258487860355,0.060642,-3.149632268065017,-1
2021-02-17,0.058730999999999985,0.062232,0.055501,0.06128,0.06128,23949477.0,95,0.10036127722391112,0.05560842857142849,0.04987914285714262,0.06531399999999955,0.057318416666666774,0.044803692307692114,0.056548692307692536,0.042175799999999916,0.05123619999999975,0.03535756000000029,0.02864913999999985,0.027557639999999824,0.056041690021134564,0.05132501112009091,0.06182639966461144,0.057542049747649864,0.04856556333440925,0.05678739603743774,0.046678531199398236,0.05193691240593366,0.04012683682437582,0.03302179625720158,0.028876042402700537,61.07467227128264,61.64603737591084,55.53126999369404,60.65420397927624,61.67609812380864,60.88807769205153,61.59714599130521,61.614112834944926,60.67125339351821,58.207990590565494,46.28412439502007,0.008976486413240605,0.0006702176282521367,0.00830626878498847,0.027864863551043662,0.05123619999999975,0.07460753644895585,0.019312,32.51569126378283,30.11083986604369,49.09857824456761,61.396537511712324,27.03005490933742,-0.0016920000000002278,58.20111174919101,0.05873200000000001,4.338350473336483,1
2021-02-18,0.061283,0.06490499999999999,0.058903,0.062972,0.062972,23585781.0,91,0.10028583578014136,0.057007499999999926,0.05179504761904739,0.06275459999999955,0.05898433333333344,0.0462893076923075,0.05775330769230792,0.043374333333333265,0.05174759999999976,0.036201980000000286,0.02908726999999984,0.027743934999999827,0.05696573135164995,0.05238382829099174,0.06220826644307429,0.05837742670954987,0.04963270679111968,0.05767091088923235,0.04772972273492093,0.05298787312917808,0.04102272557636108,0.03361486959864314,0.029215305662375162,62.07877128546303,62.41412079851885,58.15809946141776,61.78354257306228,62.356767447418825,61.94932152497159,62.22869985921543,62.405095392461355,61.166108072142706,58.56428255996993,46.52068078586289,0.008744719918430205,0.000350760906753388,0.008393959011676817,0.02779691849426278,0.05174759999999976,0.07569828150573674,0.016404000000000002,38.25614927905002,31.54763924229557,39.471664481688364,49.53017222956151,27.07443499896337,-0.00025300000000022527,54.60786030064464,0.06128,2.761096605744129,1
2021-02-19,0.06300599999999999,0.065871,0.059438,0.063225,0.063225,26142524.0,93,0.1002038449985308,0.058144142857142776,0.052294142857142636,0.061370199999999535,0.0607557500000001,0.047790461538461344,0.05931053846153868,0.044622499999999926,0.053092999999999765,0.03705304000000029,0.02952890999999984,0.027930039999999826,0.057800300504763286,0.053369389355447036,0.0625471776287162,0.05912320721577297,0.050639543325110815,0.05846435219077058,0.04872941804234539,0.05396283759306588,0.04189340300473908,0.034201208814511594,0.029553710581157494,62.23484111820016,62.53166092172565,58.59694426160881,61.96040840776075,62.460297839802685,62.114852717458426,62.324434097005785,62.52633122514153,61.24048978747825,58.61756331569975,46.556049299179925,0.008483663890662164,7.176390318827837e-05,0.008411899987473886,0.02977735263154125,0.053092999999999765,0.07640864736845829,0.011720000000000008,54.30778651844175,41.69320902042472,36.57929107912441,41.716511268460025,23.172809482896792,0.005271999999999778,54.363717567996424,0.062972,0.40176586419360394,0
2021-02-20,0.06325499999999999,0.065081,0.055374,0.057953,0.057953,25610672.0,91,0.1001166441116521,0.05921357142857135,0.05332442857142835,0.06083239999999954,0.0617045000000001,0.04912753846153827,0.06054015384615408,0.045775766666666586,0.05418234999999977,0.037781200000000285,0.029923859999999844,0.02809076499999983,0.05782066043746153,0.05378608123222458,0.0610157850858108,0.058943175336423285,0.051181280856584084,0.058391301877803364,0.04932448784606504,0.05434285306039294,0.042523191122200286,0.03467154131323413,0.029836290575374836,56.99750426423069,58.53553395152426,46.42216554371311,56.0994442304794,58.95178396829566,56.59027825126722,59.09905190986482,58.405366070799545,58.84486448698138,57.07301124293323,45.920053477802384,0.0077618944798392014,-0.0005200044061077474,0.008281898885946949,0.03219884034030991,0.05418234999999977,0.07616585965968962,0.007476999999999997,24.568924454606055,39.04428675069912,34.703925739986744,36.91829376693307,21.507786013905722,-0.001024000000000233,48.88756941166207,0.063225,-8.338473705021753,-1
2021-02-21,0.058008,0.061391,0.056805,0.058977,0.058977,16824585.0,91,0.1000589834556733,0.06042849999999993,0.05441066666666645,0.06088139999999954,0.06232716666666676,0.05049530769230751,0.06149469230769253,0.04693409999999993,0.055146399999999776,0.03850338000000029,0.030327389999999843,0.028254539999999825,0.057974839045799975,0.05425798293838598,0.0603361900572072,0.0589483791308197,0.05175874153387415,0.05847497303811716,0.04994723056567375,0.05478420038797456,0.043168438529172834,0.035152837524853264,0.03012624788308255,57.73765184563484,59.06780432923422,48.89695733832839,56.95619037449914,59.41165438047077,57.38313389246488,59.519520426218136,58.957047599756244,59.16136627411337,57.29376697426537,46.063883131855796,0.007189637596945555,-0.000873809031201116,0.00806344662814667,0.034169714722748816,0.055146399999999776,0.07612308527725073,-0.006384000000000001,34.32409259788513,37.73360119031082,36.7945288227529,36.025915213954576,24.430145210634493,0.0045849999999997846,51.68754336263474,0.057953,1.7669490794264497,1
2021-02-22,0.05913300000000001,0.064419,0.046754,0.054392,0.054392,47741866.0,94,0.09988088439722427,0.060987357142857065,0.05511047619047597,0.05950379999999954,0.06265350000000011,0.05173003846153827,0.06171676923076945,0.04793563333333326,0.05588869999999977,0.039102800000000285,0.030690449999999845,0.028396414999999824,0.05749712717302665,0.054270166307623616,0.058354793371471474,0.05824739772607821,0.051953797716550135,0.057891691175529,0.050233989884017366,0.05474684797007222,0.04360857819469547,0.0355338110392126,0.030367698152902627,53.333827186224845,55.71308495827345,39.174472079206154,52.03076398842203,56.47001852390151,52.73842656079293,56.817063895789616,55.4964956017105,57.153947786981504,55.99160433195215,45.519115318298034,0.006293600009528068,-0.0014158772948948805,0.00770947730442295,0.036226940437475305,0.05588869999999977,0.07555045956252424,-0.008,39.95396767275197,32.94899490841422,38.28218410454673,36.59354622242869,11.240087346282095,0.008291999999999772,51.34940677302482,0.058977,-7.774217067670442,-1
2021-02-23,0.05430700000000002,0.054520000000000006,0.038493,0.0461,0.0461,42151823.0,94,0.09969401811007604,0.060601285714285635,0.05542257142857121,0.05612939999999953,0.06104841666666677,0.052628576923076736,0.06138015384615408,0.04866579999999993,0.056106849999999785,0.03954984000000029,0.030971749999999843,0.028499104999999823,0.055977510216623096,0.05352742391602148,0.05426986224764765,0.05637856730668156,0.051520183070879765,0.05620716386473914,0.049967280859242055,0.05392333863958915,0.04370628101058977,0.035743042503782636,0.03052423846978916,46.4664132030972,50.300541811027344,27.36572889934948,44.49249367464935,51.66571863314739,45.5566697233654,52.37312409788695,49.93116920096893,53.78728606449839,53.759796498183384,44.56127196760888,0.004858384235801809,-0.0022808744548969122,0.00713925869069872,0.037017729402963176,0.056106849999999785,0.07519597059703638,-0.029669,27.78508291328805,34.021047727974874,36.187970831394345,37.088227919564545,-7.407864259967316,-0.002663000000000221,51.8002791641585,0.054392,-15.244888954257984,-1
2021-02-24,0.046171,0.052423,0.044056,0.048763,0.048763,21782484.0,76,0.09960164339296247,0.0604789285714285,0.05575714285714265,0.053236999999999535,0.059912666666666774,0.05247546153846135,0.060103384615384836,0.0495182666666666,0.05637574999999977,0.04003378000000028,0.03127200999999985,0.028611919999999826,0.05501557552107335,0.05309429446911044,0.05243424149843177,0.055206941567192094,0.051315947287851625,0.05514371188406212,0.04988958531993612,0.05343187781677113,0.043904583716056836,0.0360008634443018,0.030705718684020118,48.73765836939342,51.87359302726861,34.925435093579104,47.15616018541,52.99929783558653,48.00549356195311,53.57806279363978,51.56892943428186,54.66212173840042,54.35000822814748,44.935255294565756,0.0038909942793404688,-0.0025986115290866016,0.006489605808427071,0.037899509121515164,0.05637574999999977,0.0748519908784844,-0.021384,38.626448021663904,35.45516620256781,33.05170313203877,35.84061935599317,-2.2963389948656894,0.0034379999999997746,50.27059713776718,0.0461,5.7765726681128005,1
2021-02-25,0.048731,0.050341,0.045325,0.045325,0.045325,16655598.0,79,0.09952928580580613,0.059047785714285636,0.055849523809523606,0.05071139999999954,0.057375666666666776,0.0528219230769229,0.058790538461538686,0.050248599999999935,0.05627639999999978,0.04041010000000028,0.03153654999999985,0.028707694999999832,0.05372349878493023,0.05238799497191858,0.05006449433228784,0.05368664286454716,0.05087217341467743,0.053741038757767534,0.049595095944456366,0.05265979421517388,0.043960286315427165,0.03618549981174137,0.030851184169751262,46.03598381997939,49.744125127427814,30.075921038506852,44.19029218238742,51.10876570492474,45.180097016534866,51.82878403798289,49.37939083968824,53.33260835855605,53.460243648231994,44.54536513497428,0.002814469449869725,-0.002940109086845877,0.0057545785367156006,0.0375749527224902,0.05627639999999978,0.07497784727750936,-0.015316999999999997,26.35192470878653,30.921151881246004,33.40830318287486,34.21599238210255,-31.72763262074421,0.002913999999999764,45.235829989794404,0.048763,-7.050427578286822,-1
2021-02-26,0.0454,0.04613,0.040368,0.042411,0.042411,15610361.0,55,0.09945646429813358,0.05762057142857135,0.05561614285714265,0.04739819999999954,0.05506433333333344,0.053062115384615215,0.05622453846153868,0.05091933333333327,0.05624789999999978,0.04068788000000028,0.03177669999999985,0.028782199999999824,0.0522151656136062,0.051480995429016886,0.04751332955485856,0.05195192857769375,0.05024541982840503,0.05212246179237217,0.049131605883523714,0.05168371857563351,0.043899529989331984,0.036308777043192034,0.03096620721283832,43.829591710403655,47.99466210682647,26.353994708066853,41.77759613359802,49.55295207951786,42.876652778251255,50.38792142501392,47.581451042737314,52.23424658662013,52.72137493736285,44.21854467077594,0.0017065087492887168,-0.0032384558299415073,0.004944964579230224,0.03745960560499228,0.05624789999999978,0.07503619439500728,-0.01632100000000001,15.112242536449912,26.69687175563329,29.565933170587826,32.00864649516704,-31.66811950233769,-0.0024230000000002305,43.140196466154705,0.045325,-6.429123000551574,-1
2021-02-27,0.042504,0.047514,0.042504,0.044834,0.044834,14826524.0,56,0.09938989230997013,0.055410928571428486,0.05570438095238075,0.04548659999999953,0.05374700000000012,0.053259730769230594,0.05427738461538485,0.0516558666666666,0.05639119999999979,0.04102178000000028,0.03204034999999985,0.028874964999999832,0.051231010198458715,0.05087672311728809,0.04662021970323904,0.05085686264266394,0.04984457391518984,0.05108125296489043,0.0488543409878125,0.051031364425573184,0.043936175872103266,0.03647759333936645,0.031104195200770277,46.12976840921671,49.540531830554656,34.4482722619946,44.50683296718721,50.84501605919946,45.37070031768022,51.545342501597474,49.19646584928247,53.054244886750325,53.26384350189471,44.55846091987755,0.001012288727474095,-0.0031461406814049034,0.0041584294088789974,0.03802245709140935,0.05639119999999979,0.07475994290859023,-0.016445999999999995,39.564484931677775,27.009550725637908,29.488036622372988,30.820757658611782,-59.329510366122605,0.0014029999999997653,44.03184767536179,0.042411,5.7131404588432355,1
2021-02-28,0.044809,0.045561,0.040775,0.043431,0.043431,15496974.0,55,0.09931832246859568,0.05350264285714278,0.05577404761904742,0.04495279999999953,0.05247191666666679,0.05340915384615367,0.05295346153846177,0.05134543333333328,0.05623434999999979,0.041286060000000284,0.03228479999999985,0.028917594999999824,0.05019100883866422,0.050199839197534624,0.045557146468826026,0.049714422236100266,0.04936949436591652,0.0499883596841918,0.048504448020856857,0.050307520194566205,0.043916365053589417,0.03661528456036909,0.031226849974891963,44.986871927813006,48.663062295699966,32.00416165469042,43.235503891955965,50.07383948589526,44.16818781385683,50.83573569475376,48.29186079558193,52.52172026725514,52.90881485073969,44.4010099817119,0.0003449278701837394,-0.003050801230956207,0.0033957291011399464,0.03746326143246295,0.05623434999999979,0.07500543856753664,-0.019541000000000003,25.40854417254248,26.69509054688989,29.01272887422387,29.355566222394785,-55.74892533700594,-0.004064000000000234,45.20031070351301,0.044834,-3.129321497078119,-1
2021-03-01,0.043443,0.048924,0.043019,0.047495,0.047495,14551777.0,38,0.09925513858541804,0.05256357142857136,0.05581819047619028,0.04469919999999953,0.05132316666666678,0.05363061538461522,0.05208907692307715,0.05171803333333328,0.0560338499999998,0.041667160000000286,0.03251739999999985,0.028982314999999825,0.04983154099350898,0.049953944725031466,0.04620309764588402,0.0493729726613156,0.04923064293140418,0.04963216544359297,0.048439322342091896,0.05003966112841704,0.04405670367893885,0.03683072447006475,0.03138872211444528,48.91493811407512,51.28162850617981,45.455901346942426,47.90515242286456,52.25227432434157,48.431791905865154,52.78144305096929,51.030507647144525,53.88919239077092,53.80955688730366,44.96711814416536,0.00014232972991141957,-0.002602719496982821,0.002745049226894241,0.036966733801802036,0.0560338499999998,0.07510096619819755,-0.015730000000000008,71.46294996490516,45.47865968970831,35.58002926287212,31.36026491982288,-30.947953202608172,0.0019319999999997672,48.09132985617949,0.043431,9.357371462780062,1
2021-03-02,0.04749,0.048423,0.043586,0.045563,0.045563,11033013.0,78,0.09920677040460957,0.051622928571428486,0.0555352380952379,0.04474679999999953,0.04987241666666678,0.053714384615384435,0.05088007692307715,0.05203126666666661,0.0557881999999998,0.04208058000000029,0.03274697999999985,0.029046449999999824,0.04926240219437445,0.0495547679318468,0.04598973176392268,0.0487868230211132,0.048958965677226095,0.04905085609450826,0.04825375315873113,0.049613312449520185,0.04411577412290203,0.03700364081719218,0.03152975970534632,47.19838883027639,50.011178732832825,40.846107854462936,45.95806835710054,51.150456588519276,46.60954138979878,51.77488010279644,49.71613885603896,53.14693366072715,53.3198630566796,44.7494276406841,-0.0001721426561128933,-0.0023337535064057073,0.002161610850292814,0.0362977003158812,0.0557881999999998,0.0752786996841184,-0.012389999999999998,60.7176250584385,52.52970639862855,42.453169332802524,35.68197582329939,-30.98369526856925,-0.004042000000000226,47.78198253486557,0.047495,-4.067796610169494,-1
2021-03-03,0.045622,0.052795,0.045445,0.049605,0.049605,19263012.0,78,0.0991279390303465,0.05078899999999992,0.055493761904761706,0.046185599999999535,0.04873741666666678,0.053802576923076745,0.04985184615384638,0.05236156666666661,0.0550003999999998,0.04258368000000029,0.03300863999999985,0.029123019999999826,0.0493080819017912,0.049559334483497086,0.047194821175948455,0.0489126964024804,0.049006820071505634,0.049130019509578515,0.04834093037429686,0.04961252078766111,0.04433103788278823,0.037253172682198285,0.03170961284260656,51.04899244607665,52.585706323113115,52.85046799643053,50.51648782380455,53.29034357092986,50.78185244592977,53.684367961631935,52.408863306483575,54.48476027814526,54.20057881521762,45.306149376378784,-9.41236690252395e-05,-0.001804587615454443,0.0017104639464292034,0.035868674456456466,0.0550003999999998,0.07413212554354312,-0.009371999999999998,73.46089850249587,68.54715784194634,54.122900526011705,44.052033040562,-26.53590017501183,0.0015399999999997774,47.16424826079781,0.045563,8.871233237495346,1
2021-03-04,0.049575,0.051849,0.046819,0.048065,0.048065,13771864.0,84,0.0990713139413219,0.04972421428571421,0.05467014285714266,0.046831799999999535,0.04791341666666679,0.05399811538461522,0.04868569230769253,0.05264553333333328,0.054284049999999785,0.043030420000000284,0.03322733999999985,0.02918918999999983,0.049142337648219035,0.049423485894088265,0.047484880783965636,0.04878228157132957,0.04893705562176448,0.04897787386535301,0.0483231284146648,0.04946513785550291,0.04447746776973771,0.037467268272649804,0.031872353013326894,49.57322987833325,51.526493952256686,48.36325323722989,48.816913135022666,52.38245817382289,49.20415437410711,52.86034665205949,51.30966466627126,53.88680482597864,53.809907364196825,45.13201816400096,-0.0001547740504349096,-0.0014921903974912903,0.0013374163470563807,0.03524497794748538,0.054284049999999785,0.0733231220525142,-0.006326999999999999,60.64891846921793,64.94248067671728,58.33978723351974,51.63861903077788,-33.9993157714676,-0.0023080000000002265,48.30039663519062,0.049605,-3.1045257534522808,-1
2021-03-05,0.048038,0.050854,0.045598,0.050373,0.050373,13911775.0,77,0.0990142779858236,0.04880621428571421,0.054097809523809326,0.04822019999999953,0.047196416666666775,0.05432138461538445,0.04810261538461561,0.052933399999999936,0.0530142499999998,0.04353586000000029,0.03348491999999985,0.029269529999999832,0.04930642596178983,0.049509805358262056,0.04844758718931042,0.04902700748343272,0.04904342187200415,0.049177177598874015,0.04845537819436385,0.049551600916883584,0.044708665112100934,0.03772282731675575,0.03205643905299528,51.81021261608432,53.01248528773996,55.20345438979544,51.46793359344351,53.612414741684596,51.62961732852857,53.954881802738115,52.86533042151279,54.64767161790761,54.30842478468389,45.4478186093656,-1.6414388571431293e-05,-0.0010830645885022497,0.0010666501999308184,0.03683593344097577,0.0530142499999998,0.06919256655902382,0.004272999999999999,75.22504091653029,69.77828596274787,68.30308658231729,60.25525811394946,-27.999999999999925,-0.001667000000000224,53.14552258381998,0.048065,4.801830854051814,1
2021-03-06,0.050275,0.053516,0.049323,0.05204,0.05204,16493130.0,77,0.09895044325018687,0.04838385714285707,0.05296785714285696,0.049129199999999526,0.04700041666666677,0.05453184615384599,0.04756900000000023,0.05322189999999995,0.052108899999999805,0.044073580000000286,0.03378277999999985,0.029368854999999836,0.04967090250021785,0.0497398230529655,0.04964505812620695,0.04949054479367383,0.04926539062222606,0.04958615222760629,0.048686644117308116,0.04978859130575181,0.04499616844103816,0.03800633568672098,0.03225528045545304,53.4096258939576,54.0777035978375,59.81698647641527,53.35820331411667,54.4940345677031,53.36179623378174,54.73922396186975,53.980408755204365,55.192344312453116,54.665354657795,45.67478474579721,0.0002251541714477709,-0.000673196822786438,0.0008983509942342088,0.03808425988041066,0.052108899999999805,0.06613354011958894,0.0032769999999999948,85.13595166163142,73.6699703491264,71.03768692166256,65.89352024583307,-13.98037593096102,-0.0035470000000002305,55.28278559001103,0.050373,3.3093125285371228,1
2021-03-07,0.05205800000000002,0.057657000000000014,0.05205800000000002,0.055587,0.055587,20585614.0,76,0.09887684156714567,0.0481417142857142,0.052274523809523625,0.051133999999999534,0.04779100000000009,0.05468884615384599,0.047660923076923316,0.05349773333333328,0.0518561499999998,0.04467482000000029,0.034118629999999844,0.029501869999999836,0.0504597155001888,0.05027138459360501,0.051625705417471295,0.05042846097926247,0.04973365798354265,0.050443416195091115,0.049131828367804366,0.05034082070520402,0.04541149516884058,0.03835446765332057,0.03248743686883162,56.68690701848129,56.28671795265818,68.18355705073603,57.20074752576452,56.3280304889176,56.89862940321277,56.37318429892954,56.29063389925088,56.33059788384025,55.413857797241604,46.153850630975924,0.0006948029957198204,-0.00016283839881151073,0.0008576413945313311,0.03830479929980101,0.0518561499999998,0.0654075007001986,0.010262,83.04945954798545,81.13681737538225,75.50405381957194,71.61494244118383,-7.563925208621456,-0.0009110000000002313,56.141601009805576,0.05204,6.815910837817052,1
2021-03-08,0.055585,0.057177,0.053406,0.056498,0.056498,14296266.0,81,0.0988265624351614,0.048292142857142784,0.05207719047619029,0.05251259999999952,0.048435583333333435,0.054920461538461376,0.04846076923076947,0.05394829999999995,0.0517444499999998,0.045295000000000286,0.034449469999999836,0.02963284499999984,0.05126482010016363,0.05083744053964091,0.05324980361164753,0.051362236213222084,0.05023472035513209,0.051308356738649516,0.04960706524730086,0.05092721873327983,0.04584626006418017,0.03871374552157165,0.032726347944763645,57.50939735031618,56.845270344084255,70.10215217678679,58.159830824288136,56.792478378188285,57.78413302902026,56.787212027970774,56.87447203861522,56.619293890225705,55.604003177192205,46.2761387482197,0.0011275158580900046,0.0002158995708469386,0.0009116162872430658,0.03839643084517114,0.0517444499999998,0.06509246915482846,0.014086999999999997,90.38892113773936,86.19144411578527,78.88965834662062,75.1437996959516,5.118607816449658,-0.0064540000000002295,56.738848662098974,0.055587,1.6388723982226017,1
2021-03-09,0.056535,0.063736,0.055739,0.062952,0.062952,27244369.0,81,0.09874239404162274,0.049495857142857064,0.05227814285714266,0.055489999999999526,0.049904500000000115,0.054827807692307516,0.049552230769230994,0.05464776666666661,0.051828049999999785,0.046036700000000284,0.03484743999999985,0.02979967999999984,0.052823110753475136,0.051938764126946285,0.056483869074431675,0.05314527679580331,0.051176741069566746,0.05297173434741388,0.05046802877973306,0.05207243599677699,0.04651707339499663,0.03919371095678805,0.03302710070153217,62.86241925384846,60.583315645141326,80.23482788171303,64.29976734657632,59.92777525695703,63.50461339338392,59.5943818820647,60.772202161633814,58.597192727107604,56.91864426149142,47.131022696006795,0.0019685357262365644,0.0008455355511947988,0.0011230001750417657,0.038210349777213534,0.051828049999999785,0.06544575022278605,0.018117999999999995,95.67758297496964,89.70532122023138,85.89539124777097,80.0963678046544,42.873861496972594,0.0013089999999997546,63.06974671202789,0.056498,11.423413218167,1
2021-03-10,0.062916,0.066241,0.057999999999999996,0.061643,0.061643,32875471.0,68,0.0986443941566207,0.05041585714285706,0.05229542857142837,0.057743999999999525,0.051507166666666784,0.054798999999999834,0.05080746153846178,0.055150266666666614,0.05176159999999978,0.0467292400000003,0.035224239999999844,0.029951169999999836,0.05399909598634512,0.05282096738813299,0.05820357938295445,0.05445261882721818,0.0519520195088581,0.054210486583497614,0.05118899466491157,0.052983918282798234,0.0471102469873497,0.03963825133388136,0.03331183601793483,61.18731652773975,59.488444909901325,74.1209452544893,62.29127374482971,59.02566155519649,61.67907893452571,58.79392128976343,59.62457032523317,58.04965011685909,56.575463001139134,46.97864647777475,0.0025005993183600875,0.0011020793146546575,0.0013985200037054302,0.0383616340393286,0.05176159999999978,0.06516156596067098,0.018212,72.82184655396621,86.29611688889162,85.41475237525817,83.39993398988315,33.93760539629018,-0.010577000000000232,61.05061937615953,0.062952,-2.079362053628142,-1
2021-03-11,0.061578,0.07624500000000001,0.058815,0.07222,0.07222,58460847.0,73,0.09850504168143748,0.052336928571428486,0.05273580952380932,0.06177999999999954,0.05378933333333345,0.05466249999999983,0.05310046153846178,0.05584076666666661,0.05221134999999978,0.0476580400000003,0.035715909999999844,0.03015790499999984,0.056428549854832435,0.05458451580739362,0.0628757195886363,0.057186062084569236,0.05345335139709083,0.05678327421442653,0.05254583371878824,0.05481592606538888,0.048094943183924224,0.040283434475784696,0.033698981928204134,68.4627688231946,64.86362486769451,85.11717275214964,70.38806294624442,63.62080884596018,69.34682560232297,62.94916011693037,65.2001180900475,61.049356698716466,58.611979374788454,48.33506932924229,0.0037327106874784077,0.0018673525470183825,0.0018653581404600255,0.03674664140575068,0.05221134999999978,0.06767605859424887,0.02472500000000001,83.35882912308264,83.95275288400606,85.0593278675484,85.45649049685908,59.64604910070761,-0.007290000000000212,67.31292516297017,0.061643,17.15847703713318,1
2021-03-12,0.072308,0.081415,0.06686,0.07951,0.07951,67285554.0,70,0.09838316848223493,0.05498685714285706,0.053511285714285504,0.06656459999999954,0.05679591666666677,0.05502261538461521,0.0557678461538464,0.056808566666666616,0.05328919999999978,0.048781140000000285,0.03627561999999985,0.030401639999999838,0.059506076540854776,0.056850468915812385,0.06842047972575753,0.060620514071558586,0.05538347351582485,0.0600299493266513,0.054285457349834164,0.057167742630589935,0.04932690619631935,0.04106019814953153,0.03415481295379414,72.29748924601499,67.93552206415565,88.98736686994656,74.47959259972151,66.32392319412111,73.31069064604252,65.43181708714954,68.36192111871982,62.913683670520534,59.92044406787972,49.23465537888074,0.005237040555733742,0.002697345932218973,0.0025396946235147692,0.03368785046966623,0.05328919999999978,0.07289054953033333,0.033947000000000005,93.19861473097932,83.12643013600929,87.08915890414718,85.85441304898448,74.99747306285009,0.004827999999999777,70.03633939177867,0.07222,10.0941567432844,1
2021-03-13,0.07951699999999999,0.084477,0.074018,0.074682,0.074682,56682793.0,74,0.09828965283134193,0.05711885714285706,0.05430790476190455,0.07020139999999954,0.05906150000000013,0.0555626153846152,0.05817176923076948,0.05711926666666661,0.054074449999999774,0.04979024000000029,0.03678613999999985,0.030636209999999837,0.06152953300207414,0.058471517196193076,0.07050765315050501,0.06278381959901111,0.05681299399613411,0.062123099422843976,0.05560136332726422,0.05883576714196233,0.05032122360038526,0.04172597640399625,0.0345580685462937,66.55507792066003,64.05031549059174,73.74649909750536,67.76209458336146,63.09939115126149,67.1202523271384,62.56291448661311,64.2994232115097,60.94320102426594,58.679548531894504,48.670603067234154,0.0059708256028769965,0.002744904783489783,0.0032259208193872145,0.032368376326830664,0.054074449999999774,0.0757805236731689,0.025077,65.91620850441925,80.8245507861603,82.19461637748316,84.78103438305948,57.54164096236902,-0.009798000000000223,62.40826312906643,0.07951,-6.072192177084645,-1
2021-03-14,0.07475,0.092142,0.06917899999999999,0.08448,0.08448,94071619.0,78,0.09816768650287824,0.06005092857142848,0.055522333333333125,0.07450699999999953,0.06230458333333345,0.0565529230769229,0.06101676923076948,0.05785553333333328,0.055578849999999784,0.050992920000000296,0.03740720999999985,0.03091524999999984,0.06458959526846425,0.060835924723811885,0.07516510210033668,0.06612169350685555,0.05886240184827232,0.0653169423624377,0.05746450117711814,0.061278075033204,0.051660783459193685,0.042572590732629985,0.03505480418264899,71.48052837116605,67.94751359093526,81.47369055003203,73.09675932459704,66.52886516538967,72.24278598609592,65.71528980562996,68.31208067256503,63.32120668976616,60.362077798995905,49.842582219740464,0.0072592916585832315,0.003226696671356813,0.004032594987226417,0.029961783285347557,0.055578849999999784,0.081195916714652,0.036414999999999996,77.558432429266,78.89108522155475,78.57078626834243,82.61818718332415,68.11190203594016,0.006169999999999787,63.460789093938,0.074682,13.119627219410312,1
2021-03-15,0.084503,0.091318,0.074799,0.07831,0.07831,56769855.0,76,0.09809290722114504,0.062251999999999925,0.05666128571428551,0.07784039999999952,0.06469666666666678,0.0572079230769229,0.06353576923076948,0.057940233333333285,0.057189349999999785,0.05207522000000029,0.03796039999999985,0.03117235499999984,0.06641898256600236,0.062424477021647176,0.07621340140022445,0.06799681758272393,0.06030296467432623,0.06717309345351803,0.058809372068916975,0.06290016312527981,0.05270585077451942,0.04328026220327098,0.03548520414103059,65.01992360869596,63.41245325965002,66.64979794362716,65.68200829556758,62.717166511116886,65.33937494813749,62.30160596055935,63.58646331223609,60.93804950151025,58.83828239811023,49.13261645439485,0.007693852908397698,0.002929006336937025,0.0047648465714606745,0.030075188283486005,0.057189349999999785,0.08430351171651357,0.027937000000000003,58.496114261709735,67.32358506513155,75.70563980989114,78.82368081857211,49.40438971991097,0.003949999999999815,57.02787803181396,0.08448,-7.3035037878787845,-1
2021-03-16,0.078222,0.078952,0.072879,0.07436,0.07436,29622157.0,71,0.09803997686520363,0.06430892857142849,0.0580069999999998,0.07826839999999953,0.06688791666666677,0.057645923076922914,0.06544000000000025,0.05808066666666663,0.05846919999999978,0.05309864000000029,0.03847648999999985,0.03140585499999984,0.06747778489053538,0.06350952456513377,0.07559560093348297,0.06897576872384333,0.06134422655030206,0.06819979438872972,0.059812638387051364,0.06399157616096744,0.053555033097087285,0.04389570255568146,0.03587201803017456,61.22428960429783,60.695505127581164,58.476135268546884,61.364903945833596,60.41592489350555,61.30076634958724,60.23177489370118,60.761015474232934,59.47634402465811,57.893299208647775,48.68642346834846,0.007631542173541263,0.002293356481664471,0.0053381856918767925,0.030623149866418974,0.05846919999999978,0.08631525013358057,0.02232,29.66537457479627,55.23997375525722,64.96694890023386,73.08112499282237,44.72208849062765,0.0007359999999998201,54.02558192123333,0.07831,-5.044055676158865,-1
2021-03-17,0.07434299999999999,0.074576,0.0692,0.073624,0.073624,24672412.0,71,0.09799039802521232,0.06602457142857135,0.05919085714285693,0.07709119999999954,0.06882550000000011,0.05804588461538444,0.06740607692307718,0.05851339999999995,0.059884149999999775,0.0541028200000003,0.03898504999999985,0.03162835499999984,0.06829728023846401,0.0644290223319398,0.07493840062232197,0.06969088122786743,0.06225383939842784,0.06897468090462547,0.06070369397498353,0.06490894985992292,0.05434205140700543,0.0444843817129947,0.03624765964181462,60.5189902452635,60.19208533457162,56.915468604048634,60.561405769409,59.990007046729495,60.54977535663704,59.8489384537929,60.23734455127264,59.206432697758224,57.7188440509433,48.603768384652824,0.007437041829439592,0.00167908491005024,0.005757956919389353,0.031974452713180314,0.059884149999999775,0.08779384728681923,0.018037,19.35722684318252,35.8395718932294,50.19867132267451,63.62375334426638,39.32061880985519,0.0008679999999998134,55.68686757243793,0.07436,-0.9897794513179181,0
2021-03-18,0.0736,0.07611799999999999,0.069905,0.072756,0.072756,21225744.0,72,0.09794866417144783,0.0677882142857142,0.060497095238095024,0.07670599999999954,0.07055183333333345,0.058615230769230586,0.0691278461538464,0.05898086666666661,0.06140139999999977,0.05511216000000031,0.03949718999999985,0.03184370999999984,0.0688917762066688,0.06518602030176346,0.07421093374821465,0.07016243796204168,0.06303177722076651,0.06951486934682184,0.06148126210562975,0.06565628796850169,0.05506416703810326,0.04504421573847996,0.03661092671005527,59.65068917879049,59.5815221029957,54.843975108632485,59.56494636829135,59.476493279372214,59.62208597621884,59.38891986167726,59.60125240657545,58.884975299644395,57.512410459289505,48.50616461155535,0.007130660741275162,0.001098163057508649,0.006032497683766514,0.034200971161278834,0.06140139999999977,0.0886018288387207,0.016258,15.577232939946912,21.53327811930845,40.13087620978003,51.76549881089603,40.87034247595726,-0.0006820000000001826,52.75962289337475,0.073624,-1.1789633815060263,-1
2021-03-19,0.072872,0.075348,0.070387,0.073438,0.073438,15270395.0,71,0.09791888266218916,0.0694357142857142,0.061974571428571226,0.07449759999999954,0.07203941666666679,0.0591714230769229,0.0707738461538464,0.05938613333333328,0.06283159999999978,0.0561261600000003,0.04002216999999985,0.031954264999999836,0.06949793937911296,0.06593620027433042,0.07395328916547643,0.07066637058326604,0.06380260853774677,0.07007531658299015,0.06225266455042783,0.06639740340007295,0.05578470950719725,0.045606468892173416,0.03697736525025372,60.13222492662872,59.916200877715646,56.342146610420045,60.123427163206166,59.75756200711086,60.138846399115046,59.6407842350047,59.95015882640934,59.06310414783681,57.63265904440771,48.58769030287855,0.006863762045519264,0.0006650114894022003,0.006198750556117064,0.03629922704762312,0.06283159999999978,0.08936397295237644,0.01048600000000001,19.160864454290646,18.031774745806576,28.45136261478495,39.59363671574639,39.234864851072615,-0.003310000000000174,48.632587878053315,0.072756,0.9373797350046731,0
2021-03-20,0.073437,0.086846,0.072987,0.076748,0.076748,45844595.0,75,0.0978506684450009,0.07120057142857135,0.0634942857142855,0.07418519999999952,0.07372691666666678,0.06003126923076905,0.07240161538461562,0.05984533333333328,0.06449744999999978,0.05660624000000029,0.04058539999999985,0.03209170499999984,0.07046461412856456,0.0669190911584822,0.07488485944365095,0.07160200587814819,0.0647615264238396,0.07102855707113442,0.0631878474826583,0.0673831745048279,0.05660679933044443,0.04622313287450662,0.03737309295920642,62.461779736469964,61.53560101534196,63.4119857533143,62.82320421137915,61.116818255929964,62.63805844389713,60.85822210239064,61.638534800658924,59.92266442277043,58.21239515736039,48.98167119491613,0.006840479454308586,0.0005133831185532184,0.006327096335755369,0.03892763163640617,0.06449744999999978,0.09006726836359337,0.015105,42.774566473988415,25.83755462274188,25.30705305724069,31.29643062726845,40.88697666721836,-0.004855000000000193,48.9015548293869,0.073438,4.507203355211198,1
2021-03-21,0.076619,0.085687,0.07488,0.081603,0.081603,43422739.0,73,0.09779280102621586,0.07305885714285706,0.06531199999999979,0.07563379999999954,0.07528116666666677,0.06139676923076905,0.07433276923076948,0.060457933333333276,0.06620284999999979,0.057511960000000285,0.04118255999999985,0.03225044999999984,0.07194973224475595,0.06825399196225654,0.07712423962910063,0.07314062035843308,0.06600904298503668,0.07253919177525807,0.06437592183861582,0.0687374435996062,0.0575870424939564,0.04692372430273421,0.03781319153672676,65.61892689427499,63.78388799802574,71.5274883395571,66.43422584022305,63.0193972472085,66.00484928301485,62.569540900099135,63.97734320238672,61.14330744107088,59.04265410866024,49.551550867720394,0.007131577373396411,0.0006435848301128335,0.006487992543283578,0.0408590127773489,0.06620284999999979,0.09154668722265066,0.009382999999999987,70.287883939703,44.07443828932725,33.431554930222035,29.06332353408245,42.139363115099385,0.004342999999999792,46.28701452792312,0.076748,6.325897743263664,1
2021-03-22,0.081591,0.085949,0.075644,0.07726,0.07726,33997720.0,70,0.09774484897419657,0.07454185714285708,0.06672938095238075,0.07636099999999954,0.07658258333333344,0.062492807692307514,0.07543338461538486,0.06110149999999995,0.06778769999999977,0.05833384000000029,0.04173849999999985,0.03245687999999984,0.07265776794545516,0.06907271996568776,0.07716949308606709,0.0737743710725203,0.06684244720836728,0.07321359295022123,0.06520715268773737,0.06954911563773894,0.05835853102360517,0.04752444263337314,0.03820569709357525,60.72400910497366,60.471454333338286,57.77200481882386,60.71885507453743,60.27945607913601,60.73262327787646,60.13908243123198,60.51211616848987,59.490070574147346,58.00147111672343,49.05889758660234,0.00693192386415302,0.00035514505669555387,0.006576778807457466,0.04395938834658132,0.06778769999999977,0.09161601165341823,-0.002250000000000002,43.415382799126355,52.15927773760581,38.2431861214108,32.32726470295773,31.858216970999013,0.002341999999999789,45.846146797441314,0.081603,-5.322108255823932,-1
2021-03-23,0.07714700000000001,0.079954,0.072613,0.074918,0.074918,26876949.0,66,0.09769923201104402,0.07539657142857137,0.0681272380952379,0.07679339999999954,0.07680741666666678,0.06363099999999981,0.0764545384615387,0.06163286666666661,0.06905334999999979,0.059038280000000276,0.04227014999999985,0.03264503999999984,0.07295913221939447,0.06960410905971615,0.0764189953907114,0.07395031398444027,0.06744063630404377,0.07345707967161819,0.06583365896594788,0.07006043795795427,0.05900792196385595,0.0480668893139004,0.03857099363990783,58.21494889263882,58.74788451212842,51.378190788920605,57.8132340935845,58.84668607390749,58.04028600399105,58.86493579759542,58.71152460331239,58.618271516337636,57.44968939060192,48.7959729797199,0.0065096776803964815,-5.368090164878814e-05,0.006563358582045269,0.04664476014066194,0.06905334999999979,0.09146193985933763,0.0002360000000000001,27.529011483079124,47.077426073969384,40.63354183003725,37.43609429388992,19.59775950735375,0.0044559999999997935,45.2442337463931,0.07726,-3.031322806109238,-1
2021-03-24,0.074894,0.08025299999999999,0.067392,0.070462,0.070462,34478353.0,65,0.0976326664669224,0.07602649999999997,0.06912042857142837,0.07619819999999955,0.07605341666666678,0.06470988461538442,0.07631930769230794,0.062168533333333276,0.0701731999999998,0.059656600000000275,0.04276260999999985,0.032757839999999844,0.07262618125680853,0.06968209914519649,0.07443333026047426,0.07341365029452637,0.06766444102226275,0.0730292111471013,0.06613226161330607,0.07009868196195862,0.059457101494685125,0.048510356852239006,0.038888317086276915,53.69238359523373,55.589720807258594,41.014403349870726,52.6227340930117,56.20703489996264,53.207237952798,56.51100144093096,55.41720966491221,56.997266341580925,56.418287625474214,48.3009859744055,0.00574920927226362,-0.0006513194478253193,0.006400528720088939,0.05005993937711667,0.0701731999999998,0.09028646062288292,-0.014018000000000004,15.780816284568731,28.908403522257967,39.957532196092856,39.611420049180204,13.735690366793941,0.003916999999999782,40.62888805094456,0.074918,-5.947836301022457,-1
2021-03-25,0.07037,0.070727,0.064098,0.066545,0.066545,29760327.0,60,0.09756269996598016,0.07562114285714283,0.07000042857142838,0.07415759999999956,0.07537533333333345,0.06554492307692289,0.07532200000000025,0.06285003333333329,0.07098179999999979,0.060152760000000284,0.04320958999999984,0.032840604999999835,0.07181535708923407,0.06939690831381501,0.07180388684031618,0.07235693486459924,0.06758151946505811,0.07210289526894398,0.06615888989631859,0.06976023606081971,0.059735058298815126,0.04886747849872932,0.03916350796104032,50.03166068890179,52.967532233110255,33.81852261677598,48.47799606722274,53.99605220883318,49.31944753513624,54.53027636304965,52.6885122370481,55.61822564136772,55.533127019549205,47.871977731684474,0.004775415399541128,-0.0013000906564382495,0.006075506055979377,0.05303673947335137,0.07098179999999979,0.08892686052664821,-0.011764999999999998,11.198572147727816,18.169466638458452,33.64233333084074,38.077802452323525,-9.861847249978217,-0.007441000000000197,39.12368686669544,0.070462,-5.55902472254547,-1
2021-03-26,0.066527,0.07488,0.06651,0.073986,0.073986,24029963.0,54,0.09751506831724256,0.07522657142857139,0.07112485714285695,0.07263419999999958,0.07450083333333345,0.06672011538461521,0.07526846153846177,0.06369079999999995,0.07207909999999979,0.06076478000000029,0.043719879999999836,0.032925749999999844,0.07210477614400286,0.06981409846710454,0.07253125789354413,0.0726075602700455,0.06805592543060936,0.0723719102305234,0.06666386474171739,0.07016268976931307,0.060293918757685125,0.04936487496410102,0.03951000041913943,56.12077438600685,57.00380553583296,52.725853801902524,55.66446381911005,57.30889064819112,55.91016929990936,57.45735163534274,56.91964836793907,57.60573014611473,56.832570725074994,48.741182338933974,0.004551634839436144,-0.001219096973234586,0.00577073181267073,0.056480370147529727,0.07207909999999979,0.08767782985246984,-0.0003739999999999993,45.25193354995193,24.07710732741606,28.63514325289053,34.078336259941274,-9.574320576816355,-0.004139000000000226,41.5092396940716,0.066545,11.18190698023891,1
2021-03-27,0.074073,0.08124400000000001,0.069635,0.078125,0.078125,38349539.0,65,0.09745277643007602,0.07547249999999997,0.07236699999999979,0.07280719999999956,0.07448541666666678,0.06789819230769213,0.07477961538461561,0.06478413333333327,0.07320599999999979,0.0613810400000003,0.04427477999999984,0.033069019999999845,0.07290747265813581,0.07056963497009504,0.07439583859569608,0.07345639715157698,0.06880178280611977,0.07319378019759147,0.0674032928228969,0.0709210050293785,0.060993176845619036,0.04993438239055446,0.03989422927069028,59.091739329331745,59.05160394792753,60.29701219462162,59.10202742065257,59.013785131004525,59.09656851261859,58.97531534423172,59.0581579130451,58.656187148160775,57.52982380017559,49.214573407585924,0.004654614345457192,-0.0008928939737708311,0.005547508319228023,0.0594798264311598,0.07320599999999979,0.08693217356883977,0.004501000000000005,81.80916831914143,46.08655800560695,36.31390035689355,32.863792313541495,6.0396091708036685,-0.007306000000000201,47.84012722519584,0.073986,5.594301624631703,1
2021-03-28,0.078243,0.089736,0.077581,0.08543099999999999,0.08543099999999999,65270139.0,74,0.09738701512473127,0.07554042857142854,0.07378814285714265,0.07490979999999955,0.07540800000000011,0.06943157692307675,0.07532738461538484,0.06621813333333328,0.07465264999999979,0.062230040000000285,0.04489951999999984,0.033247574999999835,0.0745772763037177,0.07192066815463186,0.07807422573046405,0.07529864374364205,0.07003357667233312,0.07494195445507841,0.06856637070529066,0.07230290931229483,0.061951522851673185,0.05063728570955338,0.04034733146700182,63.735480118540224,62.366145813435786,70.35403987852267,64.38287873461084,61.80948314934514,64.03721716027563,61.48213859059766,62.507599112625705,60.42186262499217,58.71858452362317,50.03319530322758,0.005265067071308929,-0.00022595299833527528,0.005491020069644205,0.06231209059487565,0.07465264999999979,0.08699320940512392,0.012674999999999992,83.20851860519541,70.08987349142949,47.44980178131679,37.466281797033524,1.7444739979822732,-0.000757000000000202,47.7874294027905,0.078125,9.351679999999995,1
2021-03-29,0.085423,0.091607,0.083034,0.086188,0.086188,45665980.0,72,0.09735074757442157,0.07610314285714281,0.07520195238095218,0.07805499999999957,0.07645500000000012,0.07083861538461521,0.076237230769231,0.06759659999999994,0.07581444999999977,0.06311444000000029,0.04552220999999984,0.03349861999999984,0.07612537279655535,0.0732176983223926,0.0807788171536427,0.07697392932154327,0.07123020062253067,0.0765485323900672,0.06970325001462675,0.07362529890160008,0.0629019729359213,0.05134126024995827,0.040803457522056524,64.18679492276678,62.69392828997011,71.25923506451933,64.89172890173249,62.087735473053456,64.5154771949215,61.73249874903603,62.848138582869204,60.59969724101552,58.83915258491509,50.116925043114364,0.0057437286990126004,0.00020216690349471761,0.005541561795517885,0.0637397859209923,0.07581444999999977,0.08788911407900726,0.012749999999999996,80.30099240248644,81.77289310894098,60.35383700490034,48.039179714370135,16.04415298765844,0.0003339999999998067,50.36403928677326,0.08543099999999999,0.8860952113401543,0
2021-03-30,0.086242,0.08874800000000001,0.084465,0.085854,0.085854,32900223.0,72,0.0973233084627282,0.07692414285714283,0.07629252380952363,0.08191679999999955,0.07754650000000013,0.07229203846153827,0.07717800000000025,0.06901069999999994,0.0770249999999998,0.06390016000000029,0.046118799999999835,0.03375499999999985,0.07742252309034797,0.07436645302035691,0.08247054476909513,0.07834009404130585,0.07231344502086172,0.07787788490577187,0.07074523388465083,0.07478993710144767,0.06380205242863027,0.052024680839068006,0.041251721626314665,63.81138166432054,62.4425420036019,70.12556951242857,64.45160240050464,61.88115812375207,64.11036592341563,61.55009958737749,62.58478885025818,60.47740332696541,58.762672001194325,50.07971358828124,0.006026649020444114,0.00038806977994098376,0.00563857924050313,0.06613616334086596,0.0770249999999998,0.08791383665913365,0.009106000000000005,77.07694146710759,80.19548415826304,73.5295108687763,60.44438321833104,25.26931363496474,-0.013024000000000173,51.10518068174531,0.086188,-0.38752494546804295,0
2021-03-31,0.085789,0.10205,0.079148,0.098878,0.098878,77716537.0,76,0.09730007373923767,0.07872799999999998,0.07806561904761886,0.08689519999999955,0.07966650000000011,0.07415761538461521,0.07918738461538485,0.0707234666666666,0.0783578999999998,0.06484762000000029,0.04686599999999983,0.03408952999999985,0.08028325334496825,0.07659477547305174,0.08793969651273008,0.08149977188110495,0.07428118983413122,0.08087790134780448,0.07256025105338304,0.07708403832988124,0.06517757978437026,0.05295246933730429,0.04182511743102795,70.9178203482802,67.72863439859914,82.8743732491673,72.36846649237013,66.4071343678769,71.59932802505175,65.64073864240703,68.06389408766866,63.414019470563886,60.770897387114715,51.49120014264359,0.007218582046973719,0.0012640022451764705,0.005954579801797247,0.06397863668676276,0.0783578999999998,0.09273716331323684,0.017275,90.21440691038096,82.53078025999156,82.52200554086212,72.13511780484612,43.71170422681496,0.007177999999999796,61.63555231778436,0.085854,15.169939665012699,1
2021-04-01,0.098777,0.101695,0.08913,0.0917,0.0917,49790488.0,74,0.09728838415120207,0.08008114285714282,0.07899323809523791,0.08961019999999956,0.08091250000000011,0.07568299999999982,0.08059215384615409,0.07226136666666659,0.0789673999999998,0.06567210000000027,0.04753290999999984,0.03440239999999985,0.08180548623230581,0.0779679777027743,0.08919313100848672,0.08306903774555034,0.07557147206864002,0.08242391544097526,0.07379507356606799,0.07847603467941636,0.06621767469478712,0.05371974717220915,0.04232138491927643,63.54880153366865,62.6383578708373,64.63277404750586,63.87499536385851,62.18157895765747,63.708966342021945,61.89082131881555,62.74649475579412,60.87144005967659,59.16698078007462,50.69722124259897,0.007497565676910317,0.0012343887000904556,0.006263176976819862,0.06339833649979174,0.0789673999999998,0.09453646350020786,0.01444000000000001,57.701581593036096,74.99764332350811,77.70048819564106,77.91733486842637,29.561200923787627,-0.0208190000000002,58.018664257726755,0.098878,-7.259451040676379,-1
2021-04-02,0.091753,0.124395,0.091084,0.112519,0.112519,155283022.0,74,0.09742727075888424,0.08287264285714281,0.08056509523809506,0.09502779999999957,0.08348883333333344,0.07787269230769213,0.08334376923076947,0.07435849999999992,0.0808592499999998,0.06661526000000027,0.04844920999999983,0.03481946999999985,0.0859006214013317,0.08110897972979482,0.09696842067232447,0.08759980116931182,0.07830832598948151,0.08672321323512165,0.07629339140051522,0.08171822185280528,0.06803341294205037,0.054884088812363424,0.04301986865142293,72.44608202316742,69.58424153184578,79.97428912499909,73.6076682005348,68.26390123232528,73.0020500195198,67.46187788691095,69.90633426114191,65.02058297657665,62.09741984047511,52.81790374037229,0.009291475179830323,0.0024226385624083703,0.0068688366174219535,0.0594011241302521,0.0808592499999998,0.1023173758697475,0.03760100000000001,73.7529559970827,73.88964816683314,75.80937567401854,78.67728980350711,46.40291613730551,0.011297999999999808,57.82337664991466,0.0917,22.703380588876755,1
2021-04-03,0.112608,0.114024,0.101066,0.101221,0.101221,78404344.0,73,0.09747363596098203,0.08462071428571424,0.08182885714285698,0.09803439999999956,0.08548558333333345,0.0795928076923075,0.08485284615384639,0.07613036666666659,0.0816962999999998,0.06739184000000026,0.04923059999999983,0.03518968999999985,0.08794333854782081,0.08293734520890438,0.09838594711488301,0.08969537022018692,0.08000556110137176,0.08879432563010428,0.0779016242133852,0.08357562929539525,0.06933488694432291,0.0558016514101384,0.043598984386234635,63.44222110431235,62.93269033819863,62.3590135418169,63.543074470751144,62.590942219870364,63.49917569602035,62.35058621260239,63.00630173789143,61.41574201035391,59.74723462797336,51.60724239782593,0.009689809118815174,0.0022567780011145755,0.007433031117700598,0.05841485938532631,0.0816962999999998,0.1049777406146733,0.030759000000000012,48.783344752138284,60.07929411408557,69.5058461439489,74.33857000453602,26.540793198061,-0.0143250000000002,52.07643208313614,0.112519,-10.040970858255038,-1
2021-04-04,0.101193,0.115848,0.100364,0.115546,0.115546,69956704.0,74,0.0975410122691772,0.08704521428571423,0.0833081904761903,0.10397279999999956,0.08887125000000011,0.08161565384615366,0.0877979230769233,0.07830279999999992,0.0835580999999998,0.06818738000000027,0.050157959999999835,0.03563071999999985,0.09162369340811136,0.08590176837173125,0.10410596474325533,0.09367239018631204,0.08263818620497386,0.09261599339723224,0.08033029361897326,0.0866204265053576,0.07114708745631025,0.056984707817858436,0.04431487508885917,68.72297154026124,67.10893917245362,71.80725075483973,69.30755125492587,66.28056760314739,69.00787458601916,65.75044351736855,67.30291272233062,63.99719832991398,61.607967673150256,52.98058182161814,0.01103420398133817,0.0028809382909100573,0.008153265690428112,0.05587709684735598,0.0835580999999998,0.11123910315264364,0.049000999999999996,80.44290229186467,67.65973434702842,70.1790383089003,71.8314200422891,33.3825076957878,-0.02144100000000021,56.22298523707431,0.101221,14.152201618241268,1
2021-04-05,0.11576,0.159275,0.108379,0.136987,0.136987,208968012.0,71,0.09810546529711132,0.09131142857142853,0.08610233333333316,0.11159459999999954,0.0944150000000001,0.08451349999999981,0.09257246153846176,0.0811343666666666,0.08668944999999981,0.06952418000000027,0.05129729999999984,0.03617902999999985,0.09767213428702984,0.09054588033793748,0.11506630982883688,0.1003361763114948,0.08666402426386469,0.09895470862619904,0.08398556499839434,0.09141724302865688,0.07372904481096475,0.0585689116234454,0.045236985784492416,74.60555609372926,72.04720373084184,80.56796796609723,75.57082239242109,70.76269023765752,75.07200800633292,69.9477468404203,72.34992443148103,67.33379623471923,64.11561056590617,54.90560749259581,0.013672152047630115,0.004415109085761603,0.009257042961868512,0.050521521639585634,0.08668944999999981,0.12285737836041395,0.063001,68.22581794853518,65.81735499751258,65.78132051653115,68.4887349897933,50.2849878343451,0.008460999999999774,57.250317435228865,0.115546,18.55624599726515,1
2021-04-06,0.136786,0.14335499999999998,0.12073,0.128526,0.128526,121458457.0,75,0.09839084202712872,0.09514057142857137,0.08868166666666648,0.11895979999999955,0.09958008333333343,0.08667911538461517,0.09703892307692327,0.0835656666666666,0.08943454999999981,0.07088186000000025,0.05235918999999984,0.03667554999999985,0.1017859830487592,0.09399861848903407,0.1195528732192246,0.10467307226357253,0.08976491135543027,0.10317917882245634,0.08685914145011084,0.09495141035926097,0.07587794501445633,0.05995420050218905,0.04606573219459697,69.10986141755018,67.83663452460253,70.23316134159995,69.50712187312136,67.10724754131479,69.3087655263492,66.61863613139532,68.00076807579785,64.91236662932454,62.48884446816439,54.02835673238746,0.01490816090814226,0.0045208943570189996,0.010387266551123259,0.049323008411313665,0.08943454999999981,0.12954609158868596,0.050401,54.907539118065436,67.8587531194883,65.22251202153701,67.06095694898934,42.92211119651556,0.016062999999999772,55.158758922860926,0.136987,-6.176498499857653,-1
2021-04-07,0.128066,0.137943,0.108728,0.112463,0.112463,114332431.0,72,0.09856422355756043,0.0981406428571428,0.09053114285714267,0.11894859999999954,0.10278650000000007,0.08794653846153826,0.10057107692307712,0.08543116666666659,0.0914198999999998,0.07195648000000028,0.05325886999999984,0.03710335499999985,0.10320958530892464,0.09567719862639462,0.11718958214614973,0.10587152268456138,0.09144625125502803,0.10450543899067688,0.08851100329203918,0.09661918080123612,0.0773126530531051,0.0609939787100665,0.04672640152599401,60.10404096384033,60.77278893039628,54.350318222622654,59.661467277461185,60.90454793227103,59.90612681440799,60.92972523828883,60.72425374389102,60.68631634474306,59.58976995707031,52.430056352329544,0.014425271429533345,0.0032304039027280657,0.011194867526805277,0.050856115042688346,0.0914198999999998,0.13198368495731128,0.02703200000000001,20.53776035035904,47.890372472319754,54.57947289219228,61.86110181008666,30.769287121894816,-0.008764000000000216,47.53238703361318,0.128526,-12.497860355103253,-1
2021-04-08,0.112988,0.126162,0.111887,0.121227,0.121227,73279516.0,73,0.09867411985207238,0.10204649999999993,0.09283928571428553,0.12294979999999953,0.1063783333333334,0.08973673076923057,0.1042050000000002,0.0873736666666666,0.0938093499999998,0.07315542000000026,0.05425648999999984,0.03757708499999985,0.10561190726773467,0.09799990784217692,0.11853538809743315,0.10823390381001348,0.09365223264354447,0.10689423342058016,0.0906217127570689,0.09896278262968984,0.0790347843059245,0.062186711804916674,0.047467701013297565,62.928059328041236,62.976398559969006,60.23760887704176,62.77787498160098,62.850066965563,62.866130079386,62.72435438525073,62.992864809818975,62.06089678366619,60.59712344643047,53.18937291722354,0.014581671166468997,0.002709442911730975,0.011872228254738021,0.0520918208191177,0.0938093499999998,0.13552687918088188,0.035039,35.41443872960908,36.95324606601107,51.905691687686435,57.235892200471774,38.68553236646626,-0.0017220000000002234,49.68799670077423,0.112463,7.792785182682316,1
2021-04-09,0.121212,0.132884,0.120245,0.122949,0.122949,70995196.0,70,0.09880750327839267,0.10554385714285708,0.09519695238095223,0.12443039999999952,0.1095048333333334,0.0912163076923075,0.1076530000000002,0.08941719999999992,0.0961193999999998,0.07435496000000028,0.05527846999999984,0.03807051499999985,0.10792351963203672,0.10026800712925177,0.12000659206495545,0.11049776476231908,0.09582236355883747,0.10918777150335444,0.09270734419209672,0.10124718428400507,0.08075691041157453,0.06338992543254209,0.04821875871465778,63.47237895889804,63.3996193520974,61.411027462250956,63.38008010582621,63.22348987121529,63.437303328167495,63.06877817801287,63.42867400087963,62.32490154928214,60.79109028634325,53.33645669986568,0.014675401203481613,0.0022425383589948725,0.01243286284448674,0.053278258772880685,0.0961193999999998,0.13896054122711887,0.037094999999999996,28.62700408676517,28.19306772224431,41.54251204666653,49.342558875514925,36.100154094565454,-0.00304300000000024,45.44416334027096,0.121227,1.4204756366156035,1
2021-04-10,0.122901,0.13198900000000002,0.119451,0.12599200000000002,0.12599200000000002,64214940.0,70,0.0989290361929654,0.10896292857142853,0.0975419047619046,0.12223139999999952,0.1128218333333334,0.09305023076923057,0.11077307692307713,0.09120959999999992,0.09833884999999977,0.07561030000000027,0.05633166999999984,0.03857534999999985,0.11033265034776517,0.1026065519356834,0.12200172804330366,0.11288149326042385,0.09805715144336803,0.1115883755743038,0.0948547413409937,0.10360383339981412,0.08253083549347356,0.06462957047348185,0.04899262181202437,64.46037132843435,64.15811204758727,63.68367661607132,64.48021151871916,63.88958253334775,64.47712588067772,63.68155795647845,64.21070182412313,62.79159821550314,61.13257830722005,53.59540685031038,0.014824341817055803,0.001913183178055252,0.012911158639000551,0.05408812117210519,0.09833884999999977,0.1425895788278944,0.027114000000000027,49.8570479683485,37.96616359490746,37.868758050629204,43.77232059499391,35.579588954547205,-0.0026660000000002237,47.734079836064154,0.122949,2.475009963480801,1
2021-04-11,0.126077,0.131723,0.121544,0.128658,0.128658,63451923.0,76,0.09905468619308633,0.11205057142857136,0.09978261904761893,0.12225779999999953,0.1163888333333334,0.0951386153846152,0.1140400000000002,0.0928478666666666,0.1009087499999998,0.07702440000000027,0.05740279999999984,0.03910356499999985,0.11277603030139648,0.10497486539607584,0.1242204853622024,0.11530864814343555,0.10032388096608152,0.11402689334940325,0.09703559673834894,0.10598994450459374,0.0843397439054942,0.06589746016707626,0.04978531214225298,65.34036115436561,64.82712609153938,65.80115992336137,65.46492057868565,64.47497500842233,65.40539159096514,64.21903684198146,64.90113564043996,63.198977139703075,61.42982829561135,53.821042042825184,0.014984767177354044,0.0016588868306827954,0.013325880346671249,0.05584984474605385,0.1009087499999998,0.14596765525394573,0.03695799999999999,68.21838096868044,48.90081100793125,40.5309264207522,39.980732172682494,33.27841718310948,0.005701999999999764,45.593398256626145,0.12599200000000002,2.1160073655470013,1
2021-04-12,0.128639,0.134296,0.120296,0.122956,0.122956,70116209.0,74,0.09918514184996301,0.1146768571428571,0.10195861904761892,0.12435639999999952,0.1183953333333334,0.0970359999999998,0.1168940000000002,0.09445699999999993,0.1033106499999998,0.07830398000000027,0.05840367999999985,0.039598234999999836,0.1141333595945436,0.10660951399643256,0.12379899024146827,0.11648516381367625,0.10200033422785323,0.11530248001377423,0.09870788081974577,0.10760575931368004,0.08585410688959247,0.06702733224297575,0.05051337868810121,61.83196898569074,62.2247044994724,57.23599599663965,61.513637488228284,62.2341852115174,61.69220917646419,62.185142724937585,62.206137468170006,61.724684626380274,60.431467097586186,53.264349218499156,0.01448482958582299,0.0009271593913213939,0.013557670194501598,0.05896956022266148,0.1033106499999998,0.14765173977733811,0.010436999999999988,49.39533223258513,55.823587056537896,46.302440797197406,41.56737508952612,27.26787303470785,-0.0006550000000001832,40.31664719820321,0.128658,-4.43190473969749,-1
2021-04-13,0.122716,0.124727,0.117106,0.12361099999999994,0.12361099999999994,74267544.0,74,0.0993012431413716,0.11737378571428565,0.1042773333333332,0.1248331999999995,0.1210545833333334,0.09899196153846132,0.11879653846153865,0.09576136666666657,0.1059680999999998,0.07968836000000028,0.05939557999999985,0.04009521499999985,0.1153970449819378,0.1081551036331205,0.1237363268276455,0.11758144630387987,0.1036011242850493,0.11648941144037787,0.10031453367008476,0.10913006795047242,0.08733476936451041,0.06814780091143167,0.051240718203642496,62.082547061012285,62.40632011909571,57.98978938158059,61.80055873182257,62.39011047864653,61.95937392941555,62.32677163622575,62.394485505798684,61.82901750931536,60.50593612419034,53.320090080357744,0.01398032201883058,0.0003381214594631848,0.013642200559367395,0.06358896475187535,0.1059680999999998,0.1483472352481242,0.022389999999999938,37.841768470040435,51.81849389043522,46.78790674528369,44.540424654410955,27.934833272911586,-0.0004730000000002788,43.05523762323866,0.122956,0.5327108884478626,0
2021-04-14,0.123671,0.135648,0.119838,0.124084,0.124084,82689669.0,75,0.09945586165649173,0.11917421428571423,0.10683076190476176,0.1250601999999995,0.1220183333333334,0.1009398846153844,0.12128761538461558,0.09728716666666658,0.10884504999999978,0.08124804000000027,0.06039893999999985,0.04059175999999985,0.11655530565101276,0.10960318512101863,0.12385221788509698,0.11858183918020605,0.10511837433800862,0.11757435266318104,0.10184804762685347,0.11055425195518934,0.08877591566394137,0.06925544841813601,0.051965526977735606,62.27417776313242,62.5425607471829,58.6218319170312,62.022056436471026,62.50619848976132,62.16458231825634,62.43176709093198,62.536052657682575,61.905503989373464,60.56007422700569,53.36046071150934,0.013463464842197431,-0.0001429885737359703,0.013606453415933402,0.07007602834895951,0.10884504999999978,0.14761407165104004,0.008537999999999976,37.63348074641353,41.62352714967958,48.589202077213365,47.22651653989801,20.557866405676574,-0.010936000000000263,45.2891394653825,0.12361099999999994,0.3826520293501945,0
2021-04-15,0.124093,0.138169,0.12296300000000004,0.13502,0.13502,78420002.0,79,0.09963049650635454,0.12226849999999992,0.11009147619047603,0.12686579999999953,0.12483491666666675,0.10318111538461518,0.12301846153846173,0.09930916666666656,0.11189674999999977,0.08297318000000027,0.06150347999999984,0.04114413999999985,0.11901726489754436,0.11191380465547147,0.127574811923398,0.1211107869986359,0.1073333095722302,0.12006658799701232,0.10398817358641133,0.11288432319755225,0.09058940916731624,0.07055771676629173,0.052791939644623816,66.47174335129337,65.5652242625177,70.80734161646448,66.83830029961737,65.09312483042095,66.64474481666463,64.77708011568843,65.67317367707182,63.62443564298471,61.7833996290904,54.27924248203081,0.013777477426405685,0.00013681920837782698,0.013640658218027858,0.07512392501727083,0.11189674999999977,0.1486695749827287,-0.0019669999999999965,85.04961306556515,53.50828742733959,55.6277150966567,50.33494130638445,34.28083059002284,-0.015429000000000246,47.84125031993813,0.124084,8.81338448148028,1
2021-04-16,0.134853,0.153909,0.12521300000000002,0.150449,0.150449,117285780.0,78,0.0999767714788908,0.12497778571428565,0.11373257142857128,0.1312239999999995,0.1277435000000001,0.10582903846153828,0.12680523076923095,0.1018699999999999,0.11551294999999975,0.08507566000000027,0.06274287999999985,0.04177459499999985,0.12320816291120512,0.1154170042322468,0.13519954128226533,0.125624358229615,0.11052706441873167,0.1244069325688677,0.10698564625825577,0.11646191146445205,0.09293684410193127,0.07213972237488,0.053763651687960885,71.29898018028312,69.23463596707815,80.51975827868192,72.22240035283137,68.29779776680697,71.73071707486513,67.71537581594339,69.46139628187223,65.8424412996556,63.40101618587328,55.521616756158295,0.015097293810883315,0.001165308474284367,0.01393198533659895,0.07849986567069381,0.11551294999999975,0.15252603432930573,0.021923,90.59859250604572,71.09389543934134,60.10375740412975,54.773558192666464,31.35280794855268,0.0067939999999997456,57.026191272873,0.13502,11.427195970967263,1
2021-04-17,0.15004,0.17392,0.141118,0.143655,0.143655,101880393.0,76,0.10033969798034513,0.12800878571428564,0.11685304761904745,0.13536379999999953,0.12829916666666674,0.10838269230769212,0.12896746153846175,0.1042332999999999,0.11842414999999976,0.08710054000000028,0.06389420999999984,0.042372589999999856,0.12593440785637774,0.117984094756588,0.1380180275215102,0.12839830311736652,0.11298098557289968,0.12715665648760088,0.10935141101578763,0.11905172942021852,0.09492579139205162,0.07355586648626852,0.054658092964697584,66.76394547749963,65.99069434133797,68.48073904336528,67.03080711432328,65.54611797248417,66.89380631665972,65.23905994144539,66.08922548254938,64.08729711189395,62.229551130748355,54.86189071305928,0.01541731754446683,0.0011882657662943064,0.014229051778172524,0.08222325001540498,0.11842414999999976,0.15462504998459456,0.031192,46.72967930439683,74.1259616253358,59.570626818492094,58.434033106426035,36.432165118395574,0.021566999999999725,48.31262756539599,0.150449,-4.515815990800864,-1
2021-04-18,0.143796,0.14564100000000002,0.101863,0.12208800000000004,0.12208800000000004,112835755.0,79,0.10051200095479372,0.12847607142857134,0.1185986190476189,0.13505919999999955,0.12776266666666675,0.11019692307692287,0.1278213846153848,0.10585496666666658,0.1202191499999998,0.08864562000000026,0.06483369999999984,0.04286804999999986,0.1254215534755274,0.11835717705144365,0.13270801834767348,0.1274274872531563,0.1136555792341664,0.1264325627036579,0.11017312643412393,0.11934089804686435,0.09599097604334372,0.0745168988330751,0.05532903731330757,54.8894853243657,57.09437218794621,43.630729417278616,53.74487328461687,57.86129361930754,54.36215163584856,58.25142888432102,56.88445159357303,58.995294519067,58.74921827758699,52.85814013796093,0.01377190801898992,-0.00036571500734608464,0.014137623026336003,0.08734070260885107,0.1202191499999998,0.1530975973911485,0.0008610000000000423,28.06805723246881,55.13210968097035,57.61588457097778,59.09675626453306,5.287917488441339,0.013045999999999808,46.30288219221007,0.143655,-15.013052103999136,-1
2021-04-19,0.121915,0.129647,0.105614,0.109042,0.109042,57802262.0,74,0.10056683790083994,0.12647999999999995,0.11968690476190462,0.13205079999999955,0.12747758333333345,0.11168076923076906,0.1263226153846156,0.10693143333333326,0.1213785499999998,0.08995784000000025,0.06562194999999983,0.04330415999999986,0.12323761301212376,0.11751034277403967,0.12481934556511565,0.12459895075267073,0.11331383262422813,0.12394819660313534,0.1101001505351482,0.11836005061382968,0.09650278090438907,0.07520056420271717,0.055863494653473664,49.21624459578185,52.6006145740637,34.53418879078635,47.566570114910185,53.892203469814966,48.44947770356452,54.596214309380905,52.2612856063035,56.238295463800824,56.80813722173644,51.709983900496425,0.011285118128442587,-0.0022820039183147345,0.013567122046757321,0.09217222617522174,0.1213785499999998,0.15058487382477787,-0.013906999999999987,9.962946001082503,28.25356084598261,52.08177762191157,56.42276300379366,-24.23236010787277,-0.00541000000000022,43.516947452588326,0.12208800000000004,-10.68573487975889,-1
2021-04-20,0.108586,0.120618,0.098801,0.114452,0.114452,60736967.0,73,0.10061000755051984,0.12547471428571425,0.12104871428571415,0.12793719999999956,0.1269130000000001,0.11352334615384595,0.1264756153846156,0.10802639999999993,0.1221572499999998,0.09129698000000026,0.06648206999999984,0.04376943999999987,0.1220661979438406,0.11723231161276335,0.1213635637100771,0.123037881406106,0.11339814131872974,0.12259159708840175,0.11038091501675154,0.11798785531727447,0.097206671849315,0.07597782035711881,0.056446464855926665,51.44596542555541,54.16776489449811,40.687785960380396,50.14143217789664,55.21515580972274,50.837434180408465,55.785087127020475,53.89291952213914,57.08656253847453,57.3976810309732,52.1432139706449,0.009639740087376251,-0.0031419055675048547,0.012781645654881107,0.09469869064134924,0.1221572499999998,0.14961580935865038,-0.011540000000000022,20.834941892197712,19.6219817085829,39.23884338723808,49.64550186004232,-12.5358510733054,0.0026099999999997514,45.424116431722624,0.109042,4.961391023642259,1
2021-04-21,0.114358,0.125967,0.111273,0.111842,0.111842,58743682.0,73,0.10067109630460587,0.12543035714285708,0.1216660476190475,0.12021579999999955,0.12598741666666674,0.11497934615384595,0.12575369230769254,0.10917913333333326,0.1231643499999998,0.09262256000000027,0.06735156999999982,0.04422166499999986,0.12070297155132853,0.11674228328433033,0.1181897091400514,0.12131543811285893,0.11328287159141645,0.1210559403614872,0.11047517856405788,0.11740253576324833,0.09778060628659677,0.07668800213222536,0.05699766421059405,50.30430410160511,53.27748152548563,38.58792553346526,48.886726095469854,54.43269370065835,49.642685578902466,55.06627938255449,52.975724993975064,56.54718508897765,57.01845840974565,51.9173830836113,0.008032566521442491,-0.003799263306750893,0.011831829828193384,0.09914749369776883,0.1231643499999998,0.1471812063022308,-0.016815999999999984,17.360454745137734,16.052780879472543,24.59121583505648,38.63727894806856,-0.6284343786999761,0.008641999999999789,44.66202806029352,0.114452,-2.2804319714815002,-1
2021-04-22,0.111324,0.119681,0.102129,0.1032,0.1032,51215799.0,65,0.1006969298327132,0.12414271428571425,0.12221366666666655,0.11212479999999954,0.12408808333333345,0.11594376923076904,0.12423453846153867,0.1101218666666666,0.12269839999999985,0.09369446000000027,0.06813906999999983,0.044631794999999856,0.11836924201115137,0.11551116662211848,0.11319313942670095,0.11852844763395755,0.11253599221427447,0.1185050917384176,0.1100058122050864,0.11604991330960562,0.09799313153025964,0.07721299218901298,0.057457388944817,46.633031807196225,50.403868050576534,32.021575029854716,44.86009946083088,51.90359030401803,45.80422662842928,52.74109207401214,50.01631916162418,54.79853947661611,55.78586681083354,51.1797782396698,0.005992455419683075,-0.004671499526808249,0.010663954946491323,0.0974803855834028,0.12269839999999985,0.14791641441659684,-0.019756,9.391545687446623,15.862314108260582,17.123589111666437,26.984549444653517,-18.26536298698006,0.009612999999999787,39.71525846043993,0.111842,-7.726971978326569,-1
2021-04-23,0.103228,0.104969,0.081212,0.093587,0.093587,68359455.0,55,0.10066360929853116,0.12204542857142853,0.12131214285714274,0.10642459999999952,0.1211655000000001,0.11625746153846135,0.12174184615384635,0.11089269999999994,0.12231669999999985,0.09460490000000027,0.06881765999999984,0.04499382999999986,0.1150649430763312,0.11351806056556225,0.10665775961780062,0.11469130184411792,0.11113236316136524,0.11494536434721507,0.10894653399830664,0.11391058823250033,0.09782034205848474,0.07753722996744837,0.05781688756228151,42.90146297200937,47.42313559317955,26.0944209203066,40.80950706045199,49.2597567067247,41.92124637048121,50.29977937851408,46.95278350456294,52.94104234532363,54.463133142839574,50.3796187045309,0.003558938682752672,-0.005684013010990922,0.009242951693743591,0.0955465862861484,0.12231669999999985,0.14908681371385127,-0.030023999999999936,25.549705791266643,17.43390207461689,16.619918823426,19.444907923382825,-27.547707954140293,0.008341999999999794,36.649768078306586,0.1032,-9.314922480620147,-1
2021-04-24,0.093972,0.094169,0.083812,0.085245,0.085245,35421782.0,37,0.10063369584119523,0.11913492857142853,0.12055138095238085,0.10166519999999953,0.11802291666666676,0.11622119230769215,0.11840238461538485,0.11151603333333328,0.12080164999999984,0.09530234000000028,0.06941909999999983,0.045321984999999856,0.11108895066615372,0.11094778233232933,0.09952017307853377,0.11016110156040748,0.10921478070496783,0.11070245515475577,0.10741740277260944,0.11118053221035744,0.09732719138952453,0.07768985907700385,0.05808980410395035,39.93062873171081,45.003658152401904,21.877514207700663,37.61643110174615,47.09783805441543,38.84388686404828,48.29517037682995,44.470866006396754,51.3989001887654,53.354339850312265,49.70193231470075,0.0009463208554396363,-0.006637304670643165,0.0075836255260828015,0.08939063541644454,0.12080164999999984,0.15221266458355512,-0.03883899999999999,9.01128365545748,14.650845044723473,16.429586354300998,16.724364763130993,-36.41864414354025,0.0008039999999997771,38.22324838625783,0.093587,-8.913631166721881,-1
2021-04-25,0.085178,0.093516,0.080499,0.084441,0.084441,26705154.0,31,0.10060846470624434,0.1159765714285714,0.11907019047619034,0.09566299999999953,0.11475875000000013,0.116166846153846,0.11543969230769252,0.11186453333333328,0.11817434999999984,0.09595036000000028,0.07001196999999984,0.045648499999999856,0.10753589057733323,0.10853807484757212,0.09449378205235584,0.10620416285880632,0.10737968583793317,0.10695081870407637,0.10593505420663464,0.1086339100950853,0.09682185055071968,0.07782354503587506,0.0583520050581399,39.647119603796675,44.77301693597549,21.47612166930368,37.31161359837522,46.891860059775965,38.550161938846266,48.104240776695725,44.23424148740962,51.25213268816553,53.24881247602978,49.63725773830511,-0.0011755229791268614,-0.00700731880416773,0.005831795825040869,0.0838119671571002,0.11817434999999984,0.15253673284289948,-0.050579,8.669833729216155,14.410274391979982,13.996564721704686,15.682023299810412,-40.18886959999271,-0.01689900000000022,35.169799153831136,0.085245,-0.9431638219250416,0
2021-04-26,0.084727,0.101931,0.084102,0.10134,0.10134,40779119.0,27,0.10059568194254427,0.11443257142857136,0.1173727142857142,0.09356259999999952,0.11286341666666674,0.11626153846153828,0.11372653846153867,0.1126383666666666,0.11681504999999985,0.0968654200000003,0.07077011999999984,0.046057444999999864,0.1067097718336888,0.10788370440688372,0.09677585470157056,0.10545583011129764,0.10693230170178998,0.10614927317492262,0.10563859909652916,0.10793925199079146,0.096999032882064,0.07828921741140228,0.058779746301342486,47.96684906341309,50.37333319110871,46.31806964684724,47.07670384058548,51.51972135843246,47.53088847250201,52.20789810244465,50.094621366167495,54.064241327762716,55.13268617048544,50.98455759955566,-0.0014764715904923287,-0.0058466139324265575,0.00437014234193423,0.08202860924486621,0.11681504999999985,0.15160149075513346,-0.049109,53.1902404165178,23.623785933730364,21.1625218559807,17.196224310661975,-17.832040917340343,-0.021712000000000203,44.27285922910262,0.084441,20.012789995381386,1
2021-04-27,0.101612,0.127531,0.100189,0.123052,0.123052,79936477.0,50,0.10068017125697837,0.1143926428571428,0.11711204761904752,0.09753299999999952,0.11186608333333344,0.11746738461538445,0.11364715384615405,0.11389239999999995,0.11734449999999982,0.0981965000000003,0.07174574999999984,0.046573149999999855,0.10888873558919697,0.1092626403698943,0.10553456980104704,0.108162933171098,0.10812635342758332,0.10856394843564796,0.10676204431610793,0.1093785613250018,0.0980207178670811,0.07917560914582995,0.05941927121376694,56.265980522388475,56.33342045378663,63.917554099262325,56.50671686427852,56.569197640764656,56.356314087119806,56.748558938062935,56.29123994375485,57.29285450544781,57.362219273847224,52.62116372020513,3.6579743514703056e-05,-0.003466850078735621,0.0035034298222503244,0.08251465482150684,0.11734449999999982,0.15217434517849282,-0.02060300000000001,90.47669671712872,50.77892362095411,37.37955206191712,24.179546213200684,-0.3928955488237079,0.00863299999999978,47.450674355503864,0.10134,21.424906256167354,1
2021-04-28,0.123258,0.125985,0.107565,0.114419,0.114419,53731912.0,59,0.10073323533031107,0.11370228571428564,0.11720519047619035,0.10169939999999952,0.10886358333333344,0.11754046153846134,0.11206246153846176,0.11483343333333325,0.1170040999999998,0.09922584000000027,0.07263126999999985,0.04704568999999985,0.10962610417730403,0.10973140033626756,0.10849604653403136,0.10912540499092907,0.10859247539591048,0.10940038437341254,0.1072560414570042,0.10985860310357308,0.09866378775464654,0.07987349807363531,0.05996653219671452,52.68606008472496,53.6495067849992,55.27152959721108,52.47886182788534,54.23667116227255,52.570000957152274,54.61654752310297,53.51696137970454,55.704962045492536,56.23991201335324,51.928307084094236,0.0005329295950186053,-0.002376400181785375,0.0029093297768039805,0.0822009593437783,0.1170040999999998,0.1518072406562213,-0.007669000000000038,72.12110903214834,71.92934872193149,46.69383271009345,35.078635542663605,-6.424616284557617,0.004021999999999776,49.318978625762654,0.123052,-7.015733185970152,-1
2021-04-29,0.114255,0.11525,0.105242,0.110397,0.110397,28410733.0,52,0.1007507294968966,0.11194349999999996,0.11668947619047608,0.1067297999999995,0.10609208333333343,0.11789338461538446,0.10898153846153867,0.11565153333333325,0.1163764999999998,0.10020092000000028,0.07346507999999984,0.04749750499999985,0.10972889028699682,0.10979190939660688,0.10912969768935424,0.1093210349923246,0.1087261438851023,0.1095427580343536,0.10745868394364907,0.10990987899847086,0.09912391372505257,0.0804779238543554,0.060468327896249716,51.06429345779361,52.430324406626795,51.385563485439214,50.65643211928329,53.17587497573349,50.85573236541037,53.64627216671835,52.25709598496972,54.98083880832603,55.726870882716725,51.610133367418975,0.0005948911072223144,-0.0018515509356653327,0.0024464420428876475,0.08157204581742047,0.1163764999999998,0.15118095418257912,0.0013549999999999949,63.569484606225565,75.38909678516744,57.605472900247065,47.2262858907524,-17.156135253583027,0.0,52.75833009186442,0.114419,-3.5151504557809576,-1
2021-04-30,0.110399,0.131299,0.107851,0.13087200000000002,0.13087200000000002,62350897.0,51,0.0,0.0,0.0,0.0,0.0,0.0,0.0,0.0,0.0,0.0,0.0,0.0,0.0,0.0,0.0,0.0,0.0,0.0,0.0,0.0,0.0,0.0,0.0,0.0,0.0,0.0,0.0,0.0,0.0,0.0,0.0,0.0,0.0,0.0,0.0,0.0,0.0,0.0,0.0,0.0,0.0,0.0,0.0,0.0,0.0,0.0,0.0,0.0,0.0,18.54669963857716,1
