Date,Open,High,Low,Close,Adj_Close,Volume,sentiment,VWAP,SMA_14,SMA_21,SMA_5,SMA_12,SMA_26,SMA_13,SMA_30,SMA_20,SMA_50,SMA_100,SMA_200,EMA_14,EMA_21,EMA_5,EMA_12,EMA_26,EMA_13,EMA_30,EMA_20,EMA_50,EMA_100,EMA_200,RSI_14,RSI_21,RSI_5,RSI_12,RSI_26,RSI_13,RSI_30,RSI_20,RSI_50,RSI_100,RSI_200,MACD_12_26_9,MACDH_12_26_9,MACDS_12_26_9,BBL_20,BBM_20,BBU_20,MOM,STOCHF_14,STOCHF_3,STOCH_5,STOCH_3,CMO,DPO,UO,lag_1,pct_change,trend
2018-02-02,-11.751301643113122,-14.102085947715281,-35.184855209801356,-19.26326237443132,-19.26326237443132,53.40637484104233,-50.0,-13.423206703294033,,,,,,,,,,,,,,,,,,,,,,,,,,,,,,,,,,,,,,,,,,,,,,-124.47017060506515,,inf,,-1
2018-02-03,-18.62882566731286,-9.508521631637693,17.60165615601857,5.838424124821042,5.838424124821042,-64.6512468320022,166.66666666666669,-1.3887172089393696,,,,,,,,,,,,,,,,,,,,,,,inf,inf,inf,inf,inf,inf,inf,inf,inf,inf,inf,,,,,,,,,,,,,-459.5106636353792,,-19.26326237443132,-130.30859472988624,1
2018-02-04,4.533655581537693,-3.805206828034696,-8.091212087939345,-19.831887606563246,-19.831887606563246,11.644142730313602,-40.0,-2.7066715652487647,,,,,,,,,,,,,,,,,,,,,,,-6.206293858769298,-4.157751385047347,-16.755737163126437,-7.221231595815504,-3.3638540931250724,-6.675545147072852,-2.9179565233979208,-4.363647831579195,-1.754571317340977,-0.8785698179013486,-0.439582617292468,,,,,,,,,,,,,2.3684052035654997,,5.838424124821042,-439.67877602881583,-1
2018-02-05,-19.575785418524543,-14.053376836002363,-24.75769499050048,-25.323768339423204,-25.323768339423204,210.4855034920941,-54.166666666666664,-10.794964285316343,,,inf,,,,,,,,,,,inf,,,,,,,,,-6.373256724447699,-4.268569802092627,-17.069637115283463,-7.414506705080671,-3.4525065170351907,-6.8548448368726,-2.9942139707401942,-4.480209192259657,-1.7990890131958501,-0.9001945775968735,-0.4502076477991732,,,,,,,,inf,,,,,-140.17708747003195,,-19.831887606563246,27.69217354298866,-1
2018-02-06,-24.81369752542525,-21.020397712725057,-16.46759951650242,13.62461968177963,13.62461968177963,17.36273520434393,-27.27272727272727,-8.821475852464406,,,-10.852452251749442,,,,,,,,,,,-8.225796994493237,,,,,,,,,174.3372125442338,165.24134505386695,228.47295622552105,178.9898514978564,161.81607348339907,176.47581930499123,159.91541888243083,166.13851849279243,155.03189458644988,151.42379944399175,149.6370938349459,,,,,,,,1307.0741524430978,,,,,-150.41367696588048,,-25.323768339423204,-153.80170715181154,1
2018-02-07,12.347677548142336,11.131138400093322,22.673705638535292,-6.045055880881091,-6.045055880881091,-52.02450111371103,350.0,-2.211392544886097,,,-7.594887882197883,,,,,,,,,,,-7.629191031569955,,,,,,,,,-1.4218088828893212,-0.9235342187902794,-4.397795775636928,-1.6787523315353468,-0.7379284559140102,-1.539788396243349,-0.6355593996827735,-0.9723631463332645,-0.37493692853909105,-0.18497725777890972,-0.0918510160891611,,,,,,,,-5.952949303784457,inf,,,,-262.5299542516898,,13.62461968177963,-144.36862108499972,-1
2018-02-08,-5.354743467345574,-4.463580743904199,7.028504880767324,10.457168220150916,10.457168220150916,-35.31471262572194,-16.666666666666664,-0.9713742609908248,,,-7.905402964586311,,,,,,,,,,,-2.596276876991749,,,,,,,,,56.80727326761066,54.196605617655116,70.2017553826092,58.09884652084022,53.183358370511435,57.40456708224523,52.61386690963879,54.45924733403358,51.126625007893225,50.005397826744236,49.44306801432457,,,,,,,,54.85383245831594,68.86689731032546,,,,15.820748816013047,,-6.045055880881091,-272.98712247183914,1
2018-02-09,10.548117291589804,6.804219405847078,1.970737812481042,10.964947529153994,10.964947529153994,-18.575751333612722,46.666666666666664,-0.37463078807749045,,,-0.5351164154958004,,,,,,,,,,,1.683150097913642,,,,,,,,,42.59275145494221,41.21245643785672,47.574062078408,43.228172378209536,40.64308111287643,42.89057011574513,40.315017149992855,41.35701425504218,39.43153919200505,38.74054714177751,38.38613025552659,,,,,,,,85.28716686114879,50.00075528346068,inf,,,-160.1666473787748,,10.457168220150916,4.855801286858982,1
2018-02-10,10.191365326123695,8.075398338034615,6.4157579698927725,-5.945338110848527,-5.945338110848527,30.77557215948496,22.727272727272727,-0.2665223167865239,,,4.053412182057837,,,,,,,,,,,-0.9438616607736514,,,,,,,,,-1.8419622214782567,-1.1488463761856316,-6.666682556378888,-2.216130604447557,-0.9027517998125293,-2.012441540753126,-0.7700688627981866,-1.2147305655698843,-0.44264820859652537,-0.21398126753307867,-0.10514608964869565,,,,,,,,-9.136604779420702,29.663276934720134,38.61003287528308,,,-33.95524780406567,,10.964947529153994,-154.22130926792715,-1
2018-02-11,-5.3050662270697115,-10.956705757869678,-3.691223177628012,-4.174789153086401,-4.174789153086401,-33.94103128543793,-42.592592592592595,-0.4268840277394056,,,0.7273394921930416,,,,,,,,,,,-2.000313449051299,,,,,,,,,-1.2866433418418317,-0.788615250161963,-5.018438894329545,-1.56085869931993,-0.6153418352182418,-1.4111528590766382,-0.5227955587257676,-0.8353423324059692,-0.29730628469045955,-0.14253318479962016,-0.06974201828694236,,,,,,,-inf,-37.254519111274206,1.2426377980048395,6.299777347370229,inf,,-195.61207649743105,,-5.945338110848527,-29.780458650978797,-1
2018-02-12,-4.273158250575898,0.9031133644933866,5.561588131465475,4.165503590732598,4.165503590732598,-23.391632754041744,35.483870967741936,-0.20572786445111133,,,2.697041832744283,inf,,,,,,,,,,-0.028943185433672455,inf,,,,,,,,13.417436947047593,12.431162994031206,18.72958497490005,13.910174120726198,12.05198460705241,13.644911827028894,11.839805545513983,12.52978738251857,11.289055911426093,10.877281065719949,10.671955723510445,,,,,,,-54.89306962534168,6.333850767942514,-15.885449566789433,7.654133305969552,15.188389398650823,,-176.32246928621836,,-4.174789153086401,-199.77758008816,1
2018-02-13,4.1382606194914775,-3.0222972442490534,-2.335002603383973,-3.0520806688023505,-3.0520806688023505,-4.556808520454231,-16.666666666666664,-0.2622499664122403,,,0.19190169943324392,-4.812373282518545,,inf,,,,,,,,-1.0360721828154147,-1.5324687304113227,,inf,,,,,,-1.0526094870766636,-0.6227403933674254,-4.749530518701193,-1.298410093303198,-0.4789959620637477,-1.1634856537206992,-0.40363052670414745,-0.6620587084443199,-0.22456178052235745,-0.10584409209009468,-0.05134259517462729,,,,,,,37.06117210894049,-32.386046528299175,-23.92004995131536,-3.581026078522872,3.2232493720149504,,-583.5040574697523,,4.165503590732598,-173.27038861742,-1
2018-02-14,-3.330125042134198,11.922717281746758,3.17361246559608,15.221506529186602,15.221506529186602,75.19870179194145,57.14285714285714,0.030293018015645046,inf,,1.0384449735492831,-1.363492458072989,,-3.4140980108446293,,,,,,inf,,4.269651598748664,0.8244353103882881,,0.6493286313517003,,,,,,46.96044515328182,43.089642133448514,63.216653836420875,48.814863926889004,41.55505548809027,47.82382977694659,40.68728633508884,43.48501922045274,38.410081990076314,36.68961587190363,35.82775073672794,,,,,,,-106.90795975905367,174.23566270153904,34.92282267011213,3.550760513042829,2.403143184388358,,-109.45384509561083,,-3.0520806688023505,-598.7255639989212,1
2018-02-15,15.569008179400672,0.22532053020849732,8.846523859736077,-1.2489141062594713,-1.2489141062594713,-22.64912460487005,29.09090909090909,0.10616599736983869,-3.252935674748647,,2.0058405831253605,-2.1156484419634194,,-1.3539524225149935,,,,,,0.3874029208801493,,2.2794795796583625,0.49111307853604913,,0.36765425618455205,,,,,,-0.5210445535333711,-0.3019406262137384,-2.3922241745870956,-0.6479568696807945,-0.23003809497937544,-0.5781975631318222,-0.1927368223240355,-0.32175611907710866,-0.1055122846109191,-0.04907562032654107,-0.023639251436667435,,,,,,,972.1837349397623,4.515686631698598,26.568043001018317,7.3562461707416285,2.4259802480731083,-inf,-199.33061699652058,,15.221506529186602,-108.20493098935198,-1
2018-02-16,-1.3089928279842984,0.6044356555691013,-2.570871687990881,1.2562434896552228,1.2562434896552228,-5.7080254777070065,-5.633802816901409,0.08650477997408536,-1.1556418111626583,,3.0476800211935666,0.22625169295556058,,-1.8345986548914777,,,,,,0.506154197875711,,1.923197795776924,0.6119894652503193,,0.4973855487697962,,,,,,3.25143803354392,3.0002015108582114,4.060093207269108,3.3659806643446157,2.896690761412016,3.305282699190311,2.8373014535779104,3.026537245285369,2.678800940605968,2.5567799187277926,2.4950032805791373,,,,,,,-33.57493011953418,2.7849015899777596,29.446908331969368,16.407009581115137,9.344078668451033,-58.09283678871595,99.09170817461994,,-1.2489141062594713,-200.58686048616357,1
2018-02-17,1.3340896366797148,3.1614854031485886,6.987569027943945,2.4700468200191916,2.4700468200191916,10.349206692317669,10.44776119402985,0.23843001871406747,-1.499571381283937,,2.723872060647477,2.777019659965984,,0.419162331645132,,,,,,0.7765781104580145,,2.112359832124691,0.907407630129087,,0.7875627345071551,,,,,,6.602602440148815,6.016979608201242,8.500073428417485,6.872166077502208,5.778227609293216,6.729140711405311,5.641955383281741,6.077969225903226,5.280903040841624,5.005646879735956,4.867211533309105,,,,,,,43.489109748361095,-2.553903712736685,1.5011700046308836,12.614170383348297,12.25726997552045,32.98603698856087,-459.49963208239876,,1.2562434896552228,96.62166135460605,1
2018-02-18,2.71556204973866,-1.3083826193381998,-6.553783606654495,-8.665760879205084,-8.665760879205084,-14.622010881542025,-14.864864864864865,0.019570492952340923,-0.31640570472360313,,1.3920389583208106,0.9844199616481966,,1.7731325279081964,,,,,,-0.545460893688092,,-1.6289890140105345,-0.6382299532858849,,-0.6262284290577468,,,,,,-4.286396422170247,-2.3860952775969273,-21.13495739835922,-5.420136645819078,-1.7857901524371451,-4.794704455893364,-1.4805530051891014,-2.553952422562786,-0.7872289790928686,-0.35765582616594754,-0.17018429911503355,,,,,,,-68.98431973591137,-56.43383528231804,-18.605431995104794,2.017543764660645,9.708148469921694,-76.04410267627611,-141.19862452923033,,2.4700468200191916,-450.83387120320924,-1
2018-02-19,-9.219750237978113,-2.872704725130704,1.1879242232726956,3.9089111833545083,3.9089111833545083,-27.81330840135137,6.349206349206349,0.026321129254358512,1.9315735941150964,,-0.5577218619330168,1.7582784569801495,,1.2146723341793595,,,,,,0.027282617385313245,,0.1558406111349818,0.03661607431638005,,-0.002847888957289961,,,,,,10.29809399938404,9.09713351683476,16.723289493040987,10.888006788823546,8.63035835632141,10.571338737658307,8.36863812970366,9.21821283065386,7.68975969307111,7.185025688150751,6.935063295377346,,,,,,,-75.3539865057493,9.749074711460832,-22.262497306842928,-10.805750540666867,0.7547756832039215,-870.8811154398079,-306.4686009538867,,-8.665760879205084,-145.10753571258323,1
2018-02-20,4.490615315648949,-1.9935434727411228,-4.079946430879,-7.767066501698901,-7.767066501698901,62.53347212179482,10.44776119402985,-0.11102690150714037,0.5354436745309754,,-1.842043053647156,0.3337116971263691,,0.9883616062621128,,inf,,,,-1.013806397941054,,-2.4933470231412707,-1.166367392730944,,-1.1118324428160136,,inf,,,,-3.9457685638942244,-2.1572973904324866,-18.98834823958029,-5.018009312821298,-1.5997014100437075,-4.426530220112234,-1.3187049735886627,-2.3141317783927717,-0.6896020347357271,-0.3089265306858037,-0.1458976656590131,,,,inf,inf,inf,-99.90360516676297,-90.21026235907843,-49.80633976128517,-24.1619348236999,-10.577091450900266,-70.86689809900868,37.07108138023988,,3.9089111833545083,-298.7015344521964,-1
2018-02-21,-7.6622334968570085,-8.393228569102202,-11.495721610764564,-11.542950702741262,-11.542950702741262,-4.074309459789783,-27.027027027027028,-0.4050789203872489,0.11896296683686775,inf,-4.277032493555848,-1.418942042427899,,-0.5430311254874156,,-3.278551411600364,,,,-2.324232348766993,inf,-5.355609700312263,-2.659147035835235,,-2.5014660343787924,,-1.6744992635270368,,,,-5.47742232271208,-3.0047591679178596,-23.79967792781514,-6.934692747804387,-2.2263678991521125,-6.1334497696672905,-1.8335676171019326,-3.2232519130906114,-0.9549427859699515,-0.4258620840945626,-0.20058029242475076,,,,7.171092264401977,-3.278551411600364,-8.572169227223494,-363619.99999963696,-50.59769254667128,-42.94560314065847,-33.583761550390264,-21.4431101170545,-79.12179465135372,-122.3825574046779,,-7.767066501698901,48.61403208298076,-1
2018-02-22,-11.885292263934442,2.0786535011878176,-3.2989995064416253,2.920748078033222,2.920748078033222,20.690973213193622,-18.51851851851852,-0.4395737940102943,-0.3307121995057356,-3.033196049280098,-4.50115772135279,-0.721805670266546,,-1.1340149435248696,,-1.7915542797221782,,,,-1.733067103085026,-1.3144394632317349,-2.909044722954917,-1.929681693188307,,-1.8461052348503724,,-1.3076613442031804,,,,7.178085137930395,6.006721839854307,17.070558332794562,7.810509129915016,5.584593115127874,7.465612529796045,5.35454817987276,6.118913695899114,4.777467443572476,4.364905584396604,4.165360155356134,,,,0.28825929755936847,-1.7915542797221782,-3.0265764443410115,19.113116197182947,871.8207659161876,-46.23666694070546,-39.08161991637627,-30.64281532243068,-399.6123000421701,-61.33333333332999,,-11.542950702741262,-125.30330548271,1
2018-02-23,2.9715999229704018,-6.834058283629065,3.325685338268758,1.0973063688284965,1.0973063688284965,-46.011443531870874,-11.363636363636363,-0.24439262963485706,-0.992779986835786,-1.6701988025582524,-2.499248751692883,-0.30711122354019416,,-0.5974714940651502,,-2.1424343479596857,,,,-1.3989456968570266,-1.1243927318691938,-1.6536200385122508,-1.5143886222332557,,-1.4730697102474104,,-1.1074475143703393,,,,2.724008813044073,2.272824898396574,6.186795208999347,2.963992143251349,2.108529489750743,2.8334587086661345,2.0187228506834796,2.316362258193032,1.7928687187566055,1.631163440654506,1.552959114375437,,,,4.33273533768388,-2.1424343479596857,-6.118914890802171,-46.106235565819944,30.80747071618565,83.87698411975275,-11.72590624794142,-31.07397170423437,236.96784700539752,-568.8438133873495,,2.920748078033222,-62.43063970216236,1
2018-02-24,1.0771265345379597,-0.961791719415068,-1.4334319731502712,-5.088813153329287,-5.088813153329287,-7.999812284420389,-20.51282051282051,-0.2541567602810642,-0.8877593709356736,-2.269689623091488,-4.388966197411443,-1.014384916543061,,-0.639507175746169,,-1.0750794630574205,,,,-1.8455566267703232,-1.443810442812061,-2.760177626421021,-2.0177929073642944,,-1.943268421158664,,-1.4462861191711458,,,,-2.6136331608583467,-1.3690814227929873,-13.239172964731925,-3.376230657866322,-0.9944067972712445,-2.9546613870107463,-0.8094557927812385,-1.4759711029728726,-0.4082794100864985,-0.177482381614687,-0.08249557274991433,,,,-1.6626821945262031,-1.0750794630574205,-0.6740520997969792,410.54165238258565,-63.102029534272134,15.751033927504634,-34.65371989261554,-30.21047806569152,-9.49884451703687,-97.85411438955006,,1.0973063688284965,-563.7550002340989,-1
2018-02-25,-4.856870985647454,-6.212842619997459,-2.2729827453772207,-0.11505504548848311,-0.11505504548848311,-41.614197662061635,6.451612903225806,-0.16945003528515193,-0.6070471567761415,-1.034811689491886,-2.777242981162403,-0.7824690660873392,,-0.9546682012005367,,0.3041006466168188,,,,-1.6430225888508287,-1.3407106410829317,-1.9285250939839744,-1.7582196646796597,,-1.7131503634307703,,-1.3371775962020418,,,,-0.060055602189996345,-0.030768447609551025,-0.33975871386622886,-0.0784259972061557,-0.022154647322402323,-0.06823426671745722,-0.017945774140133302,-0.03324522796127325,-0.00893563476664031,-0.0038465066152153734,-0.0017790802762149534,,,,1.621972781913023,0.3041006466168188,-0.5863689922998676,-5.351687090817565,54.790256643467195,-9.06215789623233,17.370252465618773,-13.13083719217829,-28.260501133169292,-2496.774193551447,,-5.088813153329287,-97.73905934405892,0
2018-02-26,-0.5139531330305177,2.2735380478033,0.17301286813159159,2.760786062303449,2.760786062303449,-8.37989233549274,12.121212121212121,-0.13973071274173096,-0.7235685571529944,0.4081028320822423,0.27060587920565593,-1.8100450545795215,inf,-0.5451976944255398,,-0.1343025662209505,,,,-1.1196037837361787,-1.018516820317514,-0.42689663597436456,-1.1314215744338245,inf,-1.1408576110965172,,-0.9971455627823244,,,,7.745675180993014,6.107742720932585,22.909685256135887,8.661232060970251,5.539969431279417,8.159589597153456,5.236343369665989,6.260826294484476,4.494295637982756,3.9824259782065474,3.74084332114064,-inf,,,-0.46548562001402216,-0.1343025662209505,0.09444455261978887,-4.489021318860542,89.43725549202436,4.224508390221766,36.04735369571212,1.7948711393331165,21.22746142223456,-116.06662180349376,,-0.11505504548848311,-2499.5349796106466,1
2018-02-27,2.691017066688998,1.2244149595067018,3.8580778504995044,-0.4316481728400443,-0.4316481728400443,73.70270480743405,18.91891891891892,-0.21794851584891897,-0.5378870792154979,-0.1471854503383215,-0.39416873066976976,-1.7585190294937425,-2.5930679583633367,-1.7146735008842433,,0.12821098834786585,,,,-1.0346273465945137,-0.9706550002925356,-0.4284669008531315,-1.0305401207408784,-0.9973392107456722,-1.046557213653337,,-0.9484418537601167,,,,-0.2607660659879251,-0.12887292265492,-1.6873417349876643,-0.34615861543287807,-0.09141384361973585,-0.2985675927346313,-0.07340909371985903,-0.1397763557889412,-0.03570875031863245,-0.015093541939053146,-0.006916131628017353,-0.5726784764063878,inf,-inf,0.555071593649597,0.12821098834786585,-0.16497102988464513,14.391561902285838,52.09235714605535,63.13284644445475,23.269022745584643,25.682284673890234,-23.19719474558751,-187.4345549738695,,2.760786062303449,-115.63497363065909,0
2018-02-28,-0.17992703211039485,3.5170418148483047,-1.735765616362641,0.37904580325932846,0.37904580325932846,45.69060166886254,-6.8181818181818175,-0.29253820084978494,-1.5797303919776269,0.13904777183295958,-0.5439789866401729,-1.8797871076927264,-1.478131575673724,-1.6086898141342663,,-0.3130442757442928,,,,-0.8589461970646882,-0.8599816087722345,-0.16161254153650362,-0.8261002615289581,-0.9082232038192042,-0.8558232509749047,,-0.8335148909799247,,,,1.1395416368521154,0.8797687590609258,3.40498723602168,1.2848260291146743,0.7902637955258186,1.2052618024643988,0.7426180046935291,0.9039732105084592,0.6270453936807566,0.5482488114667126,0.511384353132832,-1.953790714879532,319.2133380271894,-0.4806994839174199,-0.9229147148037126,-0.3130442757442928,0.10885605784078772,-41.01069787828117,11.679034434409973,38.39780894306651,17.94831953070074,24.22388853671473,274.58332009660165,2094.3712574845435,inf,-0.4316481728400443,-187.81360077708143,0
2018-03-01,0.3028404344193822,4.918144727632772,3.4156540654065344,8.28626342566422,8.28626342566422,28.636472110227718,-7.317073170731707,-0.2288009249332266,-0.9582538999759561,0.059360872783082386,2.185530996515807,-1.5065924735335663,-1.502685396587615,-1.1528182733079593,,-0.4700963520917113,,,,0.2917464867453101,-0.10063053305202597,2.6452294958942346,0.5115751237983167,-0.305179599248866,0.38254729103082213,,-0.034317859133929096,,,,24.993498333631276,19.496234883661003,58.43376160318194,27.89049540416442,17.52115828362967,26.320540850023967,16.456455550469855,20.02401554394126,13.844349637200226,12.047471048828026,11.204702101723653,-10.823485987775085,419.49886092094187,-2.5092904898385093,-0.14772092173694434,-0.4700963520917113,-0.6908129246246788,-22.728273432770074,70.40853363387457,44.89843528803301,50.18194248064562,32.10390522662556,-46.617356563975505,-151.96201495388118,14.439027344278237,0.37904580325932846,2086.084994059387,1
2018-03-02,8.098137292623868,-2.166856492027334,3.031759127462637,-3.976228659249608,-3.976228659249608,-47.832136423330226,23.684210526315788,-0.129551828851635,-1.3557359374925253,-0.634418510700938,1.308920905416019,-0.9923923553785401,-0.6162093820403755,-1.7000588889616082,inf,-0.3469542876997353,,,,-0.28807691918148365,-0.4494085775856733,0.32431746300263026,-0.19818376528331413,-0.566703985513374,-0.25437284616963884,inf,-0.4085135718974399,,,,-2.928571695215409,-1.4162154062299555,-16.380653971551528,-3.8998577334894327,-0.990937235894735,-3.360114197692287,-0.788759796205112,-1.540783627423923,-0.37359995764454534,-0.15432098238093703,-0.06984400903376285,-5.915808361054719,21.235435267461956,-3.1204504129325397,-0.5685073292058925,-0.3469542876997353,-0.19443692743245675,-40.09402044232347,-31.425977756808088,7.588164864156088,19.06585795093113,28.072356460684528,34.29270558969322,39.25007877323891,-8.33678446225534,8.28626342566422,-147.98578629463336,-1
2018-03-03,-3.74280270513599,-2.4788680861325565,-8.599297801008436,-5.766177960831043,-5.766177960831043,65.85249445520648,19.148936170212767,-0.32132041817674034,-1.984526522983033,-0.5923956132704833,-0.4042277844766183,-1.8512849390991946,0.2602061223626282,-1.3577018980002913,-2.327492952695895,-0.40938464558091187,,,,-1.0047738852306702,-0.9109313540761043,-1.7189734692050385,-1.0454425256715396,-0.9244117236720077,-1.0297253274645752,-0.882043247456855,-0.8988837658538038,,,,-4.186408958489114,-2.0241705364826577,-21.489863785984994,-5.556222990908866,-1.4127097532328325,-4.797158641897041,-1.1222234684173877,-2.203185736969373,-0.527842043169891,-0.21657096261877423,-0.09764868093534305,0.9391228233344265,-25.0800263318149,-2.4131415119728503,-1.1733871161233942,-0.40938464558091187,0.11458428593789012,-90.50591522501642,-58.73358278190809,-13.37011752429155,-1.988381354638378,17.54320486446042,38.3052770751747,-183.40624528586835,1.6170771335399323,-3.976228659249608,45.0162567340692,-1
2018-03-04,-5.882097038722393,-2.909388576471652,0.8847555369426383,5.103637345443965,5.103637345443965,-50.33381294964029,-21.428571428571427,-0.14595411590946733,-0.9231041456800957,-0.1726904900942233,0.6596248732769635,-0.7054442822889947,-0.0012672559353276746,-1.3428516094987468,-1.2060274995591158,-0.3859331884871356,,,,-0.24405123277140686,-0.41441807838338796,0.4756767203676409,-0.15439999619277772,-0.5299672719527282,-0.208228285670716,-0.5456999037116016,-0.3764749281653688,,,,13.803131975477068,10.892117576718945,30.971633098231894,15.271472542261852,9.799385258392162,14.48031047376787,9.20010725224132,11.179827035473368,7.702662499964839,6.654411700955778,6.159253052413034,-6.198955508024443,25.177687571282657,-3.0954113999693047,-0.6094926048194776,-0.3859331884871356,-0.23458392803580871,-293.2373199749549,123.85752688171993,-18.61752344990132,3.5058777149259113,6.1917485319023635,-50.049754172459615,-222.03834328087785,12.534464567608142,-5.766177960831043,-188.5098826313091,1
2018-03-05,5.287825982454034,1.1614784369003273,2.220165188306089,-5.925955200744743,-5.925955200744743,12.187673609335963,25.0,-0.17013124722279094,-1.6698683312189357,-0.6363581867473808,-0.6073684284727323,-0.15067452435181378,0.00316015927843534,-1.112022330732602,-1.6607590936549326,-0.5121885301241066,,,,-0.9895911712331014,-0.8946161289908544,-1.6784051932414625,-1.0347795911689641,-0.9030503295743527,-1.014820043851393,-0.8651965938365462,-0.8860227769150341,,,,-4.502997585711607,-2.1736541222261008,-20.586334214401365,-5.944420879082504,-1.5088430969648121,-5.1495166488304305,-1.193602803962425,-2.3681878575387003,-0.5534052109031774,-0.2239610537459644,-0.10020805387651437,1.2134645500657146,-26.626944321451397,-2.3437465271679674,-1.3417784205264782,-0.5121885301241066,0.04733154935931848,-517.1743357096556,-67.52226558591,-29.959085343744675,-11.949989622864658,-3.5648283554976588,74.93585268496699,86.81733975546702,-12.136134660039154,5.103637345443965,-216.11238808013815,-1
2018-03-06,-6.337088319738703,-6.3723021895021965,-11.969266962918704,-11.76808319952202,-11.76808319952202,90.54042285156447,7.2727272727272725,-0.5098562851364902,-1.8394506024649073,-0.9939017069507518,-4.470466833864801,-1.332455503766969,-0.7602750053737195,-1.0114036671293953,-1.1120986106115303,-1.8061053653064072,,,,-2.3333582364064966,-1.7938823256471899,-4.926806857933787,-2.591095473302054,-1.6161908821702133,-2.45650472995335,-1.479592965854091,-1.8343947415041437,,,,-8.268043928895231,-4.080540851032239,-31.57743249807805,-10.73870746791948,-2.8439472832536077,-9.387627238252731,-2.252288662061552,-4.439177510910209,-1.0435296555977758,-0.42080382204890776,-0.18778874098716128,13.699813763435253,-123.20543690792707,0.5569296407577473,-3.0680058592392503,-1.8061053653064072,-0.9668287763965244,106.0587230076123,-95.12786334924408,-24.323540771075972,-35.25642470733635,-13.913351101395893,5.066358484022623,-50.72389036531718,-11.89342342561743,-5.925955200744743,98.58542295498674,-1
2018-03-07,-10.827697081335456,-7.621515865215218,-12.490057797338151,-6.572285619058195,-6.572285619058195,0.48789302493675457,-37.28813559322034,-0.6470252950199407,-1.3526169216051542,-1.9878839581490857,-4.948978076720343,-1.9148936170212603,-1.385916545653666,-1.6784864938138608,-0.33815437797541154,-2.03131625918215,,,,-2.810779132680534,-2.148932882098774,-5.41845265679473,-3.1139782184467504,-1.907924024018113,-2.9556301148704116,-1.7366053977846936,-2.205518701417406,,,,-4.182604250463341,-2.0630237151359268,-15.734235299856744,-5.4217773551827255,-1.4344112777015594,-4.745296588680154,-1.133831726750351,-2.2452570139701367,-0.5217584364200945,-0.2089916205174438,-0.09291125552558657,14.324713954610967,508.7420803968695,3.371488264018343,-4.178565027619509,-2.03131625918215,-0.633504073815971,45.8949034981907,1903.8640689506553,-50.94108354974396,-26.67153250168151,-23.748721832244073,-19.015238650771717,-6.254527891813451,1.3866369795380227,-11.76808319952202,-44.15160474625859,-1
2018-03-08,-7.185282522996066,-6.7497101674755156,-1.2530675311297523,-6.594638670879635,-6.594638670879635,-36.416958439552765,5.405405405405405,-0.4497945616971815,-1.9641782380937198,-2.19721740555382,-5.049270342017112,-1.9557177600524445,-1.3406334321271525,-2.208555211037573,-0.8926197752757686,-2.4018125241230095,,,,-3.2204528261522944,-2.464330401268441,-5.765593226587325,-3.554804673337561,-2.1706823464070966,-3.380490138041355,-1.9697101407772442,-2.533971349914241,,,,-4.031699032749991,-1.985851092419854,-15.038348144837357,-5.218864184523573,-1.3771834941502719,-4.571677990945138,-1.0864138475587748,-2.162280260324216,-0.49643067824831477,-0.19748859392245288,-0.08745903782011231,13.61697726489948,74.39422575912896,5.687913517872163,-4.700709333747846,-2.4018125241230095,-0.9586719649583858,45.448673229465285,-82.29554154914138,-40.846262450677344,-18.559939457788207,-28.90218767926898,37.73513347427564,-128.12124334535673,-16.635448025723697,-6.572285619058195,0.34011077906635384,-1
2018-03-09,-6.755011892626568,-9.085380293212205,-7.51870010492921,1.9854260633396386,1.9854260633396386,-4.519252364434907,-5.128205128205128,-0.4653863674528432,-1.976342562911413,-2.249484405014585,-6.118063195993964,-1.85583877218332,-1.1333031296378404,-1.7194969339598922,-0.6564005212457662,-2.5395656481205515,,,,-2.676469797902345,-2.162013705399377,-3.49807658735313,-2.875248986921978,-1.9482091902247898,-2.77485139057416,-1.7888830116873902,-2.2098598928282382,,,,5.120099776894729,3.6501426764978695,21.235057120241393,6.002052255421442,3.1710122394976428,5.513485349264705,2.92089911742552,3.7818926670344535,2.3285846374567627,1.9380735948952899,1.7599535260820223,7.027711869651464,11.738748166421667,6.013557416463061,-2.296924168440179,-2.5395656481205515,-2.686129683412684,-7.5142557689232365,646.5566208640213,103.65837082974369,-33.89493168269224,-25.97022256087361,-1.9370802935791815,-323.02290076333975,15.551341386323706,-6.594638670879635,-130.1066694086943,1
2018-03-10,2.426329470641109,4.814619678788561,6.773756917074721,-4.341752512973528,-4.341752512973528,-28.16702385308313,5.405405405405405,-0.314327279967853,-1.8705541978234554,-2.6048497906847454,-5.838690952104531,-2.4230947984322753,-1.434535456390227,-2.010454154561478,-1.0889304237877053,-2.21317349455371,,,,-2.8588171768514403,-2.31638301263291,-3.758913749568591,-3.0641300881812925,-2.081473736770928,-2.96036289915143,-1.9100845751952613,-2.3693090481859715,,,,-2.787886702157535,-1.3407318709255358,-11.446061183219763,-3.643466469247072,-0.9191852811949116,-3.1757161855777336,-0.7200337870478577,-1.4638818089765364,-0.3224203511212235,-0.12611801895939992,-0.05535705589144775,6.55260469379116,8.345378055702925,6.145828586685836,-4.398768862333158,-2.21317349455371,-0.887716564136141,15.632983116608623,-28.536264333870687,-2.2185443450431084,-2.2306904660736695,-20.131629788438794,-4.267549283754564,-219.74260679080538,-5.109238160617074,1.9854260633396386,-318.6811482503838,-1
2018-03-11,-4.463168630334354,1.2419799385505188,-4.86070978045402,5.434897435419426,5.434897435419426,5.691887132492948,2.564102564102564,-0.3227117257303375,-1.5923592439504037,-1.9410632580033265,-2.2509628123542385,-2.083907096300378,-1.1781507882980489,-1.9459821671124065,-1.3514085004092034,-2.2941623557444792,,,,-1.9645245073701703,-1.7788184429041263,-0.9337001100298203,-1.9839092810253423,-1.6726471762142832,-1.9805645805336372,-1.5700145106467012,-1.7974069295542794,,,,14.342353667590407,10.114261654947317,56.87584424985451,16.850852449863954,8.726947305499543,15.464023379555474,8.002372063266158,10.495234982432262,6.290082431960177,5.168749333799847,4.660810813305732,0.8154137747561204,-16.531034264739695,4.832841408345375,-1.238442730428789,-2.2941623557444792,-2.9117242019436165,15.90810936513738,148.5513349095744,88.84047969776233,65.77890480284407,3.096048200326166,-21.464075067615713,-167.36793962954098,-2.848252409172105,-4.341752512973528,-225.17750422621893,1
2018-03-12,5.445009930486595,-1.3634208250815887,2.9248665913351384,-3.4726437946825923,-3.4726437946825923,-23.90593408409201,2.5,-0.2459801130201376,-2.037834040707755,-2.339245367335916,-1.5256393322457258,-2.4110811858476473,-1.920867676952926,-2.174573881564186,-1.2264562486427755,-1.9908274755354962,,,,-2.139415482071388,-1.9049155262190192,-1.7640616381048173,-2.1874482462855136,-1.777628635873581,-2.167877005090264,-1.6643746998557778,-1.929211539351438,,,,-2.431918843867914,-1.1538960431475505,-10.247943622339797,-3.1886815113860476,-0.7843864888837265,-2.774983133273805,-0.6109730513505591,-1.2622607955552914,-0.2688121409088024,-0.10351663576102937,-0.045052838275281074,1.407287063544305,-12.768863384454182,4.021394855554114,-2.8897359492280907,-1.9908274755354962,-1.4559325509232102,-5.2007050831912105,-4.67065816137416,19.85971866639192,21.378959660982115,26.88121300567683,25.98407525184156,-107.80719619823923,2.7493118292735863,5.434897435419426,-163.89529583486228,-1
2018-03-13,-3.82652610760891,-3.342552216773843,1.0769201479892652,0.28086971919133225,0.28086971919133225,-19.132913110353773,0.0,-0.19977008590703166,-2.0290054423664707,-1.9049318690939228,-0.08639982212514079,-3.24021937212697,-1.8899576278416443,-2.2376632137497503,-1.0806337942271624,-1.3227187453255338,,,,-1.862567823200141,-1.7447949779614633,-1.1068989470054504,-1.8544152749859408,-1.6596423749063716,-1.8645664621119786,-1.5696750590152304,-1.7580629339912053,,,,0.7347584343939748,0.5220464507808101,2.444214879966399,0.8565487173285223,0.4503262850738321,0.7896238446743857,0.41254136051988527,0.541585101452347,0.3225448717016951,0.2632730830591673,0.23640476056860238,-0.19962117801792598,-21.192416887905686,3.046646411016777,-3.398229766683726,-1.3227187453255338,-0.10565675981591154,-20.737717309145857,27.27535112730923,34.42722179688983,38.005604428698256,38.05053610875131,-2.120902172051454,-4275.869565215178,10.414475435892042,-3.4726437946825923,-108.08806591742581,0
2018-03-14,0.1364815902859387,-2.254521623630052,-14.076822622366207,-11.695902872069025,-11.695902872069025,46.962865166653614,-2.4390243902439024,-0.3436201048514944,-2.811605404997989,-1.723681020868781,-2.8057660978698076,-3.7800779088131398,-2.331947745064882,-3.7989753790827576,-1.5320775087820322,-1.9751832452419908,,,,-3.01193435976227,-2.4887960120437986,-4.557552598009516,-3.2111476938517547,-2.246238443252881,-3.108933338062993,-2.071914737785804,-2.54362100536183,,,,-8.326786438625666,-3.9614255626550827,-32.27370456073789,-10.847757423290737,-2.6820676694129424,-9.475966989877174,-2.0815904741412545,-4.335807271536049,-0.9033524920977587,-0.3430575845346374,-0.14812799949272382,4.866808538895192,16.81543586431559,3.4537303330361064,-5.652852923777171,-1.9751832452419908,0.11028970822590564,57.72619774183701,-59.317111552784304,-15.991640579403626,-1.6790795785639179,16.63641556494329,20.151326944692055,-123.41610703316299,-4.009172702938811,0.28086971919133225,-4264.173662345558,-1
2018-03-15,-11.494667359349704,-7.623557300895549,-1.7288370903511066,3.1014700609537487,3.1014700609537487,46.680776443777866,-20.0,-0.5132074655945866,-3.4185220315270834,-1.7988635177115524,-1.4181829041578724,-3.106947516496548,-2.4297913920420156,-3.3626698932282255,-1.371303754199094,-1.9635281852853816,,,,-2.36135033484668,-2.110300339285698,-2.2483666678443672,-2.417187992385346,-1.9638919972264504,-2.3925378975055414,-1.8405422581597362,-2.1392985766693315,,,,8.189582293617207,5.554203295665832,34.471073403670076,9.785504542562478,4.711598226470038,8.901304206229344,4.276705060419382,5.7877393488793025,3.2650190085867474,2.6171438495017556,2.328452615953408,1.120278499606688,-12.392367876453104,2.9247194421750082,-4.240470905786889,-1.9635281852853816,-0.7466867146569068,-21.757215927641184,74.2598223788977,-3.50092825616758,11.26954854287303,13.642137810834203,29.357409103759462,-128.07914628723276,14.621961896668905,-11.695902872069025,-126.5175770941154,1
2018-03-16,3.1303519142588874,2.3290325507248166,8.156800927956938,-0.8446691545283004,-0.8446691545283004,-33.024567474048446,3.125,-0.32299941450806613,-3.214468888763828,-1.9227294110072835,-2.7019692339539723,-3.7949928292286446,-2.054476746220564,-2.9605476705909193,-1.976254597476157,-1.7370983286050246,,,,-2.19091577658878,-2.020046960684407,-1.8019916158634703,-2.208221644385102,-1.9017464580392016,-2.203934735518909,-1.7937608135592156,-2.0416066022481405,,,,-0.6118679422467125,-0.2823118054089433,-2.7252717693897477,-0.8080712780488343,-0.188584562470833,-0.7007797523224595,-0.14519838126536647,-0.3100226360637151,-0.0616243631198539,-0.022985624753025725,-0.009832722999366456,0.11052647640037137,-19.133664437733007,2.2979061309881885,-4.27307617641912,-1.7370983286050246,-0.4295301564648678,-37.01047816276701,-3.109546991843095,-14.79866804431748,-3.6852226135665402,1.7449392661784924,-3.7386661470832605,778.5431512273677,-12.086044574604387,3.1014700609537487,-127.23447713271001,0
2018-03-17,-0.7265252007151436,-2.148733115061384,-7.03153465925107,-7.48399803052683,-7.48399803052683,-39.870659592165694,-6.0606060606060606,-0.209249120397489,-3.233301434939683,-1.9489603240791384,-3.452118557764297,-3.8256042707375295,-2.5040232254108914,-4.038926401983785,-2.1378367188983765,-2.052816665506283,,,,-2.793904068564382,-2.41436073102931,-3.6264816320026263,-2.919075952570629,-2.215044436163225,-2.8562366514378916,-2.063644718403945,-2.4573042840139143,,,,-5.445837437255645,-2.5325335090535646,-22.31876991435326,-7.141608380366539,-1.6914185210498978,-6.217974470945185,-1.3010022685248759,-2.780352394055145,-0.5491917822400488,-0.20354287633774795,-0.08674133215413682,2.3004599421358423,2.3226872308247346,2.2984627859911977,-5.503576542219013,-2.052816665506283,-0.3422611582384957,-3.25580254183225,-77.40188872452887,-13.957336979625676,-17.569942082681656,-3.6617789543357473,-1.094973886698309,-57.19178082191836,-0.9700917647300235,-0.8446691545283004,786.0271492577738,-1
2018-03-18,-7.915362616015538,-11.644899491308236,-15.894284594508656,-3.4629320463376785,-3.4629320463376785,129.14746865488257,-6.451612903225806,-0.5417502337361291,-4.005720897372264,-2.1018666352889928,-4.2756116798639185,-2.9216656653184425,-2.2525337581580507,-3.8024837099487776,-2.317105630908265,-2.3826927260383592,,,,-2.866442451886224,-2.4861011750934607,-3.5760679564469497,-2.9889090289317353,-2.2813070363963637,-2.927617573977906,-2.126338783940116,-2.5301572413736384,,,,-2.43691610253904,-1.123003254588883,-10.285837734561373,-3.2057872061826016,-0.7463032805382507,-2.7866765952100985,-0.5722073767799843,-1.2343048324490677,-0.23922753576975123,-0.08792703176349112,-0.03730416048739235,2.0255408082688198,-0.34928100208035123,2.238972736991617,-5.4166797132722335,-2.3826927260383592,-0.9566238945667764,-17.488777865131546,376.424409368172,1.9722888091447819,-8.805923669546658,-10.010224798726638,25.73384661287096,-446.6105263158023,4.200982981355147,-7.48399803052683,-53.72884877558012,-1
2018-03-19,-2.7863845122728383,9.249126508009756,14.551113533854416,12.433448877409983,12.433448877409983,-15.384240424454902,0.0,-0.39120469067636815,-2.8612058386094557,-1.8744877564066929,0.5408470791029477,-1.473693948906431,-1.3985158418174426,-1.9393131237000842,-2.211319776025059,-1.9622045694918975,,,,-1.2177610169205475,-1.475570743281688,1.36460839727849,-1.018299091390868,-1.5094044099747361,-1.1302734273743162,-1.4829065063336122,-1.4564891700578508,,,,33.550057937924684,22.23482503107083,139.1731678387815,40.34149251263513,18.601791636501247,36.58502781235481,16.729265412017078,23.241438162336475,12.402426834157875,9.677551840468468,8.482906983642227,-4.351623829128739,-63.22323452123379,0.8053893056370575,-2.3114063383040557,-1.9622045694918975,-1.8054600629966344,-40.53788228062083,127.07208522260916,62.742893859290184,47.172464746809844,4.127112489134174,-32.972687025139074,-21.434645286685612,17.870969372119134,-3.4629320463376785,-459.04397519319986,1
2018-03-20,12.751192386808016,12.437981065787012,12.35503158411814,8.688146909276558,8.688146909276558,28.56721881009988,27.586206896551722,-0.4141634403988385,-1.2261762142096717,-1.5436218224209317,1.7158717438226945,-0.16923295272106706,-1.2842537509612988,-0.7282975269317571,-1.6261103885616235,-1.662334415415144,,,,-0.002808358678785173,-0.6899772678573479,3.8715160504433896,0.39050548610819774,-0.898735057361829,0.17614920105531,-0.969929759079877,-0.6259927889673848,,,,18.125585657448536,13.93577318458441,29.95904075527883,20.0075018967171,12.201158048485151,19.01207172987272,11.218487967821938,14.378311674510725,8.70954485900938,6.963205602251933,6.159872854002437,-8.62010268696793,-242.68062290084035,-1.1399534151647321,-0.22447156105233143,-1.662334415415144,-2.304415500105779,-104.61594127985117,11.980808184879747,67.02473098716871,29.51033595014705,22.68520048818019,-54.110914458394014,-113.3204483958236,8.93806908160962,12.433448877409983,-30.122792195962717,1
2018-03-21,7.975808607324246,2.067990864584761,5.769756257514489,-1.0647896376130928,-1.0647896376130928,-17.692088959354777,-2.7027027027027026,-0.32081071149072443,-0.7531436503442168,-1.6364089735442986,1.62378662098654,-0.439692075001727,-1.3876852536931517,-0.24115544177999582,-1.8566950261678392,-2.2617895656412035,,,,-0.14438001413315948,-0.7216837671423827,2.1034229617930382,0.16182393531697623,-0.9096410216369102,-0.002998113184453378,-0.9751806065845606,-0.6652820765049583,,,,-0.92329824795948,-0.4340617112417118,-3.401102871410474,-1.1946126710638594,-0.2882310231594977,-1.048021425916093,-0.22033028306405958,-0.47674685402115996,-0.0906239158393442,-0.03266971203928496,-0.013701838160402768,-7.959496645122528,111.68650185337519,-2.440953237109294,2.846863439987725,-2.2617895656412035,-4.591639333232282,-1172.340425531909,-9.405934527985012,22.423700604731145,19.77463848471631,29.30601764693855,-33.38965166326912,-186.07080673246338,4.969456210243843,8.688146909276558,-112.25565875821222,-1
2018-03-22,-1.2514312238898322,0.028627013384585516,-1.5623587160111119,0.9263365668704967,0.9263365668704967,-16.082989254696358,0.0,-0.2662283661395319,-0.15522010357815408,-2.122663753292116,3.296847269082899,0.0354545044866697,-1.1333846271441084,-0.3308915714439076,-1.4998056831387128,-1.993234475015671,inf,,,-0.002959521155898754,-0.5827546027803379,1.6948947998058832,0.2804864033990704,-0.7892483458748162,0.12974010110258424,-0.8700197981618123,-0.5233438122936492,inf,,,1.8795884512981327,1.486855183947564,2.9863733123054037,2.0460039738323736,1.313759371182275,1.9585710568284311,1.2130918537513464,1.5300266383427252,0.9485962186855182,0.7593080884235189,0.6711552392562582,-8.44876904737578,40.77639199979997,-3.5222626825745755,2.9913674852830296,-1.993234475015671,-4.443745238154496,-77.0154553049289,3.1111786130444328,1.4689762061105722,26.004264558966028,24.818208370920626,-77.44788950590632,291.0991233984825,-2.274208939356957,-1.0647896376130928,-186.997143299312,0
2018-03-23,1.3305923423564494,-2.242781048500146,0.013778533045510659,3.5896420260434714,3.5896420260434714,-21.35888779937673,-22.22222222222222,-0.20507786912408593,-0.03918769570822037,-1.7420154030132176,4.571100560551178,-0.12445385220766375,-1.0179189849059063,0.32210676693756346,-0.9097739831098862,-1.4667047925210728,-2.0618489488877523,,,0.475961868447693,-0.2256797817878152,2.347529705677385,0.797419074153923,-0.49714096324555623,0.6278544308859769,-0.6189149594619741,-0.15120838445964876,-0.9079783789952081,,,7.4036299178367875,5.885321388579438,11.341071418400613,8.0266951456139,5.198742442479756,7.700831649013046,4.796394382046517,6.055206220873541,3.733770499004145,2.9725621606215977,2.618889157269688,-10.650270587263485,29.823757315043586,-4.73967765431627,2.473404604019769,-1.4667047925210728,-3.554443366430319,-242.61699227623765,8.878242296727766,0.6006923603287427,15.117200857214499,19.891298447582514,-75.41897433563301,-176.31034482757957,8.92161615587426,0.9263365668704967,287.50948137248145,1
2018-03-24,4.156461070288729,2.066604531115566,4.168416080612994,-2.644345664850388,-2.644345664850388,0.8374406898772632,14.285714285714285,-0.19970176188694377,0.09337790780970591,-1.5225718678920297,1.7591923395294844,-0.044941817464489296,-1.2509092937871902,-0.3343075470214782,-1.1129920273248162,-1.9561190588209654,-1.4389165751664645,,,0.047110558677990244,-0.4405850562973691,0.6072393252859898,0.244877589291377,-0.6462598603494584,0.14289744498753398,-0.7377879372095593,-0.3852340640564749,-0.9607848454976399,,,-2.7177558794764667,-1.2413210487006605,-11.174976874187928,-3.5554502624301607,-0.8118421129062439,-3.1011271986262936,-0.6145750855198194,-1.3681923650995167,-0.2454605144542524,-0.08626817676466424,-0.035693931622639424,-8.530840513000289,7.466715165629053,-5.347006769564875,6.017237606683033,-1.9561190588209654,-6.444998777308429,470.94616119783365,-26.380651919261872,-5.5015992207607365,-3.036905615347473,10.954513478210218,-345.13260812148025,-90.05874378671818,6.830800119512304,3.5896420260434714,-173.6659991627354,-1
2018-03-25,-3.6532934273973203,-2.7020224192934594,-2.038592823044847,-0.27002147898129714,-0.27002147898129714,-15.879443469067981,-6.25,-0.1726133892796797,-0.3294863345324075,-1.877042046294444,0.08527778562837213,-0.09389288490915661,-1.2555642596614665,-0.06325173842436284,-1.1785191190990707,-1.5930494968936486,-1.6398468759625646,,,0.004696865643148584,-0.4257654612533267,0.3112891106943261,0.16459806216372735,-0.6206563631311296,0.08340399131070625,-0.7108619236567033,-0.3746645576913187,-0.9401344297046539,,,-0.2886420266486436,-0.12911231931385217,-1.315581424277371,-0.3814505053918046,-0.08374124684938088,-0.3309070623628748,-0.06309320068563545,-0.14261260990057437,-0.024883702289678036,-0.00866115166707892,-0.0035660401502185983,-8.234988187253887,2.5672476884414768,-5.794087952301457,5.522588401452152,-1.5930494968936486,-6.13267567521396,-27.552728490123968,-19.49940747672993,-12.273443108093074,-8.624832287448212,0.610292150107296,-485.6186023670823,2341.363636364539,-2.695138739778368,-2.644345664850388,-89.78872230773301,0
2018-03-26,0.21695717561203573,-1.0684699101787398,-8.381281782589404,-6.610054765860547,-6.610054765860547,12.29292668604151,3.3333333333333335,-0.21357127186235159,-0.55453018700906,-1.8321977426633786,-1.022093173154247,0.36678216132649555,-1.5262970840435,-0.6228769532030441,-1.1775272684306533,-1.1659755362038124,-1.1287465024970786,,,-0.8775392671082896,-0.9639343492191645,-2.0101445344759736,-0.8870761310018003,-1.0296805564568552,-0.8775855107303394,-1.0519445208438147,-0.947294889941392,-1.110783706194109,,,-7.020115574776703,-3.1966417278105266,-27.819593226181787,-9.164109130372628,-2.0789234130492664,-8.003746626396039,-1.5667414468464935,-3.526843485300431,-0.6158356561972805,-0.21310958250266243,-0.08741882015744383,-2.539036041856664,-13.774805803176374,-5.303237854411025,1.3863158268307174,-1.1659755362038124,-2.9964661241095736,-73.00523721503382,-39.955132593125,-27.659770566604497,-12.926292184665048,-8.00261468386335,59.208945080343256,-34.34183578477013,-9.365069695039379,-0.27002147898129714,2347.9736911293653,-1
2018-03-27,-6.672980885138625,-5.592819396386596,-1.785814527899399,-4.647224711401615,-4.647224711401615,-1.8589515127088865,-22.58064516129032,-0.22310177540335158,-0.9064788020846717,-1.3238416087128602,-2.091468406559342,-0.26085169624092014,-2.117043571770509,-0.01573361630383463,-1.3186893663225558,-1.0096733311081165,-0.5455746292293496,,,-1.351240436766412,-1.266187952924698,-2.853106898969184,-1.4370841371808813,-1.2627980064278033,-1.387498511722651,-1.2481416131135785,-1.2676546642936537,-1.2113019975194377,,,-4.706101768988272,-2.151494707316106,-17.978330578015495,-6.1195072652725635,-1.3976705599237795,-5.35622492000105,-1.0518029694568356,-2.373727864425991,-0.41073928851050334,-0.1411236377656191,-0.05765132453177982,0.6131506519335155,-21.699212733478436,-4.385025312941417,-0.3761288856115311,-1.0096733311081165,-1.4845776540472846,115.34950071326627,-52.299679825512925,-33.62363810876787,-20.77952633079936,-13.64485541508039,52.04171899049255,-75.92513823904865,-7.526090825260563,-6.610054765860547,-29.694611073368655,-1
2018-03-28,-4.981350414508462,-1.7887739458665612,0.7701815427922264,-1.1733407041426285,-1.1733407041426285,-23.986736446263603,0.0,-0.17034862961229688,-0.09423237863891078,-1.0168452754590378,-3.086077998882571,-0.2851812308782811,-1.9842261894569526,-0.3272403318555855,-1.4809870141966517,-0.7017244153709529,-0.8339307497862429,,,-1.3296323483119201,-1.2588297458922049,-2.3260735339200553,-1.3997620902283876,-1.2572309033551297,-1.3594873207462361,-1.2442001745557656,-1.2597679817908252,-1.210260529935085,,,-1.1993560088679573,-0.539705953826497,-4.937462526310962,-1.570961727862762,-0.3482123176095749,-1.369675704482582,-0.26097790443382884,-0.596466219599397,-0.10076098406236088,-0.034303302707472116,-0.013946928628290894,0.24565778451726392,-20.87478174312811,-3.628783943979418,-1.0917274907002268,-0.7017244153709529,-0.40608913765350474,40.43455219925809,-35.76242628475153,-43.2470535146314,-31.213364734984694,-20.523349360273574,-87.56081212000726,781.8021201414031,-0.10895045562764494,-4.647224711401615,-74.75179753490433,-1
2018-03-29,-0.8794135393620534,-5.634588014612799,-12.103938459356947,-10.469384758455279,-10.469384758455279,82.73808194957293,-25.0,-0.35421213306363014,-1.007563054770572,-1.1290689677958015,-4.563114411211059,-0.4973597356137781,-2.0643422580468473,-1.019848689742363,-1.7726235485715174,-1.2945821047856583,-0.852865163179113,,,-2.4415249825399847,-1.989404413828519,-4.911223695302501,-2.686141769825792,-1.8310083324233557,-2.5532828385200492,-1.7306459702603139,-2.030564789462829,-1.4643794154727925,,,-10.178057926489725,-4.748990710160572,-34.31699288978022,-13.048900714002148,-3.09010893624184,-11.509822837190017,-2.322782769002337,-5.233601674584879,-0.898143028332882,-0.30458158937829977,-0.12344665478102566,7.037757650183608,-51.75076081126989,-1.8167879543567214,-3.178185415761118,-1.2945821047856583,0.12342203966427144,-296.5754716981129,-2.4731583861267517,-39.31566582905235,-32.07864303858679,-26.950744740424327,850.2476809406403,-89.66806919121134,-9.399390951322399,-1.1733407041426285,792.2715048997908,-1
2018-03-30,-10.524143046061072,-7.536941019474846,-2.0423801956877647,-1.2081784386617258,-1.2081784386617258,8.999127721594144,-33.33333333333333,-0.3994247828940942,-1.031274149018791,-1.2911589799441818,-4.932922770096406,-0.3243545918912164,-2.4076527348014247,-0.543741368679074,-1.8512117055863748,-1.1236545504810669,-1.099572645169442,,,-2.303829367847051,-1.9327995142936885,-3.804380570709286,-2.4932825131305956,-1.795629054461478,-2.3913343848384248,-1.705546060277403,-1.9676641288690826,-1.4579905149656969,,,-1.1141502970916566,-0.5113985837189108,-4.081090202303465,-1.4395285881262738,-0.33045184780292713,-1.2644692615034052,-0.24737446004103794,-0.5645632952838143,-0.09456192236783992,-0.03177375173980158,-0.01281655222185686,4.782566010894617,-67.86602183807085,-0.5946090297291791,-3.24256898844011,-1.1236545504810669,0.41889459073225127,69.50136775927469,22.01210020668017,-10.384396971048782,-34.709603583815586,-32.247513270962806,1.0195514185856989,-199.80607627668044,-9.466885355667856,-10.469384758455279,-88.45989075254901,-1
2018-03-31,-1.1245092979245803,-0.190176947246571,4.116402203539158,1.220582306299768,1.220582306299768,-46.15694994889084,33.33333333333333,-0.20886989452544819,-0.4368959229270448,-1.0307029229684208,-3.4186741129126648,-1.145531410592206,-2.100539080930417,-0.2242193824744032,-2.2205674209809896,-1.374166605321898,-1.3583816870578858,,,-1.9059374926130401,-1.7026282389139578,-2.2618790274013993,-2.0022735974277195,-1.6232710477937677,-1.9511940650834219,-1.5642603593838493,-1.7219201770906978,-1.3910254367249104,,,3.425285361935199,2.1739096721831537,19.92172264860452,4.2151984739563755,1.7841006665323882,3.7746719906257575,1.583630736842279,2.2824805667875205,1.1203680637767737,0.831211840117382,0.7066526838677581,1.7022112038316644,-75.55259384367832,-0.1462360171024546,-2.077338303913805,-1.374166605321898,-0.880929360042277,-9.249978764970747,66.05218125548862,30.833000659857795,-16.12444544370867,-29.58740697403972,-53.39235023676632,-92.16321243522432,1.2752357069102458,-1.2081784386617258,-201.02665858296515,1
2018-04-01,1.2503954444795944,-1.79317824086277,-4.821259095223023,0.09450098015478027,0.09450098015478027,-10.691060633815717,0.0,-0.19023505036357735,-0.20459671847059355,-1.3146076098826491,-2.469439695426321,-1.8713269495213354,-1.515002530439354,-1.0639947742599634,-2.0744473100779293,-1.1920544874165506,-1.2159170796251924,,,-1.6728978804387444,-1.5675514290265167,-1.512773632253496,-1.715942933666967,-1.522273304219572,-1.6938460366180546,-1.481902554362847,-1.5777220313657965,-1.3529032599603465,,,0.274535503508824,0.1736749997427035,1.4829422863026482,0.3376873968186057,0.14212235038061363,0.30252181122579014,0.12589620415999148,0.18245727125807285,0.08847265533756911,0.06522680360355984,0.055257567557046215,0.11514495452604186,-35.63267925561803,-0.09426605709953456,-2.020393828307975,-1.1920544874165506,-0.618032196980389,4.249344814676158,24.649211177926833,35.925173184007996,13.530584546309699,-17.190219377093033,-50.70875990628885,16080.165289236482,-0.1407126880813093,1.220582306299768,-92.25771341538952,0
2018-04-02,0.36322165894657377,15.519938650306775,6.765605264907252,15.275978839281542,15.275978839281542,253.8748767577319,-31.25,-0.562739998707586,-0.05497613524995499,-0.5146891982665254,0.7224352630395223,-0.6999862303364421,-0.7294318075541355,-0.7306267891298697,-1.4348612860565706,-0.5588255618742665,-0.9207363524154544,,,0.33703914332359525,-0.2801720705230391,3.911559248564514,0.6471769858721786,-0.5183918187231634,0.4797900017438609,-0.6365571940043753,-0.21704450536585554,-0.9199048752134231,,,40.484496136482555,27.35157488952821,152.92833219386816,47.98562489271277,22.776783366821938,43.85713629431043,20.318500636060826,28.577916325009976,14.404550074489952,10.608190391677361,8.965656848690854,-10.192686625233906,2132.343212053876,-2.106327478796166,0.24832696832573373,-0.5588255618742665,-1.1102730710844,-41.23421320404624,271.6019691596416,141.45930754058443,107.21138019824757,34.86772557803617,-74.17783313513799,-78.12340382061417,15.256561867295298,0.09450098015478027,16064.889310419867,1
2018-04-03,15.313730678828822,8.354465672672223,15.313730678828822,2.8990117774468533,2.8990117774468533,3.353224786595005,100.0,-0.49052355643296475,-0.4721099356169841,-0.39402237030233656,3.641546339774384,-0.5451393406512969,-0.3292023266448738,-0.42196321129169156,-1.5988342009947338,0.23828283746999143,-0.9876052751204841,,,0.6860938940167932,0.0007244513174338658,3.548633101862782,1.0058651171471893,-0.2817395663395904,0.8352946211388268,-0.4296447727739112,0.07359033767545854,-0.8042095513981388,,,5.57616346805297,4.511905270024584,7.669552111230544,5.995514376096488,3.986245344349779,5.776620622663618,3.662805988715992,4.636833652301406,2.766616319641173,2.1084563627638593,1.805373351336066,-12.258899351473412,84.14179783242145,-3.9620837463764054,0.2190233113728501,0.23828283746999143,0.25162174062259673,-44.352210226115155,-18.30484915242505,40.475658092318696,41.264389914128216,51.76760224014782,856.7540186526745,-438.7578799906393,-2.493340166014972,15.275978839281542,-81.02241559806195,1
2018-04-04,2.4999662531553386,-6.900988218572151,-8.90984192977956,-9.543950586424419,-9.543950586424419,-54.27314150973457,0.0,-0.2582967311921197,-1.0936724998450027,-0.24335975074571337,1.6142999693756865,-1.7134073465022408,-0.7846071586685458,-1.2634824584295652,-1.6465754330207112,-0.4082129232082619,-1.0714390391289008,,,-0.7383268832661453,-0.8670361394073888,-1.114685163926262,-0.7060805048820905,-0.9435986773587791,-0.7211510640714436,-0.9808736904145295,-0.8487647574232883,-1.0788674871299648,,,-10.733799640230199,-5.227558135478699,-30.402907600377215,-13.386959467668785,-3.4069481018715875,-11.98364360107332,-2.54876606571416,-5.747954742758083,-0.9540309692685668,-0.31054970725062764,-0.1228240633404895,-3.4869810293868957,-5.885227747034001,-3.8827436494211103,-0.7572846341590617,-0.4082129232082619,-0.16652890290443678,128.75446142582544,-45.80005681997538,8.325857945400461,12.860981806874175,38.39832598770828,97.1377683704578,-147.55668895168756,-3.3345974615066694,2.8990117774468533,-429.2139294042384,-1
2018-04-05,-9.381955144666998,-2.5677978928526706,-0.217099754743954,5.017670928050975,5.017670928050975,14.049166368186105,-22.727272727272727,-0.2881832758042097,-0.8404781155895096,-0.16596885291886312,2.3609909442232886,-1.0820902275039825,-0.425081043223914,-1.2211510899259996,-0.9734146741711043,-0.1313396369989529,-1.397977085818074,,,-0.007966137937456437,-0.37885257871371153,0.883348858663081,0.14005675587294164,-0.5546030546315328,0.06294962368066408,-0.6494581903278432,-0.33549236030081486,-0.9036709819484725,,,9.578009495576746,7.4637493819301595,19.027229234419575,10.580445123264639,6.542426347021703,10.04211599770345,5.9904835323499315,7.690128224324795,4.483433328665833,3.385815296930763,2.882893276640353,-8.207462507479244,14.069150364982372,-4.6079266719708825,-0.16343400372520964,-0.1313396369989529,-0.10925020443283252,-70.57929268682989,40.18637157833444,-16.78391423125748,14.74960551066515,20.70094667329553,-28.389582693402392,-187.85507246376204,13.027494204304407,-9.543950586424419,-152.57435987973597,1
2018-04-06,4.5466436076675905,0.5403324395334197,2.1341372857694383,-4.197653967066913,-4.197653967066913,1.6242855868483213,11.76470588235294,-0.29191283917080313,-1.4334460538994283,-0.32231062015283773,1.435508478516003,-1.4257175653385104,-0.8098063182838329,-1.3243278893288746,-0.842808854539346,0.040488997755515954,-1.4462826053848687,,,-0.5663019033069799,-0.7128139349656151,-0.8399787357470542,-0.532416767665074,-0.8056465007533595,-0.5480054721336434,-0.8566757904868176,-0.6915545796415339,-1.0039865394834266,,,-4.65408782739332,-2.2829083953782883,-13.485327041885181,-5.785452798210268,-1.4872056210972198,-5.187224841554517,-1.1105382229767122,-2.509251270869475,-0.41109956261948966,-0.13198707467734014,-0.05177430228000689,-4.089471308571672,-6.339747410198386,-4.524270843007954,0.11629421626186379,0.040488997755515954,-0.011656787818104225,-13.475659505031157,-49.403862909132386,-26.742700533781537,1.427462155510458,9.158611609609206,68.64582486551606,-163.57637743319572,-9.101230478859,5.017670928050975,-183.6574184967013,-1
2018-04-07,-3.719200695047781,-2.415069496227915,0.5881839728955549,2.785648201688444,2.785648201688444,-15.686592810907854,5.263157894736842,-0.2423951593328787,-1.0394103060157582,0.16440065212150978,-0.7685652106888385,-0.5724764666192073,-0.562344625934355,-1.1078149953322587,-0.5055031752293139,0.33433450390825564,-1.4626530384253158,,,-0.13592011965108705,-0.4176051588688202,0.34808859435874245,-0.03697334431709971,-0.5666322007001826,-0.08751432086307753,-0.6511291856808271,-0.3823005043483825,-0.8922995123569208,,,5.300625561742763,4.122366185708809,11.388442222410163,5.87789340277348,3.616895670124577,5.5662906883907874,3.3131660498212034,4.246713994371318,2.4766082637383047,1.8617378822680886,1.5793789157749045,-7.168450103653933,4.520413593498182,-4.952867748646725,1.0146730208741062,0.33433450390825564,-0.13426363906272362,-87.25443972968718,-7.05518525371855,-10.952621133854024,-22.16581701887138,-2.841919314356876,-28.08995640242641,-59.49662688115921,3.66882328770871,-4.197653967066913,-166.36202563487907,1
2018-04-08,2.931621957205958,0.45917032671999625,1.9363792094021632,1.0977033317862868,1.0977033317862868,-11.738556237592132,-15.0,-0.20786730738903544,-0.9490112166918092,0.36969335320664753,-1.15547879732795,-0.05708350268709641,-0.5366600136904714,-0.44143618761562026,-0.5463566654731045,-0.1740820609355278,-1.5428272395172062,,,0.02710785255087736,-0.28562669910976335,0.5996936882691074,0.13723718170368546,-0.4521299415666261,0.08091264919779388,-0.5490236009959311,-0.2464866029496971,-0.8314742270859016,,,2.089503278796536,1.644341661848229,4.310325586439623,2.3038735255201175,1.4480082810681287,2.188320857859693,1.3284573968693643,1.6920939743474774,0.9946972335271259,0.7467954887038271,0.6326098283825355,-8.362503703038334,5.40582659539623,-5.4926551353826305,-0.22668496745806402,-0.1740820609355278,-0.13743381448590822,-2038.7176325523878,99.34235544975583,-3.165778923257577,-9.453636259799083,-10.171446489889648,-10.71883048810373,-465.7911595130743,-4.0402291549100475,2.785648201688444,-60.59433021294838,1
2018-04-09,0.936984956341834,1.0409171583441212,-3.021342976671621,-3.971704215849271,-3.971704215849271,50.4803178742884,23.52941176470588,-0.31945120097430096,-0.7008782063733959,-0.35126183610246287,0.0768846291626473,-0.2988353254683925,-0.18374411516704475,-0.36896810847596656,-0.5135577586279038,-0.8101737002319944,-1.3546494986517106,,,-0.5070062951061701,-0.6111259463949206,-0.9422729213671311,-0.49967256707173335,-0.6980379215656163,-0.5008409846279199,-0.7521656787682967,-0.59294103416141,-0.9293238928796497,,,-4.9045227005530245,-2.3628112472201535,-15.993754270273739,-6.1498927775983505,-1.523626514023399,-5.4877211714495635,-1.1294587745414115,-2.602748913814935,-0.4077184444940751,-0.12777388391739675,-0.049455623080346886,-3.6074102975823785,-10.472013267668192,-5.203260728467608,-0.360972408132987,-0.8101737002319944,-1.1228508431434758,-26.47713540672902,-54.61145866738646,-4.205147821320348,-7.936232449721256,-14.142438675253507,-22.729538364367556,-179.84238178634575,-20.9929463081658,1.0977033317862868,-461.81945529727903,-1
2018-04-10,-3.861146045399892,-2.610411806196077,0.15793052519210785,3.3022592117748726,3.3022592117748726,-30.321477046251115,-14.285714285714285,-0.21935754664328613,-0.10805390237259942,-0.6252772225185876,-0.2543874045693634,0.8805807530379576,-0.18247153602481572,-0.022304617667688306,-0.6107319324101763,-0.6008274139840677,-1.4365635916677415,,,-0.015927643763011774,-0.2772389010065288,0.4456541066374356,0.06908472835003958,-0.42775653981873957,0.02605044719464053,-0.5193345963853304,-0.24299082439555963,-0.8015168286570016,,,6.706765647069606,5.099693959972084,16.945489856925327,7.538846803437744,4.440606893079602,7.0861675780420255,4.049055422553765,5.263924966174857,2.980851689376827,2.205505458430185,1.8534029147977145,-7.949733719478338,2.607004196745813,-5.631955270881028,0.048945365491637007,-0.6008274139840677,-1.0566020953130801,26.081314878892904,102.51577689644688,21.351704088452337,-4.142298159301087,-7.3355774053002145,-84.25175940048764,192.7177012502647,11.548177837585794,-3.971704215849271,-183.14464099811482,1
2018-04-11,3.1901361625856244,9.411625429146442,3.5106033507318375,9.357295114152665,9.357295114152665,76.2792210093837,11.11111111111111,-0.33415874168662596,0.667061764023798,-0.13541156661219325,2.497737582234271,1.7649571190417594,0.20365176342111743,1.5531594223539937,-0.1775334749179503,-0.19420027703371553,-1.0593317739790447,,,1.2325413087830446,0.5742778872091612,3.4425603674379315,1.5034659688497816,0.2581398695893026,1.3611684263776311,0.06963327932001707,0.6501645939004764,-0.48199561762169424,,,16.797135274102555,13.772809284690254,30.090435411676037,18.19377093427406,12.296900350289274,17.442370957717042,11.345274885946445,14.11518431437225,8.529491982088135,6.35385562599209,5.3447884933428975,-20.23801143128021,31.63049766685529,-7.855806245339987,0.3489499065676754,-0.19420027703371553,-0.57944287879544,90.73070325900504,95.02213127635751,33.40067621533148,36.69386457194814,7.360540866466869,-643.7907847080938,70.17609591607263,30.522409059123884,3.3022592117748726,183.36040613612053,1
2018-04-12,8.74854669486898,13.72061051211222,6.066547244594269,14.561332640852525,14.561332640852525,123.72755407130242,-10.0,-0.5530202027102216,2.591745444083482,0.5609873114154029,5.046311480514322,2.980246083681162,1.0957631056477921,2.858301147725113,0.3284385357566545,0.3914087596552713,-0.46695372222675635,,,3.150358456943524,1.9184336923221568,7.395505709835873,3.676025423392542,1.3517348688854327,3.398846409482766,1.0140150667121144,2.0563407708382173,0.037936691883213025,,,19.32992861656791,18.518933537579628,19.519508607480162,19.498209181536186,17.51374331701856,19.40904792588683,16.63616615429781,18.684438625663955,13.282808416059478,10.184170054041754,8.649891722173841,-47.32983162995975,53.1666015860083,-13.058306728697325,-1.7583594416403954,0.3914087596552713,1.9304230447284423,11.266592323464849,6.007711546477796,45.690816628592614,29.967109744363686,21.505133349271073,262.6510049428751,-55.790400704535074,19.86814106798149,9.357295114152665,55.614763275221435,1
2018-04-13,15.399081593879,15.79887054978143,19.138141971860957,5.619266696889811,5.619266696889811,28.54212173668395,27.77777777777778,-0.4038055016855496,3.1044584862134643,0.6962208927617412,5.920913958096198,3.4609653251846497,1.4701304507696678,3.2313834603445573,0.9907311311340301,0.8892225645274124,-0.4257193745088844,,,3.544896324717751,2.318201797606982,6.721882056943544,4.033286649082545,1.7205486686536886,3.778610388531333,1.3543747223118814,2.46061959761901,0.25884594465847993,,,5.896438931067317,6.3130351288943025,4.343862794240907,5.6776079344453665,6.253115595788261,5.790435429047077,6.091955667205248,6.293728951053647,5.160245699224816,4.096196683044581,3.5270805600056834,-93.62802325197556,29.7719216217589,-19.491241699438376,-3.646585259388176,0.8892225645274124,4.0188845998568254,18.612395331544466,-25.934692713532005,10.587021173409493,6.717371722108221,21.62199817529167,13.793813237952127,-122.20119521912184,-3.157462928221888,14.561332640852525,-61.409667401425295,1
2018-04-14,3.738161280060711,-5.472718572830209,-0.6334447675229782,-1.1811712088855493,-1.1811712088855493,-38.1497829496954,0.0,-0.27660923835223494,2.828381089275898,0.7626057446262517,6.022890091739452,2.1404041475509787,0.967731640740209,3.008986716499993,0.8299401888812354,0.8201763659741046,-0.4833944993646857,,,2.7745285321665545,1.9280001133521452,3.755681548647509,3.060003624905715,1.4601610485132368,2.915281184626442,1.1590951380104142,2.0346531729865376,0.19880267729347464,,,-1.7393911111842222,-0.9310542007126344,-4.402050005808452,-2.0855673556314667,-0.6207017087675264,-1.9044754521941585,-0.4659164916466928,-1.015208450102088,-0.16897348510653157,-0.05179257246434144,-0.01970184589553675,-1075.4095142617307,8.070223812337746,-26.16389691385888,-2.5403074443736604,0.8201763659741046,2.9680044730250525,33.471434801569956,-4.412765247863115,-8.768982948904611,13.771278304777887,15.677637921751298,-6.621845904775266,-1965.993719156689,-1.4688048018266473,5.619266696889811,-121.02002401023778,-1
2018-04-15,0.4040306224008359,18.89393381601015,4.82128013300082,22.30402934331465,22.30402934331465,202.96520200530819,0.0,-0.15353638041744724,4.702505229032549,2.108695680140789,10.025209955879644,4.113645042606607,1.6889540078086427,4.0237634196404235,1.7776265215854559,2.589523808877415,0.14977380878647803,,,5.835389096169867,4.130747305278284,10.386064937050335,6.504101335957044,3.2819049436561403,6.155866697431631,2.749934998412151,4.330763573390102,1.107812956916154,,,18.642283928742827,22.06326668679672,12.630844582874095,17.378985461189576,22.900372886438756,18.012057733767026,22.869683021991165,21.73461997231812,20.34288583970214,16.431038678551737,14.190474348562129,232.44309556318225,34.76077528155913,-47.75261538904555,-10.016159556067619,2.589523808877415,10.215349058016571,70.84830909982031,34.316815231856474,-2.0042908209741297,12.055248332015603,10.986597833771402,25.783999090190875,-141.95657923208188,11.029405237050566,-1.1811712088855493,-1988.297748499904,1
2018-04-16,22.416250509034022,-1.6002373907658443,7.838052167949076,-7.651430450509711,-7.651430450509711,-65.06335849503499,0.0,-0.06661101299448839,2.826769349304529,1.853829791992197,5.828233287130805,3.798265401651889,1.2666512589307266,2.8216302677758662,1.6075081970728773,2.1802045275242223,-0.05583941553552993,,,3.3926796909804082,2.6347443482541113,3.242151934094279,3.5948572653869637,2.1503433489030863,3.4971065969422344,1.8184632420341766,2.739591638257354,0.6721040220876625,,,-10.393529833844527,-6.3391354656669545,-19.995330981746967,-11.878566583878241,-4.468827687993782,-11.11597328691223,-3.450541234335562,-6.811169220728658,-1.3159180224071885,-0.4079683138059319,-0.15497942905223866,35.062762685901035,0.3775931301642101,-91.7422495712416,-3.0516835217658644,2.1802045275242223,4.764257078037981,-13.61327261208928,-22.88463288425641,-0.3061294093273092,-4.835974778397957,6.24790229517557,-36.19647876645592,-96.762363188357,-4.957367122036726,22.30402934331465,-134.30514878157263,-1
2018-04-17,-7.772374520163,-4.457905571070809,4.237886075446203,-0.26825053175324487,-0.26825053175324487,-25.30484690323839,13.043478260869565,-0.05247983018322397,2.5371228425428622,2.0207261737291446,3.1623181601570876,3.2856407812863067,1.2001131719865012,3.397176239200176,1.6722104053433562,2.1703646582975615,-0.1336259741370609,,,2.8004446626441846,2.3030875383230676,1.9985254572429507,2.88710254941679,1.9240463367325538,2.8501448259278117,1.648972549942642,2.3805637837093485,0.6291956013606962,,,-0.3592455744802146,-0.21455012291608783,-0.7708629756757195,-0.41490494810495415,-0.15002378575512698,-0.3860826861574475,-0.1153067496939111,-0.2310120666570428,-0.04343786255194717,-0.013338838147339521,-0.0050425051192987905,18.754362802245815,-5.334127046192504,-1051.722284093476,-1.4999681618881977,2.1703646582975615,3.847914685726305,-6.114401151206486,-19.8693845017789,-5.031607309397663,-9.978490156236745,-1.2565148362296399,-5.4383307905712455,-3207.610619470064,-4.0429432407334875,-7.651430450509711,-96.49411265660271,0
2018-04-18,-0.27336668153730465,4.955010589779811,0.1644540839430903,8.358604011253975,8.358604011253975,33.28505088307151,-7.6923076923076925,0.0015200572040754646,3.8415115866108422,2.5643878069725345,3.7995958790996798,4.325732791685936,1.4734788002598744,3.7682603447924485,1.66788187729071,3.155022027771706,0.08764415921117176,,,3.6727571248228466,2.9775201086498044,4.201629829192783,3.858786355346859,2.513149492090298,3.7679090223879865,2.1836748853245203,3.075664688470929,0.9787434149093469,,,6.688789675022024,7.394440189436183,8.996980945913483,6.6147835592275825,7.723204830713419,6.634851815140228,7.802654190951265,7.297002347958864,7.2557513434468826,6.054922784134567,5.297312879800682,22.88731755592294,2.4520825532596855,113.21699625398769,-0.6943385283160705,3.155022027771706,4.82379484096504,23.57596569053686,54.84304232391064,-1.8073080573361089,4.548107949379087,-3.7159675470312923,52.182547388200696,-8.013441166419778,3.55101943153268,-0.26825053175324487,-3215.9692234802797,1
2018-04-19,8.370056631608987,6.24523293773073,7.3592537952695976,7.095691446596682,7.095691446596682,9.874021109976166,4.166666666666666,0.12163163176557347,4.079221156735969,3.4201108689978907,5.389812552394164,4.717569208387413,1.9480821570108289,4.600911837388154,1.7075275645938164,3.6021438824126744,0.27061401642685007,,,4.234242439989452,3.4601483480095188,5.244113486861098,4.458534024763391,2.956618143958455,4.346879254167693,2.5987771673310154,3.5670534524897124,1.2755876128908243,,,4.9931036816923315,5.8348506821164925,5.677699828014614,4.834551987142207,6.256375475053372,4.902692998746204,6.416418874595251,5.72082777574955,6.182271462656648,5.261748875790854,4.636759031095507,22.17575134446676,6.093140442958346,56.33484616674666,-0.9029299515180281,3.6021438824126744,5.452369405614585,26.071556350626107,9.90660238436243,11.955159093497478,7.5078464443948905,0.4159446678793702,4.023832599296292,109.96842300786251,-0.4388126691229984,8.358604011253975,-15.109132613016616,1
2018-04-20,7.124601480778877,13.911588067342743,8.005088787822368,13.911588067342743,13.911588067342743,95.38567990117629,4.0,0.6489610384283816,5.496247286945884,4.320307988010384,4.42845243866187,5.940051667666173,2.7230742058409443,5.652725052928885,2.4088756395186244,4.436561256619022,0.4556901735906605,,,5.865256381411183,4.728043497313827,8.421194167346508,6.254254838702508,4.059389294052426,6.054791679695277,3.5966969697529287,4.874601371275945,1.9240288627785256,,,7.971137536499576,10.094915323374128,7.248902044591586,7.492989966160635,11.258861987212995,7.715669708360492,11.811509067696983,9.803117610576718,11.989530030038768,10.474099933415488,9.308748276692945,28.0728645617122,18.039294390461063,42.535145901031896,-4.705619283828114,4.436561256619022,7.9649548094052465,27.767214386393107,0.0,16.512581574460544,1.1736269634646623,4.327729717846098,19.81163922006686,-138.48785090823242,14.178458625419923,7.095691446596682,96.05683494052079,1
2018-04-21,14.365709881857159,1.8686977816191095,0.4990703992973593,-4.700374531835208,-4.700374531835208,11.756309312754198,23.076923076923077,0.6370591980036961,4.577731543353137,3.7415560437633846,4.6167208663746395,5.299580751498671,2.5977188594251275,4.773175339877601,2.061455177072656,3.87412459166064,0.41172770798976077,,,3.949186653586375,3.483955883568811,3.367893423800024,4.02332485238379,3.0941094512079617,3.992032241674601,2.791926664088097,3.5600367811759,1.5441027914695056,,,-6.784037937823662,-4.438886130971873,-13.313566250393965,-7.6419529411501905,-3.2613660204115673,-7.198090268919863,-2.5760110776299823,-4.722499064101939,-1.0196700918695583,-0.3145078209094429,-0.11797341156759096,11.528480472850939,-3.050834948013187,28.93143901036714,1.5658204261301008,3.87412459166064,4.660454412839592,-19.544067997393807,-24.958951343659294,-5.479740288051232,0.40425524113077793,2.9117772207221924,-16.16612645652046,-81.5047502298511,-2.5276469271881377,13.911588067342743,-133.78747637639782,-1
2018-04-22,-4.8640433570143395,-2.841951574757207,4.643707451739509,-0.912223952113921,-0.912223952113921,-27.04132912635138,-3.125,0.43765714954112783,4.23521730486757,3.539675326441404,4.261892932554963,4.755591890228293,2.6360191867935074,4.679961808538337,1.8588232757649295,3.1285896421529036,0.5381760552362891,,,3.1409318835165454,2.949753577856507,1.8482188598953495,3.102484873750002,2.6860106956128784,3.1300551297442603,2.458831800558127,2.995008282838952,1.4118895510265204,,,-1.3265149812564578,-0.8527432562132052,-2.870047129686101,-1.5080898812242454,-0.6224983908048859,-1.413448047400051,-0.48990908036684633,-0.908775427772513,-0.19199301866411694,-0.05871620091675965,-0.021923766947858116,6.2119053101520905,-9.493869775611042,20.309030960561163,0.9184941609339435,3.1285896421529036,3.8592031758158147,-23.120174477992435,-4.580286197280625,-10.324293874053936,3.0235296200943966,1.5372126597679583,-3.65697459803283,-385.7083678542179,-8.69722197729683,-4.700374531835208,-80.59252627773567,0
2018-04-23,-1.502923712210253,-0.48502710766656787,1.9228067436777858,2.6302943397377665,2.6302943397377665,-44.94133822914196,-9.67741935483871,0.25182805024226895,4.495597673269044,3.095268030355148,3.2521179051451234,4.294948927496407,2.7561891522074515,4.554921562230607,2.0427821830893524,3.1029519756381587,0.4863905493742686,,,3.0593699064016153,2.912390681988104,2.1183721293498556,3.0178173339324554,2.6805341124715754,3.045659570460499,2.4737432283705103,2.950678101392783,1.475967944731862,,,1.8017529855610361,1.9879170871583758,3.124666005383024,1.8232816790455353,2.145020889458456,1.8050343681702257,2.2262879414928998,1.9522999883004235,2.24429869936695,1.9678525107426177,1.7517080985368534,5.452398110142164,-9.178169817268675,15.331379085586446,1.2482377320839535,3.1029519756381587,3.698723111632776,-3.7621344696742915,6.110129890904823,-9.739078961355665,-3.429209599075926,-0.03527038227287342,9.994939500237015,321.1976221545473,5.920365866806826,-0.912223952113921,-388.3386621939169,1
2018-04-24,2.996247518427698,10.971235516294524,3.098783536970604,10.79480214483987,10.79480214483987,76.09181717869795,3.571428571428571,0.6583438440291184,5.106169389770977,3.614995485522777,4.1288111971981065,4.348822989911294,3.6187145211032314,4.897367096925517,2.5579836788078665,4.129183527064554,0.9816517935622292,,,4.289773752562972,3.831764404578033,5.130506331676518,4.407047308316274,3.477727680801626,4.348997213027933,3.1984987792238315,3.9011471037840764,1.971639475872934,,,6.526164458971142,7.5568342717762205,9.597188072717184,6.486320603643314,8.355889029298169,6.4818588220743765,8.797556223674574,7.378118718810059,9.15894026027559,8.137433674812408,7.2634620889349595,10.938747157191651,5.208496924811089,13.985711106272708,1.9409710525881065,4.129183527064554,4.815470894795396,38.90422885572144,19.867719332417288,7.201963948590395,-2.111959182515346,-0.862956210659829,5.880652644872908,-279.75559380378434,6.338413912263671,2.6302943397377665,310.4028200097225,1
2018-04-25,9.829532793582418,-2.562083406094834,-8.660031196612941,-17.513692266929617,-17.513692266929617,44.97533358068461,120.6896551724138,0.49381184790462385,2.8103587961878542,2.588590986007995,-2.313612685286571,1.996107605863727,2.4520898654137735,2.208647249114384,1.7315550881231725,2.506137726989789,0.6592884489179731,,,0.6053778364602562,1.1751557187893902,-3.15427089075558,0.2516967372795792,1.2695767390915333,0.44474396741329625,1.261697768084971,1.1341585020937635,0.8455311234637582,,,-22.383022321047903,-15.707581082104666,-40.20193647902033,-24.770583583053433,-12.063466452614783,-23.534437641865814,-9.790346532029423,-16.545707511346617,-4.104797202530804,-1.280463976261777,-0.47752650347444797,-6.421306228096473,-35.60397299320138,7.901202890853046,7.456036492443061,2.506137726989789,0.9962793639808438,-84.0014684945245,-97.9906568680293,-29.236039113559325,-23.72984834300666,-9.584566348735347,-50.610399251859505,-154.4418698175001,-21.27387300558074,10.79480214483987,-262.2419015368567,-1
2018-04-26,-16.61600056809153,-7.218820060393549,-4.094867895682721,11.559229411812534,11.559229411812534,-48.734218009478674,-26.5625,0.232312662469279,2.9072743528276734,3.02428419432946,0.7270591676765629,3.0054087029611045,2.9321147213679377,2.7516228342936064,2.3433773689563435,3.275433681492195,1.1250401726090242,,,2.1230161236879677,2.2288093827141937,1.4307495171056883,2.0153388100004723,2.1512151934933446,2.0747094327723827,2.0460818191763845,2.2327989028171387,1.3519816113811125,,,8.506423358163953,7.7725110365274475,20.711597385624913,9.269221365861027,7.93471721626714,8.837775217732476,8.107186995360847,7.774624573256098,8.252841688502748,7.415494107148161,6.6593638717786545,1.051352800147658,-16.287399755201193,6.129961681002734,7.933843986072605,3.275433681492195,1.763603286857103,256.78625398779883,3010.701221522078,-11.281945486382538,-5.741268625028402,-10.870416405096897,4.115954356014362,-144.5108867705494,5.567727150044553,-17.513692266929617,-166.00109922931188,1
2018-04-27,11.54349950727731,2.219922078584736,10.957684497034412,-4.612003455175636,-4.612003455175636,-27.817118852777273,17.02127659574468,0.19573515351920726,2.1551949361214144,2.786604151320679,-0.036820296947905506,1.1168395717486754,2.5999011860400696,2.3520257401995583,2.0962379857042572,2.7866349897790026,1.1010541627846695,,,1.1036688681709586,1.4713313691948988,-0.6403262264260767,0.884965150595415,1.5183587511344134,1.0029703434463533,1.4916423435145785,1.4456575749437606,1.0416633090441256,,,-5.21995990326529,-3.6924426301719313,-9.999412115555868,-5.7907292704028865,-2.866602810712075,-5.492899178694808,-2.344713366193742,-3.8816922886597314,-1.0016842966319095,-0.3133281568344068,-0.11643664712180435,-3.657606944065979,-35.591146285433275,3.7201917246925578,8.889724497696879,2.7866349897790026,0.6858565958581992,-18.964029679828055,-32.86753246753233,-35.27911115827938,-11.226243910423996,-14.578983091809656,-24.441009282414978,-250.30030030030676,-12.083931926116463,11.559229411812534,-139.8988833153754,-1
2018-04-28,-5.128447504853595,1.36699112204514,-1.5360102706358694,7.2670097853788445,7.2670097853788445,-8.538846938043667,-1.8181818181818181,0.2039098952739904,2.723750588435204,3.0443223267738717,0.8615565677661366,2.301854432133485,2.523412948457655,1.608476811159084,2.641170340196074,3.1071186815938936,1.2662573024844395,,,1.983757270367121,2.0746086519028712,1.961479743868825,1.914188771874624,2.0237955557670544,1.9511496218050601,1.9436521511711706,2.0751288906128753,1.3474563595067892,,,5.339489970842685,4.803499103655312,12.788393857550895,5.840224536506001,4.878808097846101,5.5588686355807,4.983327684132655,4.813454170367837,5.124866982580952,4.657714979160049,4.200652452048732,1.0858790655165353,-13.07636231409271,3.117740067986218,8.5443608760727,3.1071186815938936,1.0830389733065244,2.828216345967637,73.58585467770608,66.52165326006892,-3.651971014451532,-6.972418718977938,21.65451890801921,222.8035122771946,6.365267688819366,-4.612003455175636,-257.5673100856793,1
2018-04-29,7.543265324892308,24.405917609319594,7.971765290243983,21.868944488772392,21.868944488772392,255.60677518007773,12.962962962962962,1.4930607961377051,3.2085662290211077,4.230419145534797,3.230812527049586,4.238473378082976,3.518234647801747,3.95313212057374,3.6339065746959323,4.489856444192437,2.0139324958572433,,,4.9703428056341,4.2398288855405095,8.852614011215664,5.301287421208893,3.8583051072107835,5.1232818223002665,3.584540101825036,4.324327599492522,2.414362600735947,,,12.75185094208198,12.352766507153326,23.375101886294885,13.550783909161138,13.052270468556962,13.095172911405772,13.674520244730354,12.267115348651247,15.058833831211063,14.221610435430174,12.981378511530794,16.307231661593615,100.91654036593796,6.074663271393065,5.279456457305452,4.489856444192437,4.174221516855602,85.17291364671796,35.95377293539666,20.59834652870654,-0.34860015267553146,-5.383194473738599,13.297857408194327,-72.92569306446842,12.306913378597221,7.2670097853788445,200.93456778842528,1
2018-04-30,22.398728584053146,14.551684945333642,17.84322886716504,4.858387162774375,4.858387162774375,60.320313004525275,-3.278688524590164,3.0777060123518103,4.037551672800422,4.5156548635645954,8.029775869530571,4.037314409303984,3.9552101121570917,4.2998044610185575,3.7516728866339992,4.550927152234195,2.059979668536804,,,4.950821102893454,4.318933373768561,7.304647110823495,5.214281916119403,3.9667859544321717,5.074374108170305,3.707961260968621,4.3952193103189225,2.565563771663931,,,2.4374197703656826,2.517906778876681,3.450092740063219,2.518686980566245,2.7417670978638444,2.470398632840477,2.92652489880157,2.4824836311100213,3.398372668440724,3.339075118345109,3.1038588022213762,13.71077993753564,38.85165219658817,7.951729524823642,5.369795065972166,4.550927152234195,4.220119815584211,-17.577926435005462,-19.515572956308,17.649834575901895,27.912469584834763,7.802541299399373,30.221563928843874,-60.71471543737078,-6.714223536119714,21.868944488772392,-77.78408022724325,1
2018-05-01,4.686599318757461,-5.8488149097021225,0.03873285613640926,1.8201989117830646,1.8201989117830646,-50.92882967853494,-5.084745762711865,1.2842102539606999,4.0667444613226555,4.359139910407642,5.990027053988074,3.595929226061687,3.7983621854632945,3.8167896602748086,3.7164623829651973,4.215583406002753,2.151001925712752,,,4.405415368834238,3.9977295959631327,5.227599148218387,4.549786887847175,3.731944645576003,4.4747881483587175,3.523029830847614,4.051891489251272,2.5184204581200347,,,0.921232557347717,0.9511470415151645,1.3349356041923062,0.9532980177174228,1.0371475103763363,0.9342562152255174,1.1084968219234888,0.9376018286830469,1.2932746386997684,1.274673382997823,1.186015874867875,9.642665566692814,13.895667474241227,8.389560276532263,5.208674610453719,4.215583406002753,3.809967496203907,24.15383856325241,0.5108721725329154,2.8897889418866716,4.944309587609983,10.32315912360082,2.81108366634864,76.78407350688809,0.4700241325100666,4.858387162774375,-62.53491434915528,1
2018-05-02,1.7255859483631157,-0.936397334465809,8.854804977836325,3.16029807107933,3.16029807107933,-51.82174562432677,-7.142857142857142,0.6508974645322054,3.7564175605452923,4.143270704816569,7.155774183662111,2.8321570052366347,3.9510644184840378,3.5534326151584597,3.461883183090127,3.829281174229151,2.22153485069436,,,4.193866736308151,3.8923346157382475,4.470031191713806,4.284854458513322,3.670557842648909,4.238745608991776,3.488079929188987,3.9355648612863483,2.5587418442988077,,,1.6152633896633837,1.6619386917664019,2.412090818325043,1.676224254950397,1.8129783440245926,1.6401740063896622,1.939314536029163,1.6384352557871396,2.2692953290560034,2.237073948563417,2.0789653388700886,7.9039900081062795,6.746431679848569,8.262378965262048,3.0179283764310365,3.829281174229151,4.16513328213546,13.867307806942625,10.730120369940026,-3.9881414583828447,12.510282075747428,14.09094640785509,-2.0089096763697865,-260.8021483021382,12.267987224871154,1.8201989117830646,73.62377543581266,1
2018-05-03,2.658060706465127,1.0788853899282853,0.14367373459287838,-4.926146285022795,-4.926146285022795,38.34246199622663,5.769230769230769,0.835585860000515,2.7781161269283134,3.2349843476343683,4.497640576286472,2.6010661496109733,3.4435982228070685,2.078193704787822,3.012356592093437,3.1556969569055013,2.1798591584139735,,,2.65972372127689,2.79030445075578,1.0699448871230817,2.5475408064901788,2.7519364753759814,2.610035753187988,2.6799209214178283,2.787997248891749,2.085799235486791,,,-6.904801618672921,-4.94662764996808,-15.219544304249972,-7.7230211913624265,-3.9403763991534038,-7.288911143171839,-3.2901284157461372,-5.177820684863325,-1.4879985586060924,-0.47184341864263385,-0.17382822487742106,1.3905861275403302,-15.243346706122107,6.46846666436219,5.309482232858005,3.1556969569055013,2.2739759613770607,-22.214078805011678,-21.953971039261198,-4.21352102411459,-0.858415704641597,5.281318536170521,-23.858002520884416,-59.29537251521981,-10.369702948040269,3.16029807107933,-255.87600201712507,-1
2018-05-04,-4.540685350291314,-3.9770451374071323,-3.4745449867439255,-2.109065128132128,-2.109065128132128,-21.09288402788834,1.8181818181818181,0.570784645352515,1.7240373925855546,2.8265885252677974,0.47616853379285945,2.3959084934228927,3.1884892671605276,2.17473743302714,3.0228534944099934,2.9630462262275,2.0127582103929043,,,1.9168081027130677,2.2240014662735197,-0.012160838199971491,1.7332552148186262,2.2713169503450694,1.8329894505150643,2.2540266696031894,2.2014337652800022,1.8389471409143303,,,-2.923298898395784,-2.0658116383116476,-6.9196582953666725,-3.2934348410278225,-1.6383167153318234,-3.0962202104911554,-1.36498595740614,-2.1650801745067096,-0.614004647504743,-0.1936071624753438,-0.07105938179284547,-1.3532651566105673,-25.537456640710932,4.5239543176816746,7.394650812766317,2.9630462262275,1.094980641021232,-41.0602117731515,-53.161249619872905,-20.03083257563899,-15.980107162609963,-1.938083153403998,-30.33926334938009,-91.31815775543166,-0.7911322563065972,-4.926146285022795,-57.1863073870863,-1
2018-05-05,-2.274141129538462,0.6551682770955234,0.9384380034072316,-0.18705072895607727,-0.18705072895607727,-13.77297939325646,12.5,0.48490596504888195,1.9825057324012656,2.775580780720668,-0.48076338661641443,2.1401386251393926,3.1654308445026453,2.1719187817057932,2.830165567926884,2.1374312798915986,1.978998614226295,,,1.6020009051397548,1.9571283293740163,-0.07044328800978941,1.410140137183029,2.0386626358463547,1.5132460219477082,2.0461997439223105,1.9274105861976576,1.7243466564855696,,,-0.27118707451028645,-0.18753863962562492,-0.7157447438378628,-0.3088018458245332,-0.14748883998706191,-0.28865096032945675,-0.122306353444185,-0.19697851632559543,-0.05434350494529089,-0.016973873491611904,-0.00619972535460568,-2.3277712490667057,-32.61864107491226,2.9163667948682312,3.3644075803975007,2.1374312798915986,1.587991186191574,98.12925817379063,38.30675327454576,-23.038426481941666,-9.95321522144689,-8.848683022443966,22.27533819900855,3014.329268294764,-7.0561282375485295,-2.109065128132128,-91.1311070264704,0
2018-05-06,-0.05823363677624924,-4.915772565611802,-11.543484688004998,-5.83629242596079,-5.83629242596079,113.78442574458502,6.349206349206349,0.7462178779475642,1.5339773700391122,1.6765856865620659,-1.9799248138251166,0.8144060298146365,2.7066262082700376,1.4644066418379964,2.5599685847771103,2.041591527627645,1.8508292446677141,,,0.5085834913674441,1.1126360849593446,-1.9896833227309292,0.21004256174759176,1.309650953609997,0.3694044961527269,1.3897917461686389,1.0551832672688781,1.3047152786005602,,,-8.29803703760989,-5.765895694139055,-21.103775632221712,-9.435492049200873,-4.552787225915718,-8.826542966564864,-3.7869365383015134,-6.051493469131937,-1.6969895281417433,-0.5310730886741281,-0.19366945418095718,-6.62183192059536,-72.03334827887711,0.7924979960251562,6.403410689781379,2.041591527627645,0.0542135335545518,-46.93062079167024,-28.83645064260092,-25.46992484606786,-15.283964758506622,-13.827252721591368,-25.96625385079144,-5.227606461086575,-9.735651569613436,-0.18705072895607727,3020.1655607187627,-1
2018-05-07,-5.761919859243834,-5.716874008278464,-1.9580038355328824,-5.8740189490354044,-5.8740189490354044,-19.420477215184643,-16.417910447761194,0.45873917291076366,0.9222555679823937,1.617908305268018,-3.7705016460224976,1.6515261152044534,2.1743872742440784,0.28855884914200897,2.1931000210628064,1.6847029643374134,1.6792260992462096,,,-0.37042056018978087,0.40759413345015977,-3.2318919036449287,-0.736757337342669,0.6915413342577585,-0.5422090842409882,0.8280144905225132,0.3297976123803353,0.9343662473976664,,,-7.771182066819769,-5.4147148931742635,-19.355270518295463,-8.831849372170462,-4.288578706083531,-8.264116313152586,-3.5759837155234826,-5.679866448129304,-1.6139669358288664,-0.5057727201673885,-0.1841232640491921,-10.36454126312685,-291.9309127898857,-1.509089136448082,6.940367038009603,1.6847029643374134,-0.8618961623099138,-12.141176470588329,-64.99723263917163,-19.46625858782077,-29.025021265370622,-17.218208220740024,-41.45867338594799,-110.96477636608037,-1.609500974062054,-5.83629242596079,0.6464124879488253,-1
2018-05-08,-5.805368313854809,-1.5587845166982486,0.5017591357563017,0.6842670156224271,0.6842670156224271,-49.97629341828405,10.714285714285714,0.22017205675078427,0.31582444593586195,1.6351025384734343,-2.7006282296613873,0.9601853126582574,1.8441731543028257,1.5801526735712397,2.153212055024861,1.4015757041030872,1.5183189869317697,,,-0.2331940143683174,0.43376723605350304,-2.0137010073188284,-0.5270627671714043,0.6909562371088313,-0.3727293431090675,0.8176361441735187,0.3646108216608509,0.9223340166827789,,,0.7015230263765715,0.5110349836578885,3.642315194813054,0.8369319352777108,0.476532428072737,0.7610875713995671,0.46854836736432515,0.5241334793570426,0.46470863012564173,0.4266509355499961,0.3855573794967248,-9.750111652326474,99.46838733276219,-3.0562777189229435,5.2864305352432375,1.4015757041030872,-0.6289516486770537,-34.806971282600564,50.199381789806566,-31.92004733997888,-27.66521517897738,-23.078902162608447,-62.080998326299444,-321.19642016008135,-11.231280899965125,-5.8740189490354044,-111.6490433817003,0
2018-05-09,0.4388928573726845,-2.9704975997839083,-5.984791851224916,-1.5032876414133907,-1.5032876414133907,2.6677118235939052,-14.516129032258066,0.18086296432609333,1.3669131481928711,1.2589033897894326,-2.6025698418651957,1.1501664112075713,1.6112171863888924,0.7800103814078635,2.1205019230014597,1.0422657531445563,1.3343328404403314,,,-0.3999669535041644,0.2500658650586928,-1.8505561685119787,-0.6728744104081976,0.5144777775023343,-0.5306122247471453,0.6502906909103953,0.18057618022375013,0.8059130551800692,,,-2.0990906718484634,-1.412181834931539,-6.184337856714143,-2.4274428307775393,-1.103914933578675,-2.2503059596212247,-0.9139255870317103,-1.4864821969920508,-0.404881260958886,-0.12490793466202967,-0.04507489787347385,-10.703864350990452,39.34123845310088,-4.3929149035209285,3.8024491772108724,1.0422657531445563,-0.4863014020869082,-208.84155975478737,73.61412872876045,-4.65101020433842,-2.4029483386065924,-22.443002423244046,424.04966744077956,773.7436115844131,3.5195849550275744,0.6842670156224271,-319.69313251873604,-1
2018-05-10,-1.3887732022835397,-2.3130017777721665,-6.669819251786476,-13.335348374641676,-13.335348374641676,23.70092767711447,18.867924528301888,0.11640783672113017,-0.16851639398505744,0.35537236151123636,-5.179878993713666,-0.3483072554323239,1.0685254074824977,0.11471950175775453,1.5183919213651424,-0.17792247550600687,0.9619310475562912,,,-2.0796654642898766,-1.0157788312460814,-5.534460424053568,-2.5483644736580002,-0.5770737584974065,-2.3013123018755306,-0.3365386531891262,-1.128697034486714,0.1427321727035967,,,-16.423402038963214,-11.446757641048256,-39.335962343059926,-18.684044735979693,-9.104429891364212,-17.47428992162014,-7.6225658382590336,-12.000837706094906,-3.4827074338584194,-1.0902709157222574,-0.3942477706553032,-21.29446191460352,55.65465903256521,-7.151956058242012,-0.7011794845033562,-0.17792247550600687,0.12434148413687629,167.38183718499556,-99.03755838792748,-19.07957227707593,-33.29794972908686,-21.78006151833714,-111.84648342255082,-40.920279788453065,-10.607201407620929,-1.5032876414133907,787.0789599589749,-1
2018-05-11,-13.01512941382863,-10.262811919148735,-13.239428161793132,-9.090772721306571,-9.090772721306571,152.65563480281418,-34.92063492063492,-0.05716862342518279,-0.42228652522484394,-0.5456452201348495,-5.712487136472288,-2.475193701853786,0.18908612154812393,-0.8892756448188347,1.0424637610208767,-0.3591305722711945,0.7227689566808124,inf,,-2.8854293828754667,-1.674536628582837,-6.5809952135739564,-3.4101252165655356,-1.1619630461161485,-3.1341548388320013,-0.8736742353304392,-1.804752867013473,-0.23201036242353879,inf,,-9.41697853502747,-6.61601820513251,-21.806270028919446,-10.681074066978852,-5.290251112756798,-10.005496316880373,-4.446581747953289,-6.928749209319952,-2.0555842181471604,-0.6463652363865211,-0.23353840367821982,-30.416673371281576,34.64166066652054,-10.371260392946233,-1.8332709800331182,-0.3591305722711945,0.4853984542236092,33.411511775627936,4314.706894189649,-9.529443350214603,-21.884545590963505,-18.70884355023236,138.74578943494726,-105.13180149333998,-1.9213400457630394,-13.335348374641676,-31.829507067145947,-1
2018-05-12,-9.57090409301247,-9.183713973318525,-9.452163831738499,0.5131716815035415,0.5131716815035415,-24.956610458516085,7.317073170731707,-0.1667643494158789,-0.814585290450043,-0.3262336673144951,-4.62701021817487,-2.9294219396889347,0.4347919937412087,-2.3055807641626456,0.775538674601832,-0.30107345439440647,0.6771398073291246,-0.6691717068899856,,-2.519796736189033,-1.5095248492308275,-4.54944336939616,-2.9237442140266805,-1.0561135061876024,-2.7142609283825934,-0.7956350120842824,-1.6225425112316914,-0.20445249963498766,0.1975408402889038,,0.7102075221751422,0.43568453710354643,5.761345250729933,0.9016652005564038,0.36979784621996076,0.7938980092497274,0.3433027148550244,0.456624029529253,0.2992196101314314,0.2594479628790783,0.22959692764180245,-34.79149206823969,12.300627404340975,-12.994705205137095,-1.5160908104042057,-0.30107345439440647,0.37894323731817203,8.382980108734579,161.5386618593868,7.7553083564658145,30.399796317188425,-14.65023739596065,106.55197602163,976.6077170413922,15.774960671708559,-9.090772721306571,-105.64497317484138,0
2018-05-13,1.9940278288308348,2.953061735360868,14.212140611712545,5.496638731336564,5.496638731336564,-42.03306815546416,-9.090909090909092,-0.014334527048372962,-1.884494292626319,-0.08058451634774288,-4.030536241754974,-2.837875255256983,0.6158289748371705,-2.4373789111518196,0.809276290999366,-0.1962659348084518,0.8296972377900289,-0.2697736300706579,,-1.6305288089142451,-0.9702197226891892,-1.5199657847316423,-1.8428897224759595,-0.6354866559880152,-1.7376322535032285,-0.4368911082033084,-1.0507595708676352,0.007897837545305217,0.3127138405839506,,7.6387448960197695,4.687918684470152,59.29460585710331,9.69346655645789,3.982412778547201,8.537576348574426,3.7003637177213324,4.912708044263193,3.2343507345618083,2.8027196225530533,2.4750033310616493,-33.10349214639928,-2.1542914930242265,-14.613778858329804,-0.844557217522823,-0.1962659348084518,0.15971761791434386,-23.99675597741202,51.59080013832321,108.35603551753184,35.51092998809195,13.58488785911684,188.04895190922298,-146.57656984991613,0.52020808015476,0.5131716815035415,971.1110783104406,1
2018-05-14,3.937623253195936,-0.11617001732903563,-1.6861734612778303,-2.4267557799814123,-2.4267557799814123,-19.495749585235863,0.0,-0.02451654616232545,-2.436762448677737,-0.28582697767416126,-4.316854198672569,-3.400634665677883,0.3021224374752604,-2.81191543299872,0.7556864728703251,-0.7720625163876823,0.772169069024841,-0.38309693333826295,,-1.7252542200264922,-1.0896593179478962,-1.812898698881684,-1.9234397096528755,-0.7575657780398879,-1.8256331712389309,-0.5571011191571943,-1.1685864946956046,-0.08776350471681006,0.25009603129864877,,-2.722683679157928,-1.8410545856972165,-7.5525629747200815,-3.147877149516614,-1.452529284960508,-2.9186713401433995,-1.2125560577228454,-1.9351949938330468,-0.5511468911734261,-0.1704009898890685,-0.060879209560680915,-46.75919838690934,-2.7658961203204218,-16.641533874978474,-2.643876468815404,-0.7720625163876823,0.24546438066167187,-1.3022171284037467,-6.678980338565734,35.61819589296884,13.522459384844327,24.711261124390226,34.28669740164793,-111.3978839371676,6.989483405899337,5.496638731336564,-144.14981406994042,-1
2018-05-15,-2.3831693776176035,4.180415916414875,5.0512485587007765,0.28347812912407316,0.28347812912407316,-8.801389693109437,0.0,0.004514599416704927,-2.632270688076909,-0.7305893010971979,-1.2003100133191862,-2.9819028036965163,0.10071578851139348,-3.1670822816580313,0.27338589639362715,0.09172900799234636,0.8656361053456197,-0.07754796402177794,,-1.487985491002222,-0.9785807834805433,-1.1399110263595365,-1.620536461006719,-0.6878095576677191,-1.557949266255707,-0.5072754972153829,-1.0458287261441073,-0.0735183218691763,0.2508386928734614,,0.41615157590196894,0.2544398120109389,2.4883222897396235,0.5256976125285872,0.2147430412552752,0.46438053961529513,0.19858322603902578,0.2669640775823697,0.17127011103072004,0.14711077860401747,0.12933025583782382,-68.48267408911728,-6.179354450913704,-18.730184511022447,0.4649740206425665,0.09172900799234636,-0.10532068942168023,-1.3684505575909844,49.2541003506522,28.276804479942303,48.65760287662798,33.05230825872227,8.960932878130494,-398.59353023882613,-4.971648109724488,-2.4267557799814123,-111.68136206628402,0
2018-05-16,0.14687218129137164,-6.933807084759704,-3.992256068172523,-0.844054642896884,-0.844054642896884,-13.36132983377078,-20.0,-0.025991231430316654,-3.028225413566373,0.05458556630748207,0.5609975430764516,-2.9171097502577963,-0.3668483936324018,-2.8415456304273117,0.45085854619773874,-0.4099559703676014,0.9006202550343586,0.2238803954770413,,-1.410557525284206,-0.9675597313992766,-1.0435664894092918,-1.5119004038180492,-0.6983813125958994,-1.4656484360003057,-0.5273968566740255,-1.0285415640041908,-0.10319076180500743,0.22647234082675763,,-1.0490749251197564,-0.6814823499141799,-3.5340467281725547,-1.2369617295132118,-0.529369849112166,-1.1348780145378523,-0.4380874113425071,-0.7192310425552185,-0.1946471175242261,-0.05911225175845382,-0.02092110400695272,-185.2700889148509,-7.439588306784721,-21.332318512095753,-1.6982717351528744,-0.4099559703676014,0.2740759985824727,-18.580693616978127,6.781252170569983,14.651172033989686,29.143267520231802,30.85204309114188,18.51348013588622,163.02402260956077,-2.1478646110431163,0.28347812912407316,-397.7494755961891,0
2018-05-17,-0.5061253118449458,5.636323059388011,1.6477814432641735,-2.2389645590835663,-2.2389645590835663,8.194507758267502,-3.125,-0.014678612856299287,-2.804715615913314,-0.4819015633174429,0.012695147978350304,-3.150927698675512,-0.2709640374696398,-2.871671813234158,0.39074115464603904,-0.2950908748010129,0.8594483859039165,0.07312346580470146,,-1.5107397668495859,-1.0718494526727735,-1.4336282932365785,-1.6143123077954136,-0.802466355101128,-1.566262723943717,-0.6293314248562121,-1.132438867837074,-0.184826916710711,0.1721912072502552,,-2.8715193089962994,-1.843205597466345,-10.035107193154785,-3.4046313145189777,-1.4253136277073442,-3.1144981323758927,-1.1766738323031423,-1.9476510100144708,-0.519495206177524,-0.15678800583773042,-0.055272100034658905,211.9418922390723,-6.763084080213389,-25.283058428411888,-1.3716678196421945,-0.2950908748010129,0.26527494598309675,-17.17526801296433,-61.78755684558962,-9.568268356440932,-1.668799710778141,20.14745064891014,-2.382421702296737,-286.7478510028926,6.871608326563765,-0.844054642896884,165.26298716859654,-1
2018-05-18,-2.261511840292236,-3.7556258936352385,-1.4135595471297158,4.27697822547238,4.27697822547238,-35.5072,19.35483870967742,-0.011310090248461272,-2.4321999859305428,-0.11841999954039756,-0.22401297774402631,-2.3084077603121944,-0.10404013607074036,-2.649991757326848,0.3070134022626114,-0.4380105383109933,1.0668551936457926,0.18350796863161248,,-0.8159854622821419,-0.6382765221329013,0.41453412151490654,-0.7897527802907925,-0.4642580267242917,-0.8112083871219844,-0.34186313855146294,-0.6733153358826972,-0.01779205753074562,0.26039032969020065,,7.266309363041809,4.211463122605555,52.51761638481797,9.398576706436828,3.472441386365556,8.199120542853763,3.1678972805656422,4.4444745591378965,2.6404310621426026,2.2133961091638925,1.920904286907883,26.437870228487675,-14.475636183994517,-28.940123109041497,-1.5929347279033959,-0.4380105383109933,0.15332118805792924,-12.499623731976762,118.68882312770288,-4.348734520193016,4.513221655129458,9.187446343508872,-17.30380422424317,-56.81818181817949,15.883672365059947,-2.2389645590835663,-291.02482922833696,1
2018-05-19,4.105159624605548,6.59313091402275,4.424406220268913,1.7711262758362916,1.7711262758362916,16.19777711620522,-16.216216216216218,0.011647028711480486,-2.3595085457661114,-0.34888999572059004,0.6349015842534722,-1.6148129803238813,-0.13543616837056727,-2.013708664178074,0.172186579906706,-1.3847295134116213,1.10619805822514,0.10172619295726032,,-0.4894834774789815,-0.4333103052782653,0.8704650543709435,-0.4130207488939224,-0.3083280378758967,-0.46040581071828984,-0.21232191909979994,-0.4555036133792825,0.05205574458337102,0.29415179170890543,,2.8911476313636864,1.7372080369401945,13.301603355404692,3.6499446580012473,1.4469486151930206,3.22775112000948,1.3265860645982548,1.8279497897904717,1.1171480482174052,0.9404442716136601,0.816702512162728,6.481182270666251,-17.997846547729786,-33.39651741526124,-1.9418545876385453,-1.3847295134116213,-1.1044500142971017,-15.82296988148677,11.984125048121792,-2.894308766390586,8.15396269175431,3.7027062453690385,-7.680757307008193,51.0326449033928,-7.361753867668895,4.27697822547238,-58.589308094018286,1
2018-05-20,1.7978403870454667,-0.581391072833849,2.6155384268068476,2.628426113438559,2.628426113438559,-27.02706549665151,3.225806451612903,0.014997210190814613,-1.695800780991533,-1.2193873367211827,1.1150997626686088,-1.4922600540276367,-0.42679093316610967,-1.2964482074595427,-0.13919926286699688,-1.5695615894162331,1.137585670729059,0.014603359291428251,,-0.0870540253033538,-0.16708386366534378,1.466565663259514,0.04422084906750636,-0.09920073166613187,-0.031390055463342274,-0.034702257750144676,-0.17456374041597397,0.1543777609865996,0.347085649454342,,4.26622498100338,2.5961994779881867,16.786159606895286,5.3375248882004565,2.1698285359489415,4.744232664834761,1.9927062434599434,2.729099001676632,1.6835306782866222,1.4166152667214627,1.2282217937453037,-8.798138131814815,-23.529242562605333,-38.344195879951606,-0.5687989877918386,-1.5695615894162331,-2.0687639384388836,-97.73999754791767,31.338125518385468,39.3272690821444,7.15342843815297,6.651295176421194,-23.11213521049802,-291.4130274959339,-3.0651928689662777,1.7711262758362916,48.40421878996054,1
2018-05-21,2.764178596564516,-1.6604217449038925,-3.2583757621472107,-4.902296751258704,-4.902296751258704,23.73140878724338,28.125,0.0005170068812532816,-1.5542504150286,-1.7122190226999643,0.24611561929926704,-1.7840501934136055,0.08659937439214632,-1.7582844366077852,-0.1390026145866785,-1.929032094703256,1.017315608325181,0.026335899657848237,,-0.7254502757764145,-0.5903532006540303,-0.7177574908716609,-0.7186319107895677,-0.45056947597747754,-0.7259229030810912,-0.34715987683108745,-0.6173440534585586,-0.05141188771832864,0.22534019112040818,,-7.259215026998997,-4.58067218265754,-23.806689923421825,-8.654931667542499,-3.5190159912208037,-7.896320349049015,-2.8961567468752603,-4.849140146490999,-1.2677332467388898,-0.37658934687918794,-0.13099599302394624,17.384547434757184,-11.6830817256951,-54.92493792198333,-0.34619704754789893,-1.929032094703256,-2.7306781498971677,-1014.7377938516767,-46.66217156916447,-6.002269741666885,-7.859075443864984,2.0931508337620817,-5.702661408085861,114.03441388846758,-5.791055479167865,2.628426113438559,-286.510730744697,-1
2018-05-22,-5.148979084977158,-4.925826738482832,-8.76426395939087,-11.033496877611077,-11.033496877611077,17.46460888482517,-26.82926829268293,-0.049935899134303456,-2.398868418044262,-2.3060990903951977,-1.5020119382848927,-1.382786096457474,-0.6526824219333354,-2.4825273945812505,-0.43202916432743854,-2.654442857115444,0.6229198688668142,-0.0535586112662305,,-2.0345737769033803,-1.4833503025863928,-4.106619102335914,-2.2423582861374305,-1.1901388575972867,-2.1338287415733803,-1.0017748598546947,-1.5508178530731827,-0.4766544153286734,-0.02241946046351937,,-14.271277308430832,-9.314393243054596,-37.94424593168732,-16.714030904049487,-7.254199860128664,-15.398280908007802,-6.019805371557826,-9.826861363736645,-2.693116995905854,-0.8075171837730565,-0.28098662882134995,58.02096290169051,16.89359704681964,-142.43737590780054,-0.5311303729229291,-2.654442857115444,-3.7561823156871723,-287.70386478204983,-100.0,-33.17948783748538,-9.46265638573742,-3.468788908982167,27.782656327550143,12.45020277787772,-8.708917303163725,-4.902296751258704,125.06791076607344,-1
2018-05-23,-10.906176728464372,-8.02198063045956,-19.455374152082186,-13.945911300229675,-13.945911300229675,134.46133199127664,-13.333333333333334,-0.29285566440960187,-3.2041941738867505,-3.080309471301097,-4.85044288591359,-1.6389823869004359,-0.9038546895731341,-2.248308379386643,-0.8757006616495092,-2.95565822700648,0.3324585905455445,-0.24101546636140803,,-3.4083578133762136,-2.4457223050228643,-7.10547239764327,-3.815750401375583,-1.9927516931908726,-3.6005160906850993,-1.7143477076151257,-2.55464515419482,-0.9428810498628155,-0.29507172558052874,,-14.67167020731724,-9.887843447797174,-33.863333964639615,-16.91675308867006,-7.809551671363797,-15.716618636630136,-6.537624146019085,-10.39654691484185,-2.996424757074349,-0.9088003294812241,-0.31654469674025987,61.47004385821041,32.8388761655397,445.8621800902345,-4.038333288368699,-2.95565822700648,-2.375057647802475,235.5186940494998,inf,-54.3547290622496,-17.258158084456753,-11.240681935466641,11.946355034991322,-140.83365249585344,-13.994497993545691,-11.033496877611077,26.396114078107235,-1
2018-05-24,-13.772159113679985,-8.561621740196374,1.0880977906475682,6.617494931104413,6.617494931104413,-16.592445464588472,3.8461538461538463,-0.24658913560886833,-1.7521081747678917,-2.635077309146005,-4.403799027813118,-1.2741478830464603,-0.9951307871505178,-1.1382305101867038,-1.0729605227568246,-2.6698781706615367,0.5503446752492324,-0.1489324349330704,,-2.378182315754853,-1.828355513548661,-3.230926845680303,-2.5608588043400755,-1.517057069675814,-2.4679221337556014,-1.3127616446738943,-1.8986656877879082,-0.7155374903581443,-0.17824151432270285,,12.02714318171051,6.515807884368095,72.826671347577,15.709650499405367,5.094974553422707,13.652644398120236,4.47945887982835,6.9511964686012355,3.39791390182325,2.7267903282912473,2.3248260921539474,20.128205088908445,1.0310941872766497,82.52255890634271,-1.6208194220727057,-2.6698781706615367,-3.2228667134725044,-29.870517146668814,106.95734962980875,-26.963142344238083,-16.931412365941927,-14.22923129885908,-37.745226634252525,-206.15132093167765,20.383441763550152,-13.945911300229675,-147.45114742695523,1
2018-05-25,6.385011438693258,-2.5754282972538207,4.171062773674743,-6.5885606170863085,-6.5885606170863085,-60.606455730515975,-7.4074074074074066,-0.1027291333271555,-1.469260154660531,-2.8135754955395815,-6.391096589605823,-2.2182306771446605,-2.0152377251920095,-1.6217506047175658,-0.6292437537307376,-2.988347112126471,0.3839607084595485,-0.3772727978865103,,-2.8506722900904986,-2.1805065321499515,-4.275401628055784,-3.0909360093606,-1.8203881008619127,-2.9672127281397818,-1.5874835503739113,-2.263198175163839,-0.9051854426883367,-0.29395893289618563,,-6.419707531935249,-4.318071834276823,-15.346449944338424,-7.412993411083893,-3.412878310180012,-6.88151789160143,-2.860375002156559,-4.540369949652242,-1.3170520073053924,-0.39874471687963414,-0.1382121866714354,19.550587133014865,4.288827777055846,47.15132740343387,-1.5445235956990317,-2.988347112126471,-3.7620262425701245,31.98531880133378,-51.51827876100398,32.68743538870922,-40.73725161070293,-23.567910755397993,-11.742410854397875,-147.7726235181563,-8.842774206230333,6.617494931104413,-199.56276031460064,-1
2018-05-26,-6.254217130652171,-1.5025759133990968,0.6706654701742647,3.369531911357625,3.369531911357625,-15.652018640303123,-8.0,-0.08362788038316898,-1.3343520672723113,-2.764260799020642,-5.0031144373343395,-1.8209756161038986,-2.196023659279547,-1.871200846868843,-0.8934433539787978,-2.5539420113721327,0.48221735594706644,-0.33318580316417085,,-2.1794963406465153,-1.7884272184921803,-1.9547237619915323,-2.2713746808237114,-1.5250499675487834,-2.2280558298518836,-1.3424784912634466,-1.844757391073566,-0.7750657628245361,-0.232001589188731,,5.904290691874516,3.2927989696714994,25.723865723324057,7.535750084274734,2.582338827591378,6.6349955474819655,2.2687813846218043,3.5071514320954,1.710044589470611,1.3661558195155095,1.1615248466825547,8.650872837328514,-7.679719188931805,29.58195391989411,-1.0995438631880206,-2.5539420113721327,-3.3512451823259903,-14.601102161932946,84.41954812478984,20.879297831781678,-18.58749183202897,-25.795243284049977,-13.546622336069811,-59.64858199752862,-2.543873000123903,-6.5885606170863085,-151.14215542950788,1
2018-05-27,3.71528730692156,0.7196113706439722,1.7989417989418042,1.315333329983877,1.315333329983877,15.258112452329048,-17.391304347826086,-0.09124736457329805,-1.6789724431631377,-2.4089649353529428,-2.26568345607058,-1.7864364946167304,-2.3003279957003837,-1.6157914873643708,-0.7187426180554762,-2.1797295428577264,0.4701287652550278,-0.33795804333793555,,-1.781003601341485,-1.5576483550684703,-0.9081680409794464,-1.7901096949884157,-1.3553809317505094,-1.7910697739015289,-1.204839539576941,-1.5975316622568552,-0.7087775179967565,-0.20488823194243067,,2.3019842654895246,1.3073910963419457,8.763115301306883,2.9032614691530125,1.0300986648042056,2.5731735603738466,0.9068704975172747,1.3905093221976947,0.6857817500664449,0.5477885200791195,0.4651929577974738,3.976162199873332,-13.335602796691479,19.7844076818638,-1.2518199297891255,-2.1797295428577264,-2.7002620830815585,-16.285441982368383,59.526374749161995,17.920845455721874,49.8346858247963,-13.353004525393661,33.43206917809309,-722.803666921159,-5.09067717142223,3.369531911357625,-60.96391532751751,1
2018-05-28,0.8242800655030623,0.7422116446923344,-5.0889464682568,-8.085591728447108,-8.085591728447108,33.3649909059143,15.789473684210526,-0.13978403676318954,-2.017969773764092,-2.4094598337843434,-0.8044669776681316,-2.336207255004817,-2.7552184478592667,-2.210818558126951,-1.1497170605929499,-2.6063999931060597,0.327303862473642,-0.445765257755539,,-2.5225371492216144,-2.0571965543825024,-3.256788959963417,-2.6615490791176524,-1.7682915832699566,-2.591891186096828,-1.5702597396979041,-2.1201421997340484,-0.947470954526131,-0.3450823737665424,,-8.301951836617114,-5.466662121893056,-21.972851724330468,-9.68542040130499,-4.288772129096948,-8.941915714722134,-3.581700577018794,-5.760032859410341,-1.635735960326045,-0.4894885840260204,-0.16799582875997537,8.57914237337199,-2.7482276330230873,16.06276434076657,-1.6542722656515785,-2.6063999931060597,-3.1484693438231246,63.40543617475453,-79.65887652102299,-6.940140500952016,-4.50191761956835,5.435968683938273,10.45528841779309,-182.60042931616672,-10.158023951098059,1.315333329983877,-714.7180751928635,-1
2018-05-29,-8.308120447444137,-1.2164721341887705,-0.654984137945929,7.266253034799034,7.266253034799034,1.4591871011084985,-27.27272727272727,-0.1326932909056842,-1.6581826876490113,-2.2447031634849774,-0.7425453504089141,-1.6805627396022038,-2.3593169677868198,-1.7281422445248138,-1.747475030758085,-2.2934947776583834,0.47669553441076173,-0.2719979785557158,,-1.4369055327065636,-1.387637771582203,0.01472473175523406,-1.3638904111582675,-1.2496520895588419,-1.4084230332563077,-1.1320371103150146,-1.4101519192967666,-0.7008501197215896,-0.22019728118689558,,12.830754216802651,7.156688491227538,52.201142070528384,16.281521657694668,5.57692092231179,14.384880003136042,4.872825163592419,7.629847969059017,3.6090900341830503,2.8471624490850367,2.402168412647675,-0.06332122072469684,-20.142163466531628,11.052102853886668,0.9706462623954883,-2.2934947776583834,-4.180519392337385,-13.012555337832984,682.2654357779758,52.68959568782875,31.00053596966921,22.255627182346153,-25.64110690817299,-118.65161865161389,20.132879253211236,-8.085591728447108,-189.86668235095982,1
2018-05-30,7.307378664895305,0.9918131400569276,4.641185223804403,-1.263467090504877,-1.263467090504877,-12.620677782045,137.5,-0.10929823383572237,-1.6985866811865398,-2.2520869413129048,0.38438361013660327,-2.200814702941866,-2.33988593129962,-1.651733240440477,-2.0160148368446262,-1.5168127118258672,0.4192221597913451,-0.331226926464271,,-1.4159717550420348,-1.3779379689952873,-0.41146466406994464,-1.3496156413435185,-1.2505135487571661,-1.3894899767923579,-1.1391086805248796,-1.3980801847342033,-0.7190983211688684,-0.23859935841037253,,-1.3493188583789766,-0.8748597468614909,-3.8488217888838965,-1.585992867447681,-0.6825715110037669,-1.458406960807295,-0.5684798536327503,-0.9232148333812186,-0.2579563887159917,-0.07655642650438968,-0.026098218021161173,-0.2347611319392675,-20.659587312156553,7.896099028845797,-1.8017607851100286,-1.5168127118258672,-1.343226311340929,15.53979642916736,-16.675510087875807,11.660677148462382,26.21278569680682,18.058573165094835,0.503816847724642,-186.34554140131362,4.783389175754866,7.266253034799034,-117.38815156111365,-1
2018-05-31,-1.3210870659285299,-1.20289391870296,0.5283371392983283,1.1049076441881573,1.1049076441881573,2.3597702368863764,-34.21052631578947,-0.11034461935286789,-1.4756215871247014,-1.4103517501662541,-0.05727878870649051,-2.340992675974496,-2.3521108882424575,-1.9714223297779097,-2.1127293950400055,-0.9619712759436048,0.33057190634878636,-0.22524893429859802,,-1.1112344478867262,-1.183761167980548,0.08981602871045241,-1.0004103756342004,-1.10365629614207,-1.0632741279113611,-1.0185216006216233,-1.191810350689109,-0.6602619806062934,-0.21514489624113992,,1.9511858363113976,1.1252326123552314,6.434434104935417,2.4233422652933796,0.8836544679222276,2.1665140642212593,0.7742858312479242,1.1965837140263764,0.5750025187784514,0.45269784266847396,0.3809658251009784,-2.150055679460718,-27.5959237507859,5.2987064527981795,-1.9231736368650818,-0.9619712759436048,-0.3791416848799531,-21.93290296492062,17.819585934932654,43.54194571297478,19.701113817466315,24.704330533220638,-12.822571682743025,291.24020285838947,-10.004684091276623,-1.263467090504877,-187.4504490454627,1
2018-06-01,1.1735305367843925,2.1904929957160513,1.9664632572354794,4.275601461141198,4.275601461141198,12.462613639728746,-4.0,-0.10976761393703297,-1.5618698175363137,-0.7438615632360247,0.5410950801750828,-2.3300949250796537,-1.9492495881721714,-1.86744181350318,-2.1978967526145126,-0.8112234758528547,0.21924698696205244,-0.05286988541148154,,-0.44545162824862855,-0.7469100149352031,1.4875819279450895,-0.23382905769192314,-0.76077706729214,-0.34975786421906063,-0.7279272952332547,-0.7307709281780753,-0.49821842611910094,-0.1357099371286315,,7.534267136181784,4.383794982064661,23.129694490564262,9.30502334474997,3.45177500034721,8.344747642361552,3.0287731979956125,4.658303901365224,2.2559368453952273,1.7749181411041017,1.4905939972691649,-6.164152629640537,-49.43078453141478,2.544679202079729,-1.0815658659944785,-0.8112234758528547,-0.6498407529816334,-67.24322924374727,49.401570449523376,16.579697142427403,23.47251562803673,22.93719361581232,5.533591951624263,106.02168277161739,13.429902343378206,1.1049076441881573,286.96460139731664,1
2018-06-02,4.370488365528093,8.076282933708107,4.158839939850247,8.447485275003503,8.447485275003503,29.055361727338557,12.5,-0.09734836999841788,-1.1510972906061319,-0.40616223405719387,3.965270663650854,-1.1436931757102484,-1.3908387301301217,-1.5104552311064408,-1.7704063947842248,-0.7267051841735319,0.2763242693487607,-0.0009217936250952255,,0.7057877746154128,0.02604351039011303,3.8755608320702724,1.0845410596455713,-0.14404595981919344,0.880525117436432,-0.19890462606991594,0.08221776720889991,-0.19044226289980437,0.02282121820297383,,13.266616708767891,8.22799551381403,28.575945937316515,15.829998473345569,6.624506472521915,14.463951325741494,5.882832759011604,8.691005584506335,4.509571691689803,3.599636176289057,3.032682778242382,-13.538278432607212,-139.9428768711257,-0.9911953388130966,0.28633095776137174,-0.7267051841735319,-1.3288160917489753,-275.6819336985377,4.403267890227389,21.271151891849836,31.82803810610823,25.806641497169274,-32.83472097715067,-48.469942229592746,12.959107379175903,4.275601461141198,97.57419749662091,1
2018-06-03,8.485070950416802,8.820592477532454,9.183797473276895,4.013918839443254,4.013918839443254,61.775177507549174,48.148148148148145,-0.07806599757690193,-1.0895478966897973,-0.5008693791749228,3.3790112038587026,0.36186081724939617,-1.2972775563208443,-0.7117966167461376,-1.579212268653317,-0.3897307737121242,0.3622271102519192,0.029698873450189723,,1.1669653661559265,0.3895215514974025,3.925121560426791,1.5618087054606027,0.15839771030224392,1.3515952201838743,0.06503592542725486,0.4595877800103315,-0.03327292049708067,0.10274543168481717,,5.534823412255376,3.7187685687361536,8.533588639981181,6.342310300046212,3.080631492967877,5.922047887042643,2.7772692049882632,3.8979097609669915,2.2046229900269454,1.7934296307684943,1.520079485963822,-17.729431908733773,320.0089717032912,-4.204787002899579,0.27895424773921507,-0.3897307737121242,-0.7936779284929325,-12.167288157387192,-20.669993999285392,5.855972398052985,3.694798590070869,17.808816728017185,-7.602901071688464,-231.06893106891664,-3.9540684162978983,8.447485275003503,-52.48386106903773,1
2018-06-04,3.550980793717239,-3.9946982055464577,-2.6765918420045014,-5.057977408728969,-5.057977408728969,-35.99857483832928,2.5,-0.07712790336111071,-1.0600220406059182,-0.6222095178772299,2.3912860889416203,1.1618648610268651,-1.4327572730237075,-0.11359613885860563,-1.7571600584433622,-0.6734059094473108,-0.04940738037150764,0.028515925695430634,,0.27474200750947786,-0.12492094477964673,0.704568312828523,0.4572428818842485,-0.23563892041148665,0.36267668583717827,-0.26859588247103683,-0.0887326605387231,-0.22871331812826437,-0.00463917399230304,,-6.715040975926683,-4.324292461948248,-18.553612511199656,-7.902714638355968,-3.3653403738662457,-7.263563757352917,-2.8010619814416287,-4.566967690928612,-1.2704249744587603,-0.3724716365163036,-0.1251286958063573,-11.137932195747894,21.839458516634448,-5.347960045003237,0.21021341116788544,-0.6734059094473108,-1.2129644967162712,6.489038538959721,-30.102257314925595,-14.660390405703062,0.2630739284892744,10.05583090550035,-3.108042612538306,-142.78455284553502,5.473964304056103,4.013918839443254,-226.010953660202,-1
2018-06-05,-4.703125671782967,-2.906055521335611,-5.389246210007221,2.2793205350898966,2.2793205350898966,-5.539325565928517,-36.58536585365854,-0.08479759624001557,0.07038230181695308,-0.532923542955223,2.601158733172471,0.8344209705930377,-0.6750536767179062,1.2550415531952863,-1.4336454255715523,-0.5151666009396634,0.12356413296001768,0.05329311813565922,,0.5467791634655564,0.09091268271645288,1.236830772778716,0.7445800126332945,-0.05484583183908567,0.6424196080487524,-0.11063349623332988,0.13489340799230648,-0.1358829413851933,0.04048388741251358,,3.3223984869967373,2.179386018605519,6.938599694744905,3.860802070617696,1.7864189398341188,3.5768052064048104,1.5994890381613966,2.2900225079033056,1.2466029268533327,1.00398526937847,0.846878121677596,-14.274915663354093,19.10961056059032,-6.729843736667426,0.3432441236871759,-0.5151666009396634,-1.0468836362586231,-4.935386307396172,12.78941734570058,-15.9546882845692,-0.3975778985768354,1.1552404527614923,-107.54807744575383,-254.1171813143022,9.543471468629575,-5.057977408728969,-145.06387338061856,1
2018-06-06,2.2332405448204655,0.09931572776115441,2.466383974548023,-3.4345403776847334,-3.4345403776847334,-13.190188848498757,61.53846153846154,-0.07472141936984628,0.8865260519068817,-0.6579891514874787,1.0734818541142805,1.0606786057721087,-0.3997601745113235,0.47486178813460345,-1.2909084562643784,-0.5680576697364701,0.06796738885985053,-0.010909080711336599,,-0.0028273338945481244,-0.23249411620543237,-0.35834033282939143,0.07550333023893564,-0.30347631784673396,0.0376904611983134,-0.3216351856398551,-0.20940316433364983,-0.260929660944182,-0.029706883231008858,,-4.699394882164977,-2.978454587346189,-13.85600456293727,-5.570847781788597,-2.3034640546580842,-5.1006290957954175,-1.91081066454255,-3.1507981934929985,-0.8592871316333746,-0.24951151237524355,-0.08322080646725247,-8.2258113134395,-3.7800392114178627,-6.942684845806343,0.06493957728979274,-0.5680576697364701,-0.9656572548759222,-37.61388286334048,-45.41174665034333,-22.90152922185731,-15.680859453254406,-5.262814201928444,1389.5510155196612,-100.96326740303819,3.476208706472976,2.2793205350898966,-250.68264093664624,-1
2018-06-07,-3.356119346340055,-1.6215672819297922,1.7850907409330021,0.03426049855877125,0.03426049855877125,-27.64133373385401,-9.523809523809524,-0.05344535610281355,0.44172151822190725,-0.539414444993558,-0.4850908767719981,0.7942265000684772,-0.4213278795690661,0.9775908820800365,-1.3371111921429522,-0.8087839269936029,-0.06622549585678691,-0.006095541251766459,,0.0021168016229277707,-0.20880881854198732,-0.2284146600711111,0.06913195010399678,-0.2794106936751486,0.0371993588654981,-0.29974846410318234,-0.18665971511911533,-0.25009554551948426,-0.0284588343625158,,0.0555283635250601,0.03500308728251002,0.15216142311525804,0.06586896588156255,0.02822063275894865,0.06034316285139667,0.025016121077199013,0.03693066083722777,0.018983893236989225,0.015034740410370107,0.012585618241899013,-8.22453076101474,-4.531878872940885,-7.122546752054709,0.7729890242569186,-0.8087839269936029,-1.8126698395498193,94.92350486787208,-5.1276175898649266,-15.157972137371978,-20.39758683488889,-11.68842804245526,-44.26009036260495,-7623.999999944488,-2.1117667731398218,-3.4345403776847334,-100.99752790158969,0
2018-06-08,0.3735228040694741,-1.6793954176496237,-1.5637096961127406,-2.57687706063403,-2.57687706063403,0.5513072790827044,5.263157894736842,-0.06091055175939672,0.7113225625810823,-0.8933505209354948,-1.7960296224318724,0.4616658918252994,-0.7495669770711851,0.5238876816450537,-1.3689736927145002,-1.050008914842774,-0.23360514196973836,-0.03637913623347661,,-0.34179635890259924,-0.41958312967155226,-1.0076511181564143,-0.3394931063991728,-0.44363287514746547,-0.3370733222649621,-0.4402554961367371,-0.4102552522157114,-0.33573688770420923,-0.07821147051385006,,-3.761010157411402,-2.3136453808274373,-12.616288677722709,-4.521617379707823,-1.7681143356693685,-4.109006661881421,-1.4569266735400856,-2.455054997325248,-0.6437140467960382,-0.18412724418144755,-0.06088239188802529,-3.0320524253428247,-14.518096586532407,-6.555399962267153,1.3808051854675627,-1.050008914842774,-2.6333724947660313,-56.81710072541335,-28.015443611716456,-30.39081895576446,-21.22949369670337,-18.743767254078076,73.5353150072741,-9.073188020557463,-5.5021807627795996,0.03426049855877125,-7621.4231229406505,-1
2018-06-09,-2.8860764100557694,-2.1459460192227136,-1.9403575532656596,-2.405047271295518,-2.405047271295518,-13.480037983567977,-2.5,-0.0594848319363489,0.31164224082153646,-1.1137184656531445,-1.2216460436784227,0.8988794085371843,-0.7361001293847479,0.23886684512164072,-0.8598137165908916,-1.3400114610394926,-0.5346287724756247,-0.14607456181375772,,-0.6107636845871647,-0.5924746207645172,-1.4639670302983245,-0.6513168764340377,-0.5808300029010097,-0.62650317445129,-0.5588884401026942,-0.5928006073872392,-0.41018883889666763,-0.12250221491123439,,-3.534529266244889,-2.1563768990318395,-12.100204073987344,-4.264056041679683,-1.6421088235876184,-3.8679572378927074,-1.3504091940978593,-2.290237114275561,-0.5934717200302727,-0.16880979411866576,-0.055604274535625935,1.2197863850567063,-22.501684134142074,-5.43672354205238,2.933987175749454,-1.3400114610394926,-4.238748983267817,-18.03098106712573,-72.25151467314116,-30.79791678706586,-23.56658485943263,-21.49095052864214,-55.319948493459,609.9395829273642,-15.607802798973749,-2.57687706063403,-6.668140749261009,-1
2018-06-10,-2.6715697756124914,-4.056762348073436,-22.90886212129943,-17.495149174879447,-17.495149174879447,221.781828593243,-38.46153846153847,-0.34021508077753737,-1.0114260328261813,-2.089655221597424,-5.055659950890737,-1.0534043630182817,-1.388022645210248,-0.4929857199499928,-1.0481059701632096,-1.9127292694291382,-0.7183643795630197,-0.27229771841656464,,-2.7720919967880397,-2.037498742633741,-6.648909032108222,-3.1492383533204835,-1.7422449400343778,-2.945153561540936,-1.5625047149020226,-2.111352851964091,-1.0125776145413286,-0.44562898613676627,,-21.188714446553384,-13.821313510400826,-50.75952594231163,-24.695907097470247,-10.798998312760009,-22.823117663480094,-9.013702293349587,-14.582672365645891,-4.120476656048347,-1.1959557918940904,-0.39516280696960426,33.53557290986387,-109.83127718089484,0.5652293162830684,-1.350163144720613,-1.9127292694291382,-2.3228550545467974,-324.1726860406525,160.7492787184265,-24.961719311841623,-28.75024265439878,-23.894579372287076,-347.6915957112172,-115.74930683284535,-13.544618185862301,-2.405047271295518,627.4347321021861,-1
2018-06-11,-17.136503872125985,-14.095597472168345,-3.387887585429233,3.3396396658614083,3.3396396658614083,-27.548989657821295,-37.5,-0.27628094675723985,-0.2677716866674258,-1.7073529371596583,-4.013529382673424,-0.7397553104931917,-1.268814478666727,-0.777783783704815,-0.9918270547313535,-1.1385829802782936,-0.6600382281622447,-0.18383860185170284,,-2.1082139560169293,-1.6503387252007122,-3.793680787354756,-2.329483632501574,-1.4492431111683768,-2.2107947752496955,-1.319029257070442,-1.6985854163713572,-0.8846769111002224,-0.38728141185847614,,6.664642958576379,3.628367895355563,36.344526540183224,8.481747489257057,2.74381605591076,7.482032470657288,2.338048868209642,3.888210961253908,1.5979042296110069,1.1972518308244888,0.981690936281749,14.5580196037089,509.6770760405439,3.4267048281673547,-2.1793621269941226,-1.1385829802782936,-0.3722712139751431,10.299737729486592,94.22398210945242,20.254009867544216,-1.2149859271678318,-20.010669139199184,-71.67548778024872,-503.17238975069813,25.637610555460633,-17.495149174879447,-119.08894649870527,1
2018-06-12,2.4575547591526545,-0.10925532689754132,-2.077704336611319,-13.0293710075371,-13.0293710075371,-38.56998992950655,26.666666666666668,-0.18693528631305947,-1.5237563444116267,-1.6274060778323318,-6.5256483823779,-1.749024175995115,-1.5988241379267447,-1.5428049794974732,-1.5549771416436509,-0.9513351890688496,-0.8999907897628954,-0.34502348262710036,,-3.360528339030181,-2.5112109365835638,-6.629451684310797,-3.7596843175094525,-2.1493524432139255,-3.546662440013515,-1.9281062463504366,-2.600565687354909,-1.2567901197309717,-0.5894422881149142,,-12.976642433522342,-8.606582705839696,-29.75039997866841,-15.008952950081428,-6.77407142408559,-13.927322730689568,-5.680830420911867,-9.064667178834487,-2.632974766284938,-0.7672549460592517,-0.25263312885151257,22.817804506414618,135.99416868493017,7.8188931823317,-5.059265767936899,-0.9513351890688496,2.01841739096314,137.95645232514698,-88.5980294547013,-4.872782300304281,-25.627287613437165,-19.72134717762771,428.4843042740669,-107.22438391699313,-20.213659978708122,3.3396396658614083,-490.14301874320176,-1
2018-06-13,-12.14440400467136,-11.018251573314783,-1.6785970642660968,1.0823099642468559,1.0823099642468559,25.286552045848325,0.0,-0.2502795597959475,-1.4016422790731893,-0.8774232245851206,-6.190732490753897,-2.0553629109928306,-1.7839116180464725,-1.5855984650964245,-1.4578486339227523,-1.2347980884269532,-1.124907941890625,-0.27461861018027595,,-2.902045285902164,-2.2686775841244957,-4.423895713146482,-3.1748166416963124,-1.975697398628939,-3.031275664405501,-1.7892526232848243,-2.338783405606302,-1.1936649323003785,-0.5660544399784085,,2.145286124009403,1.1481674473511057,11.009980585589506,2.739858703572833,0.8568409714987438,2.4130474695346025,0.7227458396648982,1.2336194291290807,0.47778990668031157,0.3510897380126125,0.2858085696676322,12.592700136359497,24.803653381801304,9.05060704812506,-4.65712025975945,-1.2347980884269532,1.067661770408298,10.475075658082583,174.91606316199574,-12.364929014530855,-15.687478532350148,-13.978247831750268,-8.869972596357398,484.5002992218839,3.879245438654111,-13.0293710075371,-108.30669388123778,1
2018-06-14,0.730454533722217,5.764551631976391,3.368965332476027,6.258370017236627,6.258370017236627,-8.179569692295416,-10.526315789473683,-0.20775686373646612,-1.1531713182678531,-0.9570777921379212,-4.8828651549470425,-2.4166207302305915,-1.71893193053235,-1.562482193150476,-1.33801687643149,-0.6672070446915623,-0.6414158547219366,-0.10978730821602173,,-1.9179367025391196,-1.6734386027229504,-1.1927711859538592,-1.9852778604089665,-1.519432317329712,-1.9530955825894771,-1.4072077132384926,-1.7062828691664513,-0.9879247471057253,-0.46899788672781645,,12.258468823203646,6.642592102108656,57.649288353794226,15.547311892063634,4.9778281543906635,13.744907085589887,4.208304728872654,7.128913382077435,2.797208445898226,2.0574387890843733,1.6720116846133992,3.3476584986720876,-9.25469738558744,7.531366378032134,-2.4616980809718325,-0.6672070446915623,0.47170062301912996,-27.87827884739635,181.2442016372671,-8.295481209928617,31.97141906520314,-7.274666439081953,-23.06730304173516,-191.38937237636037,9.385868271880367,1.0823099642468559,478.2419292047867,1
2018-06-15,6.010736432122177,-1.183643548069867,1.23433592079517,-5.382620756196115,-5.382620756196115,-46.32855810504729,52.94117647058824,-0.1146677496668553,-1.7888718782207742,-0.8547072079308493,-1.802464171164443,-3.234229282177665,-2.0450253809399768,-2.606430868415367,-1.4638244024752034,-1.0591809466587938,-0.9465697031779124,-0.09333481197966627,,-2.32117804293517,-1.9532485418453187,-2.5556686390742014,-2.44971976415978,-1.750405369491763,-2.3844710201943347,-1.6106058899318758,-1.998670523863362,-1.1181358654982894,-0.5436024559229329,,-5.428914512364253,-3.5209309553459356,-14.119401818532895,-6.349606825965683,-2.7483320974770598,-5.8567151009791365,-2.2948577647999344,-3.7165956341342725,-1.0527019454460207,-0.3029647356180665,-0.09874007294848099,5.178915058251263,-1.0681620369294147,6.929065846076801,-3.7591385836989804,-1.0591809466587938,0.604368103734512,25.043447102033547,-7.851916817415424,53.34681462932315,10.534714188215831,7.777985024739042,52.880453580186824,-154.47008738517505,-3.4252330978756005,6.258370017236627,-186.00675162017328,-1
2018-06-16,-5.286215835684965,-1.4571685333622846,0.3200225295860831,3.098710039259696,3.098710039259696,-25.89642466276818,-15.384615384615385,-0.08362742028985685,-2.2807036056862398,-0.9014002891078975,-1.9434792422947254,-2.6144724030580746,-1.7441381182908637,-2.8405031732628574,-1.3178000251190287,-1.0135038996360008,-0.8131194431631492,-0.015113360162944728,,-1.710148466391588,-1.585473323150384,-0.7697405241637488,-1.714013416713649,-1.4712036501101142,-1.7159639461716965,-1.378895636532743,-1.6072625962549485,-0.9985826585985281,-0.4909911598971886,,5.87023309063886,3.2807348368553266,21.78970321379246,7.302994459616173,2.4751773219271196,6.525005365530512,2.0964142265340824,3.512626333282034,1.3912819673946935,1.01915180996662,0.8255617875990041,0.7602309502656163,-17.045444541485928,5.37550358694323,-2.925241757726745,-1.0135038996360008,0.11330343495326659,-18.12216124826271,65.07695066629428,51.188721720803876,10.925248294488457,16.358889616558585,36.91722444234389,-133.15508021389255,3.5956065436095015,-5.382620756196115,-157.56879742442703,1
2018-06-17,3.3450513273658564,0.0807907702665442,1.9452720765093536,-0.9965011189001581,-0.9965011189001581,-21.836493926417898,4.545454545454546,-0.06474071328321519,-2.7294267120311626,-1.0128326464947206,0.724820901812052,-2.9834411684662734,-1.261705400765639,-2.507732286701486,-1.531351521757256,-0.6467373211018866,-0.9889980913424372,-0.038301506345656065,,-1.6257566912461825,-1.5405562443688028,-0.8441547170839897,-1.614214601323308,-1.4426035752714506,-1.6239503447723131,-1.3592266287194157,-1.55812155165552,-0.9985212017881386,-0.4985563935124655,,-1.0791674744085276,-0.679472981799966,-3.252292431544205,-1.2805803992471794,-0.5242949061841219,-1.1720377855895854,-0.4349885130972339,-0.7193854822332078,-0.1962583139038286,-0.05569007429966575,-0.017997859902607383,0.09578358495069939,-19.547845766601313,4.104092781887597,-2.3692795673056635,-0.6467373211018866,0.33774003699546307,2.952139294776484,36.5205030412507,31.275041434951294,49.58203497752206,25.035264896297,23.723252477570036,-343.42431761795086,11.251732905979846,3.098710039259696,-132.15857909500403,0
2018-06-18,-1.0846884221703528,2.427270559024444,-1.7072621223120859,2.450141738576627,2.450141738576627,33.62849502939505,17.391304347826086,-0.08443325651239511,-2.2037661596885036,-0.5244553955271802,1.0009778735808006,-2.5340270293751836,-0.579512764017197,-2.619422605116372,-1.5647364889210518,-0.8975197298036558,-1.4749468532211234,0.014974303762517634,,-1.1406816182644781,-1.2345299585612142,0.23524696274087906,-1.0453538101049147,-1.207010276261144,-1.0995829564312176,-1.1625658106301124,-1.2337822035701815,-0.8966984264904502,-0.4546483481865351,,4.872934198956804,2.7229207677096148,17.67623231427951,6.053122442118123,2.04987732794007,5.413095447423717,1.73279994116345,2.916326470061106,1.1409017168193,0.8281603353247892,0.6668135195910165,-2.6314042004966547,-35.45472151003565,2.544566735820725,-2.315901341174042,-0.8975197298036558,-0.10874839075158763,-16.261558335599748,23.384571854700965,36.30698145983723,37.56239374982479,34.031984697421606,-16.291805626791703,-148.19062181445926,-10.493211256817014,-0.9965011189001581,-345.8744593564381,1
2018-06-19,2.5089717584646563,-1.193532593769032,2.3774353750159274,-1.1525006399395432,-1.1525006399395432,-17.678393137030696,18.51851851851852,-0.06929205644501883,-2.5252060659748032,-0.9078888504725763,-0.45045824822068675,-2.6931274255761473,-0.8754516914747381,-2.4366544584796985,-1.7355575891395227,-0.8894590538349879,-1.652680977037852,-0.03550585305585604,,-1.1421392978970768,-1.228004870118988,-0.22950688625775284,-1.0608801798008538,-1.2035891692208585,-1.1066383313754433,-1.1620271972776581,-1.226959765714772,-0.9045061229094048,-0.4653430548389521,,-1.3937708087705591,-0.8525622618366134,-4.777524779485328,-1.6768315387872947,-0.6503262765273252,-1.5234476864033837,-0.5360739126555731,-0.9053242626334452,-0.2377988577895756,-0.06650646769246893,-0.021310603187201363,-2.481514991949995,-41.985935583612,1.439575622802231,-2.3456755017017508,-0.8894590538349879,-0.09754075138131232,-6.576677154166233,-26.984320431078807,5.677377864962694,10.776137342752447,28.09758463313582,15.099139670398737,-95.5579058699311,15.65749488896739,2.450141738576627,-147.03812117453555,-1
2018-06-20,-1.0125117964017156,-1.6720346613329093,-2.371979053944789,-0.05179206718171046,-0.05179206718171046,8.259365662287328,6.25,-0.07675963902166338,-2.281323929284078,-0.85547835804585,0.6457671139464142,-2.496788868336776,-0.6119155714886688,-2.504510787584837,-1.5451998466215198,-0.9567027056600328,-1.7369972489001506,-0.007946793511576296,,-1.0076772069591733,-1.1343705499799435,-0.17054115055612898,-0.9147912419798192,-1.1312632637731919,-0.9660636881294938,-1.102609913536722,-1.1282466977342496,-0.8785443813207771,-0.4590490685416216,,-0.06629096658730832,-0.03965929374220438,-0.25401967414179594,-0.08062857617071743,-0.029990189518434764,-0.07282551990321755,-0.024600618007373082,-0.042208300795837865,-0.010773353308885722,-0.0029837336671303693,-0.0009513611875612411,-3.0979590410856206,-66.13785207644082,0.4805532987218231,-2.2570240978366454,-0.9567027056600328,-0.26547608302003833,-78.96360673546985,-5.622763682068534,-4.777250287543571,9.4298741575866,17.119211615898607,-5.709954120880246,1417.8571428641549,2.516258259516091,-1.1525006399395432,-95.50611380272835,0
2018-06-21,0.1316258872445855,0.6870698131760127,1.2874251497005955,-0.7865369548990447,-0.7865369548990447,-18.460914995454594,8.823529411764707,-0.06192616432677123,-2.3900629796677544,-0.9497438262362174,-0.11576130955909385,-2.3680207256786203,-0.7726674427920788,-2.3715880901704782,-1.1079947793729512,-1.2251702060531915,-1.879230319295502,-0.01618445166516911,,-0.9801427616033621,-1.1063774909109216,-0.37517153802214637,-0.8960617363062713,-1.1093801885360877,-0.9419180927042472,-1.0855146676537475,-1.0992308714902022,-0.875719757452243,-0.46405362043936327,,-1.0665752868416905,-0.6266846253033712,-4.422181984163854,-1.3084643731323002,-0.4704921499394752,-1.1764129309530127,-0.38436590693825773,-0.6681998483407539,-0.16651685386670068,-0.04572078926904322,-0.01451039943603689,-3.0910885430417223,-151.73815230323046,-0.24744031499480978,-2.196064471488757,-1.2251702060531915,-0.7193668299239252,72.42305308820511,-26.616884382533136,-20.43252531943718,-2.3011046051737694,5.552057633272791,1.2604037713325424,1577.1764705887515,-12.001768784919769,-0.05179206718171046,1418.6436798120144,0
2018-06-22,-1.591562446251757,-1.9787839207021536,-15.464053685196946,-13.29619220533737,-13.29619220533737,211.1401936590664,-24.324324324324326,-0.22886281180512402,-3.111318067319052,-1.7196245591229171,-2.5588435164020433,-1.6554464243667535,-1.267835205674972,-3.1810175111387355,-0.9458188251151615,-2.285374437092102,-1.94023512934027,-0.026514698444925964,,-2.516627564878741,-2.090565938214644,-4.649739397142373,-2.708905490996956,-1.8855192595562749,-2.606122695674809,-1.747942369420064,-2.1381940765465717,-1.2573707704802843,-0.6595144138008392,,-16.083509308423228,-9.91892790124381,-47.09032637951716,-19.207606283696443,-7.5738455212299165,-17.524585039671457,-6.245351267038165,-10.528340570652055,-2.7697373559518312,-0.7685343084955049,-0.24398508696438073,5.936918470855336,-493.92978966679976,0.9771589977119266,-3.81673796886999,-2.285374437092102,-1.4994516501297441,-10.458847490116344,-58.46797951460353,-27.020845026202707,-16.074594923592404,-3.247709216141671,11.16917604209902,-89.79610924055548,-8.257131218149206,-0.7865369548990447,1590.47266279358,-1
2018-06-23,-12.678755344714565,-12.108022615756317,-0.974608110822618,-1.5647858638593395,-1.5647858638593395,-50.466936389091046,-39.285714285714285,-0.12132551290745233,-3.08308289169276,-2.259334441983336,-3.4002840332724835,-2.0954878307120612,-0.992598650430772,-1.6494064181751353,-1.2201923874225762,-2.6467523483870092,-1.93003183609874,-0.05824901577734588,,-2.411011690490271,-2.052973636935342,-3.7217130456542873,-2.55984222317804,-1.867468367140069,-2.4812443230306416,-1.739174025234111,-2.0949190468938035,-1.265665208651192,-0.6715495589485219,,-1.7279839500388032,-1.0491879228902383,-5.451706200755938,-2.079105483800695,-0.7961614338757065,-1.889358374791989,-0.6542031146363947,-1.115433131760524,-0.2874447668233195,-0.07914192125424797,-0.02501419293784646,4.173477277775828,69.59411583400852,1.6411673480528914,-2.2636233577105336,-2.6467523483870092,-2.8387550986487318,25.77602354830094,-15.573710411457078,-36.431259031045926,-26.242315317287222,-14.130839366498957,-1.686299442519755,1.604032997250875,-1.7414955999159518,-13.29619220533737,-88.23132337669423,-1
2018-06-24,-1.7406160422608852,1.4849345736126662,-9.24396895637213,-1.615159330331772,-1.615159330331772,160.24760346590068,-11.76470588235294,-0.3251272311624948,-1.647298726011271,-2.609208644157004,-3.5627651531062363,-1.0285426294689273,-1.3295545211587814,-2.063459755078017,-1.0314322817641395,-2.4476330879293857,-1.982407957292533,-0.06281671818146778,,-2.3219385726268227,-2.0215147050502575,-3.0738154697106026,-2.435505973251266,-1.8532246025090275,-2.376406292536186,-1.7332264702049411,-2.058515600260809,-1.2750664228750552,-0.6839815808867141,,-1.8463762809520234,-1.1044457404509742,-6.2326976241796475,-2.237292655810643,-0.8330469317971804,-2.0254578773098206,-0.6821678145545141,-1.1759970371926716,-0.29701179724494675,-0.08114959157908619,-0.025535983460690456,2.8987923429992977,18.2247735287498,1.9089375211711324,-2.6919818444404418,-2.4476330879293857,-2.3244543553542147,63.741290356895874,157.73437055733012,-5.452086611691006,-11.813488230260512,-18.472874254120125,-28.23674055934754,-286.82904826347095,16.782189642990616,-1.5647858638593395,3.219192327580916,-1
2018-06-25,-1.9111292176519306,0.6806425265450416,10.267469101565396,3.067125772890502,3.067125772890502,-60.44671435064469,6.666666666666667,-0.12097037967029023,-1.7476014073810116,-2.244880902177589,-3.119172648846725,-0.9065008508517164,-1.2068764425933423,-0.7541953199712672,-1.084699734814928,-2.5354105678902528,-1.7913601681471103,0.009605804873480374,,-1.7144212444552227,-1.6543564833435775,-1.1566666401094783,-1.7051769612266658,-1.574779127979268,-1.71233834055959,-1.5027323155283783,-1.6678290629697667,-1.158666028340357,-0.6350242516109578,,8.408971926886272,4.049689275721952,62.05453883557982,11.208473961030588,2.8609570687634855,9.651867334991088,2.326901636901945,4.405893334876549,1.3753023138522311,0.928448905614072,0.7235321003740063,-0.5657656234411701,-26.49331031431248,1.3769123828706684,-0.1533159996824583,-2.5354105678902528,-3.7317306090300653,-42.44924476205942,29.07482802190072,44.98787817892297,-4.866553481940477,-15.963469970191552,6.252769479131391,-262.94060840171454,-4.8584616781917225,-1.615159330331772,-289.89617403630865,1
2018-06-26,3.373111524797707,-2.6334401131588776,-0.573564961487055,-4.8488723803228595,-4.8488723803228595,-26.77111922614951,31.25,-0.09145585134731793,-1.0186322377569457,-2.625087761463729,-3.9886704338223526,-1.8100724852936942,-1.4123516230911646,-1.180747591899652,-1.2682202335516903,-2.5705394943284765,-1.7032240292122771,9.985273623385603e-05,,-2.084963013203527,-1.8959145704546483,-2.358597710494306,-2.142676989996775,-1.7688002205804683,-2.1135771225276208,-1.670855228982437,-1.9219698381410713,-1.2618180226677027,-0.6920700861536759,,-5.857905908837136,-3.4859983104835117,-19.336788139577216,-7.103713929173656,-2.6207604082672242,-6.429232383981017,-2.141712899025578,-3.714614563211195,-0.9267297183652107,-0.2509845134423361,-0.07841688220461498,1.0910928552127344,-3.06050794689537,1.3166428515104824,-0.7833401243415203,-2.5705394943284765,-3.501458428562932,65.53592594683073,-31.546917415760905,18.49973333942817,-5.2530086238362195,-7.538971118679825,-29.45952715799045,-126.58171580975632,-2.4533771215760063,3.067125772890502,-258.0917360214157,-1
2018-06-27,-4.83717059241351,-3.374067111035145,-2.3180658119270827,1.3545961128981032,1.3545961128981032,-0.9552362074661381,-14.285714285714285,-0.09197510107044114,-1.0233493914795495,-2.421863381039001,-0.7626840860668221,-1.2516313384814746,-1.577758783766194,-1.5980975366498358,-0.948634234305117,-2.585911520538807,-1.7359422780434595,-0.06965434630948418,,-1.6898302942771102,-1.6575207619501309,-1.1806629994081024,-1.6694300877393244,-1.5895129365728609,-1.6823111809767939,-1.5237579491837614,-1.6680095063703932,-1.1913386099412777,-0.6655226804818914,,3.7603198794982426,1.828287806709624,21.13011495116382,4.956342664652445,1.2886184041307636,4.2958360559190165,1.0447335447592532,1.989051758771951,0.6087143680688484,0.405717601372479,0.31404718417707544,-0.9977581924618469,-36.153852972715946,0.8297015249820685,1.2535065097265132,-2.585911520538807,-4.642124582993617,-11.613475177305002,96.09438727887526,23.07924401982549,31.652876056361407,6.54354493131908,-0.7329958855128408,-568.9520624302102,-0.5606652491793118,-4.8488723803228595,-127.93631192264756,1
2018-06-28,1.2907408943206038,0.828383178809889,-3.558839898583882,-6.2675070028011035,-6.2675070028011035,-34.53687937466749,11.11111111111111,-0.062237578231111104,-1.8949465251025668,-2.7307598627219547,-1.6873499625459378,-2.009644864160145,-2.1738358984780914,-1.5976846550316923,-1.367670194367333,-2.741314373859733,-1.8034689211573696,-0.17128098832418895,,-2.2319938652185796,-2.0059746364599804,-2.8357603036960337,-2.3107716049870213,-1.8660695986180853,-2.2700901651124537,-1.7611401521169079,-2.035466041433741,-1.3316006793301913,-0.7396640142719069,,-7.617042216535554,-4.51030855825506,-24.6384863053215,-9.242880909632602,-3.3795443988375578,-8.363500404514234,-2.7559371000556854,-4.809689790578588,-1.1846752750811709,-0.3179257153625879,-0.09861289391094002,1.4044320364387497,15.258342006511667,0.9484310742109382,0.9082916855309708,-2.741314373859733,-4.816716266811632,47.592778335004944,-62.629345641330936,-16.464726752408886,4.900741190694862,9.65624910146831,86.84897583075963,-207.78556995127437,-10.073633863408887,1.3545961128981032,-562.6845554275262,-1
2018-06-29,-6.334993189379892,0.032892332431852384,-0.07373921964669995,7.207178566035307,7.207178566035307,103.10652998002689,-20.0,-0.12263444600331269,-1.062880199203754,-2.3641337265118687,-0.02369806860740311,-1.4415410517139127,-2.220812268519854,-1.4039381721904232,-1.1666697059078308,-2.3613228045011603,-1.3306644910370777,-0.12014101197377698,,-1.1601968469490198,-1.3398668169646457,0.31648235851321455,-1.036975141623966,-1.3537296475157679,-1.104885992144371,-1.3329424446527984,-1.3289644667360287,-1.1074644339483652,-0.6403461109063453,,19.677781917555052,9.615379058560833,98.59271330821406,25.769737836820656,6.761525027125905,22.418898633462042,5.466902399187709,10.462278672120618,3.1483935506034024,2.0760334674126577,1.5963508966798052,-3.59791036057986,-99.46869229532838,0.004991744118444885,3.8223877974170164,-2.3613228045011603,-6.0892854010419395,-28.644240570846,143.79815265790958,21.295248244246608,10.416235687904592,14.195827707796827,-45.08490584503888,-41.13365681517239,23.26135504326206,-6.2675070028011035,-214.992748517301,1
2018-06-30,6.987555428407949,2.8395016623433564,7.988160934291577,3.9573865531889734,3.9573865531889734,-13.118469739730324,37.5,-0.0999700997087841,-1.0510727372976738,-2.0982748265660596,0.15572421511545248,-1.38077348322154,-1.8761579088051623,-1.0557493282702701,-1.1195350114634675,-1.0409225027259894,-1.0458768723032374,-0.10188908306028978,,-0.5299139121087648,-0.9236983659077077,1.537774734622066,-0.3128935470779153,-1.0277995752533104,-0.4301818283978011,-1.0584896391437746,-0.8899214660067218,-0.9633381020589622,-0.5783462885896107,,9.069375724654376,4.998073123031313,22.716425483057247,11.103945039366359,3.649149850509567,10.02016226249329,3.004729462396855,5.380322280087356,1.7952876205708421,1.2025656521141166,0.9279949587444729,-6.227406297978767,-24977.050806884607,-1.2417367361681164,-0.3442771341959257,-1.0409225027259894,-1.5052346136835375,-19.860805860805886,85.23954774452703,30.098892345734125,26.632628760656747,14.552928501580823,-2.8265712979711974,-114.593480704376,3.4280698125184985,7.207178566035307,-45.09104336836289,1
2018-07-01,3.21248449465576,0.5023411798978161,1.186205257332997,-0.5555357461222851,-0.5555357461222851,-16.47395631064457,22.727272727272727,-0.08281749298813611,-1.0211604284061029,-1.0194659711974334,1.0497288050796854,-1.334834417960885,-2.048963201277494,-1.3188166415471305,-1.3122951452173786,-1.2690451764884783,-1.0778547657621655,-0.13342066264258712,,-0.533211859261735,-0.8933494161865164,0.8188693205079574,-0.3495786898227516,-0.9973581178517762,-0.44762531988525744,-1.0310745296379245,-0.8607917456360741,-0.9511570233096165,-0.5780246584692467,,-0.7529475424697417,-0.44169017387254,-2.490024153903285,-0.9162144357946169,-0.32922147534140633,-0.827895341414118,-0.2676000596664932,-0.47158314708200444,-0.11390209630462665,-0.030154710680572565,-0.009252104315672341,-6.0059050873080455,70.7280468426574,-2.146648600860986,0.6700721864261996,-1.2690451764884783,-2.5766949603666633,-2.267117652436347,-9.011950338499593,39.08828933232864,22.88133970475304,20.50494339181929,-2.7105053598300373,-2693.838254173247,-2.3587699413120937,3.9573865531889734,-114.03794495826133,0
2018-07-02,0.49799936670600636,13.407754086307344,1.1664268725959472,14.490196922106028,14.490196922106028,131.10029487308012,0.0,-0.1651255763263319,-0.22050826507424479,-0.5691423562939547,3.768108637744225,-0.14581335414739346,-1.4207217417009625,-0.137539790234187,-1.2761143350544772,0.177565329525459,-1.0183650535347744,-0.015775481887631605,,1.4001114233202727,0.3790933348715368,5.45000587206474,1.8894140603769976,0.005402912495406002,1.6287783199538466,-0.18097287286844085,0.48061384033536003,-0.4880806706265747,-0.36551370371942615,,28.561827841934402,17.191606904012275,49.67086217720206,33.432815423923245,12.940234903330083,30.904962576087797,10.823599047910967,18.352226253834846,6.694080189309323,4.543361899752532,3.5046960811074834,-15.43812922777598,108.39658337105634,-4.571680251327748,-0.08361360914748772,0.177565329525459,0.3595618250255534,-194.5094004302684,11.1330998678588,19.240422850700366,12.827732377828863,19.769969964356605,-82.69576263163732,-105.2855587449256,20.50778644833804,-0.5555357461222851,-2708.328451094117,1
2018-07-03,14.343205774518786,5.707766826878119,14.023669068402311,-0.6689549770751295,-0.6689549770751295,45.33297433135882,14.814814814814813,-0.21324411120803405,-0.17990218474052952,0.1342753965320199,4.680520378441497,-0.13369358312505236,-1.4689952551078496,-0.19119098017566336,-1.493647077224616,0.08495223332377816,-0.9742308241186586,-0.018782387478746346,,1.0994759005366104,0.28021796424667517,3.199520134921599,1.4556757521174404,-0.04458325802670242,1.268966265043153,-0.21162795141215457,0.36615620820076866,-0.49432142808641216,-0.37043129684559295,,-0.9704490666346561,-0.5898777585052524,-2.6947978909973975,-1.1587790212930082,-0.4451080907158944,-1.0578153316403855,-0.36419419857816815,-0.6277093778660935,-0.15746614735273776,-0.041824681566668596,-0.012779231751586484,-14.862388901942367,30.156982903974477,-6.235424765747141,-0.04040080533759009,0.08495223332377816,0.17191587161442642,5.5126682501981215,-22.823873863221316,-7.518221627489496,15.1794813643356,16.51050691120241,-17.803671657525857,-1047.9400749066785,-3.9212152897391404,14.490196922106028,-104.61660376785207,0
2018-07-04,-0.7377346910657603,4.095088135213397,-3.6183373211831342,6.383998385713562,6.383998385713562,-9.253484015726961,6.451612903225806,-0.1823458505925905,0.33039008539619014,0.4044932175012333,4.6153489248001565,1.7458318443689926,-1.1017211878990745,0.42894881954699676,-1.072114195746237,0.09690004043674556,-0.883406097140515,0.08105792555351773,,1.8538863882397318,0.850612634377248,4.326832327429156,2.273711681110567,0.42895302160265586,2.0546234468856075,0.2008109755543214,0.9591474630694575,-0.2574133173482413,-0.26129646592078526,,9.706922672529666,6.836582692719513,10.974192341850534,10.595572785820853,5.466579402455749,10.160263054351578,4.720040035497871,7.181537725761689,3.1296397417662174,2.1952067588583866,1.7073539829935036,-21.283660189641942,26.98325341842175,-8.444495388820576,-0.22413897626542426,0.09690004043674556,0.31914871388577615,57.87918581746544,7.720376043528451,-2.5631915084312134,7.092082714415299,11.427337354431156,-263.89210994940265,-72.41209008296879,1.6891923650765281,-0.6689549770751295,-1054.3240732920888,1
2018-07-05,6.637854889589907,0.07364896636507863,9.26725560881566,1.655523152429043,1.655523152429043,-7.7023846655513655,12.121212121212121,-0.15411897652830012,0.5321182974807155,0.18067535178487892,4.0797532007592,2.0075814211206575,-0.9162281777788679,1.7375736410452518,-1.1299795892881614,0.49099395919674754,-0.8383728979333658,0.12806724175641987,,1.824308861512313,0.929958066131185,3.3625363374399466,2.1669767729087925,0.5246609359781863,1.990722044084443,0.29739065318346236,1.031454694080256,-0.1871394598442344,-0.22826190557712747,,2.3191930956744136,1.7195974874782776,2.325096432816824,2.479987586106827,1.405705088639208,2.4035406303988016,1.228593453743579,1.7961807619640935,0.837603400950607,0.595479889476925,0.4647092033870549,-24.590059299530598,13.6492034800658,-10.482277158607475,-0.7611861435769118,0.49099395919674754,1.3531578018797281,-4.007367138995304,7.266935488259779,-4.158211400545113,-2.1636366499022683,6.108601319799795,59.04138961448084,-112.56713211599056,6.075076287788844,6.383998385713562,-74.06761323540013,1
2018-07-06,1.709255062980325,-2.671489954314635,-2.5837794723675795,-0.20466352965871348,-0.20466352965871348,-26.86893636369222,-8.108108108108109,-0.11690822297424999,1.5723828746844495,0.4530522030879848,3.973475073662938,2.0753291901473845,-0.01599479300217025,1.805447669828108,-0.9889441833864955,0.3141039501985937,-0.7886664377373542,0.1343353789002092,,1.5222745253851844,0.817306753252705,2.0961055197468688,1.7595450895035263,0.46711235583799515,1.6403661215629324,0.2636074665676641,0.9023112060881175,-0.1877951108003808,-0.22784753124833923,,-0.3466550340899743,-0.20682090533944594,-1.0752295754205565,-0.41762567248029336,-0.15484023393780802,-0.3794170538393053,-0.12611745944055347,-0.2205200557434889,-0.05383916444033646,-0.014088133601747118,-0.00425643010096851,-26.30986528175802,3.888893792559723,-12.165101433201365,-0.5435047589764067,0.3141039501985937,0.8922751707748622,19.79946772296835,-1.6324313947912235,4.226235900394629,-0.5147554489693271,1.358163266479601,280.1288614438243,-1354.9857549870733,4.791195706965582,1.655523152429043,-112.36246858634506,0
2018-07-07,-0.9667849456110578,2.1119797119657497,4.09755734471337,2.573765702600054,2.573765702600054,-25.567999462288803,0.0,-0.08062703086622873,1.8696512340977276,0.4365409016885435,1.9169594802282943,2.0479449316347544,-0.049554001391142515,2.119972326799172,-0.9082690313323797,0.5138925500428745,-0.860824039099294,0.22656118639837525,,1.6761377112587394,0.9899296386679733,2.2618633824468852,1.896722676529742,0.6322299054957715,1.7866209743045824,0.4183318180650185,1.0750206927873107,-0.08449068384036948,-0.1786413329495221,,3.8351815508590805,2.8093794256560467,4.272738615143643,4.130595259559055,2.2866637767111215,3.987438345610218,1.9934920776469534,2.937785447129259,1.3483364044124513,0.9496435734268283,0.7362015208541595,-35.54503784734461,2.8926793266923054,-14.25059857946044,-0.8912706065093754,0.5138925500428745,1.4477256784865975,6.744678652614164,11.447227873112539,5.6251553792948545,-0.511997773982091,-1.0724686485223476,17.30857521272739,29.443813847899015,2.374130357285137,-0.20466352965871348,-1357.5595206884084,1
2018-07-08,3.564799586485592,5.439321010509528,4.630446181714177,3.2479849619777355,3.2479849619777355,-5.324230849113682,11.76470588235294,-0.06719968208454434,2.214884858291382,0.6651883302836746,2.6816148589351956,2.693912416806758,0.6771368943197512,2.1559057571446623,-0.6771624096564449,0.5702892544013435,-0.8550682914777414,0.26053852399408844,,1.9081744145331105,1.2153292566119978,2.6051114951651417,2.12589217041259,0.8412059161958638,2.017373618630284,0.6119175939602615,1.3028799521574141,0.043487133474527984,-0.11679824047510269,,4.609680332336983,3.4825219238549017,4.50314916081203,4.894926601869117,2.869337313443424,4.760922569949741,2.5180802341122743,3.630106180725735,1.7289127489477332,1.2248213626552817,0.9495599221903507,-57.2647096670967,3.10343676239153,-17.134646599546848,-1.2613100198996843,0.5702892544013435,1.7594555148930113,34.15773298163248,-7.434910125954144,0.47961428221395047,3.061584537641214,0.67215206330809,15.48343667632383,-100.1227639424701,0.30105632468087085,2.573765702600054,26.195828885922516,1
2018-07-09,2.695145675119249,2.622309620537642,1.3314729918277737,-0.0038619198155144356,-0.0038619198155144356,6.058344381599153,2.631578947368421,-0.06802268396961268,1.972343212008019,0.5377024212265313,1.4446462736027805,2.52646941240702,0.6305727779926815,2.448614314651852,-0.5729018812565918,0.6292436730692342,-0.9382129891174923,0.25250127356326024,,1.6222079867013712,1.0911852662921042,1.6912930141266043,1.7607244906525852,0.7720810207908622,1.6943660808960876,0.568686359737611,1.163222634618414,0.04161053318897449,-0.11469132448434897,,-0.007651203619292479,-0.004456641235162133,-0.02620838546041802,-0.009317350862569088,-0.003301856860151511,-0.00841661186923251,-0.002672893274208202,-0.004764196853430073,-0.001121488560847048,-0.0002882846305229664,-8.60593607321799e-05,-106.08718291839556,-2.259495779285093,-20.210485197475908,-1.0942101501086303,0.6292436730692342,1.7149799631052267,-16.369638154334528,-21.300984749059733,-5.979855353921189,-2.6584194098329705,-0.06352846524429145,-4.07727736026812,254628.571441442,-12.49272767510564,3.2479849619777355,-100.11890202266103,0
2018-07-10,-0.7621403995162023,-5.187462491708695,-10.124035451546355,-9.837793103448268,-9.837793103448268,172.88720915330984,-5.128205128205128,-0.23365515023917863,1.424607670745079,0.038370977587868976,-0.9176655732344098,1.9706147794012134,-0.05998270428201977,1.4291478191381668,-0.17878918306207897,0.04316773782356852,-1.001172821065519,0.16688934673498337,,-0.06433792906739969,-0.009601995182547587,-2.2795674344631602,-0.19347274207644816,-0.08910336425672738,-0.11777787228783278,-0.15774850532687182,0.0010590942898916888,-0.3497650794545536,-0.29628471102366766,,-17.274649986346446,-10.628845376100694,-44.47908180260468,-20.452962664320562,-8.032669505742058,-18.757779576321294,-6.573120030735528,-11.302350429350108,-2.8313835143479262,-0.736226261515713,-0.21982955401887255,-188.67508584044515,-21.964985615826226,-19.766074615185797,-0.010393799902061334,0.04316773782356852,0.07597836536564605,-49.97303884563119,-83.28351258380079,-33.08897305281848,-17.707723594693466,-5.749467381115796,-35.63432375077845,-69.2838315293602,-4.158857461862339,-0.0038619198155144356,254638.40922120813,-1
2018-07-11,-9.165836528668985,-8.934837649358146,-3.5755601273144535,-3.351507474651056,-3.351507474651056,-20.659199419977014,-21.62162162162162,-0.2067689273219902,1.0749495054824276,-0.1295457771999692,-1.5135836338612925,1.1849607891309362,0.02583965819957286,1.5507472291188835,-0.41919223924872273,-0.0946263945999439,-0.7572475934981098,0.04821080588363715,,-0.5007931112268421,-0.3131198383906558,-2.6202103705583903,-0.674144271390928,-0.3280689425412637,-0.5764708649799235,-0.3590769566746741,-0.3182650847918998,-0.45735774239089283,-0.34788489721576044,,-5.3792989714219175,-3.3071277927353404,-14.085452611590135,-6.372210897476303,-2.4982156215986073,-5.842365102947969,-2.043673590065499,-3.517027650970229,-0.8792863514504009,-0.22788141830259526,-0.06781481254532844,703.4962707180441,-28.325660964400214,-17.657372820499337,-0.024910427960985707,-0.0946263945999439,-0.13729601377010173,-20.25523842373041,-10.206673618352676,-45.96553404384799,-21.451077689227617,-13.36428475964681,-26.54760549531849,-10.553222567099834,-7.615387235731805,-9.837793103448268,-65.93232405470779,-1
2018-07-12,-3.1681360625907575,-2.4229934395044133,-2.3949261029435616,-3.101771536386767,-3.101771536386767,-35.389591846271266,13.793103448275861,-0.13950760317556937,1.2211384703024684,-0.24268734855418828,-2.6194318746414904,0.6510931894270634,-0.21709162919265718,0.8631016896941034,-0.029002594538985134,0.44630740435764993,-0.46075877397662124,0.0048178127574150294,,-0.8362446319108816,-0.5586706758128621,-2.772092474190626,-1.033683492004069,-0.5250750530317939,-0.9246777926161986,-0.5267787884816857,-0.5753201245967944,-0.5493867145178017,-0.3929938775379542,,-4.902554768149975,-3.0058318667476116,-13.133200438217296,-5.815617572966381,-2.2678916510986116,-5.327946703807366,-1.8539142981208563,-3.197541342133419,-0.7958387688803735,-0.20544795331754725,-0.06092431491719173,127.34109382859388,-36.8945125927161,-13.532202655384054,1.0261825842178895,0.44630740435764993,0.09099569971510418,-135.7320501730103,-38.58077637280009,-68.91597749628473,-32.33132565181775,-22.783268537355877,19.403252533624283,-192.7332108593728,-3.3922694412777483,-3.351507474651056,-7.451451030712572,-1
2018-07-13,-2.5865559829925138,1.4552793711493504,2.293565790522752,2.9684467763961706,2.9684467763961706,18.982794782986044,-12.121212121212121,-0.15796950650712555,1.0058853532652285,0.5669293503905694,-2.828377210957902,0.9154648456957213,-0.064049547612661,0.8182466023041698,0.032752976961772866,0.664052366168502,-0.5576802230537122,0.09480243030886189,,-0.35675930146267715,-0.2560378849519557,-0.9676928201923676,-0.45334160464554646,-0.2833701376452521,-0.3996612871954911,-0.3185958080443799,-0.25637154375593835,-0.4301036444705623,-0.3394304512529794,,6.047413931162011,3.7214445553942634,24.157249337162014,7.224199724816898,2.860103284149544,6.587357828544367,2.4155005999872614,3.952339347632246,1.5053773820704532,1.0111991085125436,0.7675849744462967,18.31854141335211,-28.755456633911464,-11.149764750891269,1.4952938281258126,0.664052366168502,0.1499600358248138,-84.89937963383262,179.21104536489045,22.040129953790675,-37.80622384817669,-28.891486242078233,-12.104184640084629,45.52058111379827,-7.888785481617182,-3.101771536386767,-195.70165763575503,1
2018-07-14,2.454533645102645,1.606237720719111,2.0109119251753804,4.195169621666903,4.195169621666903,-50.97034330444884,0.0,-0.07305014458549765,1.0517181016426898,0.8369616691131873,-2.0969209581427677,0.2272901167055883,0.002969930328930797,1.157079191975292,-0.03510709060040301,0.9462090293632539,-0.32753833545553424,0.09334895204794248,,0.2360399917428777,0.13823004062539418,0.7196287677882254,0.24390122508034717,0.03658937365684392,0.24093960176004908,-0.04088101491457032,0.1572326363277143,-0.267916274225964,-0.2647747998788357,,7.905642639637793,5.094249322577772,24.24562941403459,9.231793111901675,3.9834701982380123,8.521370993424386,3.3955241462354637,5.385552695721964,2.1608975066371827,1.4643803541655416,1.1124725307108887,-19.05225166318411,-4.877088170768436,-11.936919315318766,1.9917161405924366,0.9462090293632539,0.29091525309974164,352.0040080160311,157.79539428989696,102.75839311368775,-20.18201443882463,-31.65990600493785,4.0227337586012135,88.11072454998703,-0.7072491182331258,2.9684467763961706,41.32541149213544,1
2018-07-15,4.249424682545208,8.870434914380954,3.8597697636511894,7.573828998093737,7.573828998093737,109.93252867324759,10.344827586206897,-0.12998318499697153,1.6145166262172925,1.2815538887123885,1.6596603561726122,0.900562421165247,0.3605238601857991,0.7847608237932027,0.4242933480205426,1.2040212496278209,-0.2596742087783359,0.18046598229668528,,1.229387278966303,0.8235245308208827,3.03701042945237,1.386672970278036,0.5974560310840151,1.3036026881084535,0.44747727391670195,0.8741092928911544,0.019363505733144614,-0.12995259498745124,,12.119587657209884,8.46483373029968,25.53194496643758,13.622079285515397,6.831747008236137,12.832892632257947,5.925647661582552,8.875474477046758,3.9312301500493003,2.719785715736297,2.0750262988000236,-89.39477451118071,40.3838612486497,-19.028982541483323,1.2698801035852976,1.2040212496278209,1.1620427873424317,-213.7663489248507,94.09291445057218,118.02207471043351,84.24292233786814,-4.0307019509649455,36.37868570461896,126.9620456738471,9.470644080857381,4.195169621666903,80.53689555189801,1
2018-07-16,7.409299327422435,14.441369864539077,8.096592650719108,15.979460236762103,15.979460236762103,79.13752148978334,12.5,-0.14906441743057156,1.9314866157624873,1.9980764965340587,5.796385228088428,1.7876207633016858,1.0631888004977255,2.1218575539073745,0.9228242894754114,2.300856165036386,0.03722111760965407,0.2948247693275663,,3.3513125149994707,2.3138763036933567,7.605479047306416,3.8005981537147813,1.8214516263474505,3.562027750176744,1.514269133689327,2.4311412598957105,0.6482183179559143,0.16849892439071515,,17.917311923726988,14.542601001248928,21.88867922272616,18.84462790171411,12.506215787108388,18.386895417838836,11.249018690857014,15.00505009064175,8.185542040056475,5.964515497620385,4.613126270168636,-2155.662290806303,89.99987595110784,-44.6518326660516,-0.24944962958501482,2.300856165036386,3.928155023270083,556.8199532346065,9.996946054172488,52.482593974392266,51.672600784802,37.64357940456757,12.233050751730957,-34.85208148804198,21.314666486239016,7.573828998093737,110.98258543708872,1
2018-07-17,16.233736822438356,9.854193931314992,8.843896214376858,8.975973601226224,8.975973601226224,26.202005846111014,8.333333333333332,-0.1032776700047255,2.7104187773480546,2.7087605171486917,8.19824901292398,2.513856696808327,1.535820053797248,2.4488359071599652,1.338773985872119,2.7644580154189082,0.44021437798983576,0.37290902871130205,,4.259336573493873,3.056491017369114,8.126887621557048,4.757150282195828,2.4699208212510912,4.4950599729418625,2.0997932978286884,3.1950022065357984,1.0263280154153358,0.35742652266143293,,7.096056685694216,6.654405076111715,5.816292159852612,7.046148348483149,6.126094514148113,7.084235087210475,5.740253295951868,6.753348227643308,4.657868661773076,3.630312279982418,2.8702359995461424,128.37040678115102,50.87202469178609,-121.71518453139463,-2.001904678117417,2.7644580154189082,5.683526147532665,41.48273406906381,-2.33520077420227,21.377663903153703,34.736279984799076,49.05456919379037,22.697072040785983,-139.87383075918783,21.042459305186625,15.979460236762103,-43.82805508926877,1
2018-07-18,8.750164394371154,2.9384150716114004,11.578843157790523,-3.2842693710077695,-3.2842693710077695,-4.000185758154492,7.6923076923076925,-0.0664180527517115,1.9265042269558008,2.3722768711573137,6.295384881060325,2.1213798541895086,1.8531146721026452,1.9465410141928683,1.0853974716495294,2.7227604581260993,0.19772324505297115,0.3639415651679667,,2.9864321636787707,2.309097498843879,3.7513886067462634,3.211018205798113,1.9152602460935024,3.0968902572607107,1.6488491244271843,2.3964302448857664,0.8152108664897991,0.2726005362626597,,-5.492900947395429,-3.783382449817172,-10.949952767237642,-6.208665794876725,-3.004837291788698,-5.833133212881866,-2.5322643231272544,-3.973656942614535,-1.1805923934744433,-0.3157211613575241,-0.0930363240436835,34.63315911721001,8.942306451530184,610.6295304031727,2.6751158300958604,2.7227604581260993,2.7498175692602893,-27.330104212534923,-19.038875656982846,-4.103278986467496,17.223979987505032,30.602463552547025,-25.282923665893925,-213.74795417349745,-8.040727268621499,8.975973601226224,-136.58956138818297,-1
2018-07-19,-3.4958770597904865,-1.9601010166195472,-3.9459981974493505,3.862649017664447,3.862649017664447,-9.462678986068111,4.761904761904762,-0.06501074528911786,2.112189100442786,2.7925836739603236,6.098098386756144,2.2599192537936696,2.0697419674730657,2.2830119730874627,1.2856704307193842,2.6291734786130245,0.3225938633523866,0.3802319797926148,,3.125282042067111,2.482205247666273,3.7911573409988346,3.3284231885638804,2.093397045878703,3.226000666645463,1.8252682587947477,2.5671166573229662,0.9583940470780301,0.3532572260448558,,3.1581869282409256,2.8616750798397255,3.9194365096935373,3.2264480372731996,2.6288246629877405,3.19242697936371,2.4671944610780328,2.9090260813561195,2.027043756091971,1.6033939315183008,1.273952481142601,25.99966027198458,6.8512293159781645,91.81509237759941,1.2954550797945703,2.6291734786130245,3.386033854575892,24.08460051360489,12.953872609179259,-3.8617355147814667,10.247384421692987,18.87755229301312,6.773542241457073,-424.04076738607114,5.765836960310999,-3.2842693710077695,-217.61060319115074,1
2018-07-20,4.393431666496488,-1.2976070843993204,-5.840800035003961,-12.051067093563557,-12.051067093563557,-66.88730155549767,6.8181818181818175,-0.039088557725340534,1.0225839743027054,1.7205828818811335,1.9710882807527943,0.7248142697469144,1.4495010288977028,0.9109960935693551,0.7183723220302197,1.6340922251334429,-0.014335889900372233,0.191479158870677,,0.7031631563777244,0.8409913206997808,-1.8753611596987643,0.5431586311043575,0.7771141933748431,0.6343313759925471,0.697328400252855,0.8438803375899728,0.3295638702384409,0.06482677092190153,,-17.887150169990118,-12.773946212170625,-33.58209159884537,-19.96718259675428,-10.34161494681671,-18.87882525375711,-8.824193411237184,-13.356987355412588,-4.275230092160471,-1.1689892298780054,-0.3447991830386391,-2.93669296699379,-23.57639018690536,36.581275789320316,3.6882742281653753,1.6340922251334429,0.4919540924050816,-21.37940656683108,-57.759512986962136,-22.529146129147524,-11.638931460201213,4.0970457469327455,-59.284015793656785,-121.32839962997414,-12.55416717371303,3.862649017664447,-411.9897002925277,-1
2018-07-21,-12.349949316213465,-8.112073411463385,-1.6713393949720359,2.9224911143898815,2.9224911143898815,-36.952095307153385,-8.51063829787234,-0.028729784252977356,1.064981409984453,1.7030379181522826,-0.17503503046924074,0.9796037162136408,1.4660590982240909,0.9053543194264673,0.8561784652384261,1.7923667239799972,-0.04566048734975537,0.1126358355435242,,1.0125038773219182,1.0459997045619494,-0.3372082032620981,0.9200860184871262,0.9513490272695158,0.9735739318020088,0.8553023791733871,1.0575808794996666,0.4394305620343856,0.12322885499626313,,3.0425972020897802,2.369560517704419,7.008899913991633,3.3514490304562514,2.0606716383693326,3.1853674990808165,1.877231500379026,2.4443537412890186,1.437450611698219,1.1087492537559465,0.8767778918856887,0.437288582537123,-19.323633597949136,21.607972190756453,4.143348644566667,1.7923667239799972,0.4436294624397228,33.24755989352277,-19.766523151412958,-23.677333215719248,-17.269734656040942,-6.308092945987237,4.273994936918325,-142.27966689797796,0.1723009535160406,-12.051067093563557,-124.25089074436227,1
2018-07-22,3.0870522353991356,-0.14079873039225105,4.291640411678226,-1.2005340085618825,-1.2005340085618825,-21.322176829833996,6.976744186046512,-0.021392033336690475,0.7411799812659963,1.6302881989917493,-2.1332485925636453,1.656929818847339,1.5425208864637612,0.7969242505048506,1.2303712777000668,1.133397857727329,-0.2750090689213812,0.05479279695602409,,0.6982073295355402,0.8206280181768293,-0.6230361013786708,0.5774775478191633,0.7731734372873741,0.6450192576809124,0.7063580801103687,0.8211414654729845,0.36822462106943255,0.09541874125028954,,-1.7478364006905591,-1.214210713656352,-3.8605719942596344,-1.9799656408889188,-0.9735866703753843,-1.8571939383143943,-0.8265631363129124,-1.2729538410381591,-0.3958280775068697,-0.10714828643357648,-0.031371194425599096,-2.4601395791114653,-24.73720617045397,13.373106440065133,1.7107406873927617,1.133397857727329,0.7899814953192216,5.464917537901377,-19.413685971481094,-41.26944005999465,-21.93483529794384,-16.420453197101452,-28.125220341637668,-180.18054985640924,-4.109077326301792,2.9224911143898815,-141.07913288942532,-1
2018-07-23,-1.7871201385608548,2.3039241812711118,0.43803779208812205,0.9742914697142002,0.9742914697142002,47.84972360414502,-4.3478260869565215,-0.029172728355158647,0.8104852237030844,1.1250215577944656,-1.2876748649785683,1.9560657657329574,1.5226567615255384,1.6008632728196046,1.29767536954553,1.2034932703174395,-0.3572116687221077,0.07410198500668526,,0.7366775857796282,0.8357344605007979,-0.09726979118485946,0.640453681766846,0.789499829197775,0.6938669373512606,0.7254021550308867,0.8368557220748705,0.3941282522763019,0.11364338118857614,,1.1139514064847544,0.8412582317601608,2.9826750795096073,1.2465561599134973,0.7237029714209968,1.1747652946944898,0.6554889068363423,0.8703646003543632,0.4948779502379268,0.37802962846534677,0.29731173563933927,-1.7497498809196113,-24.36656877600811,8.921462575610887,2.058493625745237,1.2034932703174395,0.6902740009734467,-5.449035000947071,33.83486895618113,-5.4988287183469335,-17.802698799534607,-18.969460840927866,8.743186328059636,311.0030706242966,-10.149115775166207,-1.2005340085618825,-181.15484132609504,0
2018-07-24,1.5626252505010072,1.3104924647867404,-0.2631803211301202,3.9657300874030827,3.9657300874030827,105.92279682738743,11.363636363636363,-0.053169515291321606,1.7819677958538491,1.3486969760291123,-1.3345439894427622,2.47514118481166,1.8610346071337203,2.120105878326988,1.4822563532284365,1.1325190501599867,-0.12864615217783967,-0.08100462364819258,,1.187683168304881,1.143862834553557,1.2544262220696052,1.169940405203459,1.0478130942971002,1.1806010483517828,0.9562861412624015,1.1583375816931827,0.5476626388366809,0.19420841062187605,,4.487277224170291,3.4076248068193737,11.705366032710712,5.011996578629012,2.941049175138481,4.727942508614216,2.6698171788001193,3.522985599500614,2.0303000838741005,1.556384056425533,1.2228437893938087,3.1790727923683857,-9.694129857028543,7.396709718979608,0.9564200541533457,1.1325190501599867,1.2396599204909189,3.1608939542337664,80.81739023426633,32.941546345954336,-14.128201263040726,-18.53517850865658,137.00117505602952,-122.79915328102966,-5.627553527311239,0.9742914697142002,307.03734053695644,1
2018-07-25,3.478706978625586,-1.030344679279473,2.7473135033524656,-0.869664340912221,-0.869664340912221,-12.43188738714675,10.204081632653061,-0.04540094816443321,1.8862330401389305,1.0245516401995582,1.132439494234236,2.1476007102658934,1.5919955765800722,2.1971849887115447,1.3450479529919106,0.9960558234559769,-0.2086580504398658,-0.008849580435566193,,0.8924419275181357,0.940113533023317,0.5288526703002432,0.8361974927976816,0.8873673209025995,0.8672005476597355,0.8223028367135574,0.9441840538139649,0.48466403811140424,0.17112033209131058,,-1.4719818654764605,-0.9852561396817622,-3.945157821833243,-1.6998206533371762,-0.7795037502837853,-1.5779744109189309,-0.6571055091799348,-1.036636956501749,-0.30942460671864336,-0.08250625189694147,-0.023888857993187587,0.011784142461585068,-19.956352656441425,5.512828333362287,1.0294597164236432,0.9960558234559769,0.9757893288343469,-30.78499913688931,33.55001318504516,46.9045465416806,22.33347734729561,-5.400618532957297,10.58761527550296,363.7356635718985,7.814229976025862,3.9657300874030827,-121.92948894012387,0
2018-07-26,-0.3961462737938029,-0.3571006825536087,-2.4987281336829206,-4.068324469359385,-4.068324469359385,-21.25290730926145,-1.8518518518518516,-0.041764034461076426,1.7203265907441627,0.7280805122474454,-0.27055232076152347,1.481386438211866,1.273498665558266,1.646553199082194,1.2939416818511902,0.770479980216509,-0.21728978997219828,-0.04550030217934358,,0.19297676902524494,0.4423951022229516,-1.0196626390841343,0.047241393902792056,0.47991941027958973,0.12575446969953888,0.46946413000960524,0.42438286348102083,0.28501639158159964,0.08007217995965993,,-6.815238777160842,-4.567909288653915,-18.00195331086813,-7.867697095695564,-3.6180521366356855,-7.30486317967453,-3.052683888762885,-4.805076142663949,-1.4424979468973316,-0.3849494367232039,-0.11121124280121118,-6.984801355962763,-52.32497497861102,2.4909220317864036,1.364688601587369,0.770479980216509,0.4097757158183741,-114.46207563051401,-86.5127408090635,-12.910371103115232,-8.720697948723592,-1.4131401113399604,-9.435765443422598,-60.33447179366711,-13.535766675875854,-0.869664340912221,367.8039880411764,-1
2018-07-27,-4.242366229539585,-5.121143025091364,-6.751590439302426,-1.682158036949545,-1.682158036949545,101.71694184864184,-11.320754716981133,-0.10761077813944636,1.4076271775829445,0.6468814229427913,-0.36233443125719816,0.8193177107246926,1.2032187279983744,1.2407194911583643,1.180128742002633,0.560139214163824,-0.257874131560638,-0.1423271878422082,,-0.06017126277549009,0.24074706974037802,-1.2359445663220554,-0.21951103183067158,0.31020379414917587,-0.1344650386585374,0.3212445401781265,0.2157057120598724,0.20250070999093067,0.04379452425921742,,-2.814863820941334,-1.8628064506874957,-7.892408324980652,-3.2702652271264143,-1.4684321097976092,-3.025975658515107,-1.2357631145669652,-1.9619922711021038,-0.5802315831139983,-0.15398168043937988,-0.04431344399753611,-9.519536992169698,-105.95337852307118,-0.1446899045564579,1.0394683704414553,0.560139214163824,0.2664034225825245,468.98038370338713,273.2296934623512,-13.027783479141938,7.439666414202711,5.979862562302117,-16.071735651473084,38.98456057007519,20.736535350562118,-4.068324469359385,-58.652313756714236,-1
2018-07-28,-1.4394530078570111,-0.5176221358408408,2.7128091725447736,-2.3779406759427135,-2.3779406759427135,-43.966721554658356,14.893617021276595,-0.060113679494762436,0.9888956489369138,0.41550349445564444,-1.0148886321676465,-0.509992238374755,0.6734794727317123,0.5831082141058088,1.235877725385952,0.2854409176795935,-0.24730450586402772,-0.23903872317982186,,-0.36799777650747206,-0.0030329732976542493,-1.607082557162487,-0.5475592417522022,0.10338481572946828,-0.452372342066052,0.1390179662761881,-0.0363591547484152,0.0962965821359249,-0.005199758816594204,,-4.02303831094019,-2.6406766452272983,-11.63195225463629,-4.692854645852405,-2.075403934854394,-4.332905870501456,-1.743821763002329,-2.78351187259546,-0.815850097983576,-0.21568466525682187,-0.06185850121412641,-13.21754123159343,1793.7988317644026,-2.7441061667647695,0.5386318826813894,0.2854409176795935,0.12908769356834354,-10.04356885773825,-42.58551673944678,-43.3988250180952,-4.465825758839323,-2.1805691968638516,-27.76426970452824,-161.8671224097591,-10.784182875445806,-1.682158036949545,41.36250124601339,-1
2018-07-29,-2.442240207712131,-0.894480437948861,0.40125510081142407,1.5069990112920901,1.5069990112920901,-28.36599011300645,0.0,-0.04217788913820746,0.6452586285357461,0.343902865433823,-1.5344708083661731,-1.1384970788136277,0.7505231567313536,-0.3653661814644504,1.1072317898925905,0.3603433485797908,-0.15392835200763852,-0.38364400600239634,,-0.12400024580186064,0.13420102506871032,-0.6029642187095354,-0.24104493283440637,0.2086984832315212,-0.18009409131020934,0.22905138469072125,0.1101194436517545,0.1529221757365507,0.024667693631212427,,2.4350986199365616,1.5939530224858456,11.806252347232228,2.9183346947027884,1.2973211136382845,2.6515275547806385,1.139042179923711,1.6730570091002976,0.7941349186876796,0.579096259940141,0.44608951324976037,-10.338547149076147,45.01237967942218,-4.091570697174039,0.6428734082843607,0.3603433485797908,0.18515871454041063,22.927897574124007,58.328642649704,34.8033454787402,-10.881260007740288,-2.7499568746200946,-29.222129495003514,-524.9654696131681,2.7625778781035346,-2.3779406759427135,-163.37412142103335,1
2018-07-30,1.1357729493710471,-0.9922515190367293,-9.162766673449276,-6.3091466478012626,-6.3091466478012626,71.36005645223985,-1.8518518518518516,-0.09077523171621986,-0.7686295896827633,0.03745172413194469,-2.613351647908991,-1.3549171990504343,0.2869097991203124,-1.516219962183449,0.7740118083477151,0.5026069813512899,0.12869419718638525,-0.3816485367023911,,-0.94203119638287,-0.45940826315912553,-2.481948392347315,-1.1621925708314818,-0.2866736695665517,-1.0461947625780983,-0.20674547759173809,-0.5076278319680472,-0.10997220037433188,-0.10228546203721851,,-10.575937722223294,-6.969338798673062,-28.844587659832776,-12.310435936605826,-5.488207363301525,-11.379809665604263,-4.617941574882101,-7.343113694932402,-2.1719875270991107,-0.5743664032359725,-0.163932679535931,-23.13139643667056,69.93714446693323,-7.2497260743050544,1.900821520519903,0.5026069813512899,-0.3683261257544114,-50.42483212279022,-34.063587511953656,-16.133118364034832,-29.279556078400525,-14.176433751115963,-236.79976915797712,44.60063378565196,-3.222505323227118,1.5069990112920901,-518.6563229654603,-1
2018-07-31,-6.095649268881869,-6.319771102159494,-6.38063237701386,-9.737413752537497,-9.737413752537497,59.82202058977491,-9.433962264150944,-0.1826652945644012,-2.042854268707783,0.03830603945323152,-3.645670146267325,-2.456275389853109,-0.13311862237496166,-1.937468343263217,0.460778731766897,0.18154892964739383,-0.1470924958700081,-0.4550916226893494,,-2.0422581037146768,-1.2639354481406577,-4.777330130015783,-2.396137601991127,-0.9615704585209925,-2.209035981481475,-0.8031561281870478,-1.3440480019093708,-0.477335416007068,-0.28341001024225226,,-14.078437878688705,-9.54941047560167,-33.356146805075014,-16.166728642364365,-7.613747595747198,-15.053437602619276,-6.4547692338116205,-10.030759179455744,-3.1040819402591864,-0.8318647956978114,-0.23766673163539603,-49.09151448366909,66.33846998888238,-13.001668803743854,0.9781627535287065,0.18154892964739383,-0.3259546187888241,162.81962681409857,-77.45784536733116,-21.08122368190829,-3.964100914499449,-15.655033259533532,165.12680642640228,-98.36480107889729,-21.753696354791874,-6.3091466478012626,54.33804753818819,-1
2018-08-01,-9.773131550860683,-9.199886353702242,-2.194532381162726,-0.17640319344336955,-0.17640319344336955,-71.54280848090487,-18.75,-0.057205975303430266,-1.833519099306336,0.16690474773327724,-3.453390126088089,-1.382717077067674,-0.1320727904974302,-2.3104356603269522,0.09023395399432486,0.30015760274508557,0.12057793897583355,-0.4909626099529071,,-1.8271907925293227,-1.1777249400369694,-3.3975737703339615,-2.1007499980540985,-0.9104684752633364,-1.9580163444614465,-0.7674676251828243,-1.2472362446652259,-0.4669208962624182,-0.2815891709646176,,-0.24604718350428895,-0.1633204876229295,-0.6502710223489059,-0.2855701812450087,-0.12912143793544154,-0.26438768389945194,-0.1089477684797626,-0.17192790803911664,-0.05174628204511144,-0.013736783354479195,-0.003905602907378507,-77.47383043164918,21.701379460392438,-18.1879469059387,1.7742444018318222,0.30015760274508557,-0.651234804787478,-5.642913489350643,149.9595982933601,-34.7606855732875,-20.582172371183734,-19.30199187364088,-6.196972772296312,917.5257731976927,4.643661805362018,-9.737413752537497,-98.1883978854509,0
2018-08-02,-0.21474197599014444,2.333529900232282,0.7257604175161,-1.7981198989506528,-1.7981198989506528,-7.698422563828694,0.0,-0.05212561589313327,-2.279685058427358,0.21460917015972483,-3.385725242599701,-1.7778562538490454,-0.28262330115200085,-1.4098702028668217,0.05615681237626949,0.10615227717863134,0.06616770655092098,-0.6446095407030482,,-1.8237835981339447,-1.227403006577935,-2.901925075010274,-2.0596863790955036,-0.9686685394274074,-1.9379111302599152,-0.8265044865330471,-1.2934063847158583,-0.5131248684072821,-0.3074218380987421,,-2.6123474415722483,-1.711171859519787,-7.35594732271778,-3.0518276814288274,-1.3460117022075104,-2.815580615111145,-1.132550374578777,-1.8037485935223232,-0.5341934395467313,-0.14097404676940778,-0.039923273718643015,-305.9653901482423,10.483129006318162,-24.561922215282436,0.6305203460568743,0.10615227717863134,-0.24054327903077682,13.696912272879375,-54.317962181915135,-41.511834982833825,-16.43031455449139,-13.316554856901645,28.63045072789616,-85.03883823034288,-3.0715498867294957,-0.17640319344336955,919.3238930949171,-1
2018-08-03,-1.7289279309401582,-3.459873929814674,-2.697165205261061,-0.273945495359004,-0.273945495359004,220.72184111381935,-7.6923076923076925,-0.17448650265920615,-1.3413528786437552,0.09096663288563382,-3.8885328663749816,-1.722607869066366,-0.40922918369744027,-1.6799390913874672,-0.13353763634434884,-0.07529462331092997,-0.05340961003023131,-0.4026074722642198,,-1.6420905223652267,-1.1514961339346792,-2.078292685339449,-1.816733609001804,-0.9234995994530535,-1.7283875482720417,-0.7951634087996975,-1.208401180943486,-0.5049305267890987,-0.3068601269882675,,-0.41700825212218273,-0.2674847989971427,-1.303428586228466,-0.49220332494612357,-0.20868791669047615,-0.45159826055600544,-0.17478475146186134,-0.2825542012618693,-0.08145357461257366,-0.021297731842303883,-0.006002490172130031,117.81616313071501,1.8821705888692757,-33.171867876449134,-0.415172887859982,-0.07529462331092997,0.15138426415159253,20.770116914630215,112.3424865599573,30.69436649749878,-27.226160147074946,-21.034697486393046,-21.636537905963834,1144.9209932293488,-2.1453893731261187,-1.7981198989506528,-84.76489273496858,0
2018-08-04,-0.12619779648748353,0.14313558289682846,-0.7507440238087488,-3.4197732966242484,-3.4197732966242484,-59.63401105224414,-13.88888888888889,-0.07206888028453307,-1.7860187698323156,-0.2084258957574421,-3.2328073806551125,-2.0860250553216284,-0.5241378459716923,-1.8346876899061604,-0.28303261866459134,-0.5371582015799441,-0.01348253221400542,-0.5662841200647518,,-1.8533935183836854,-1.333681886790053,-2.5064718111329873,-2.0382566216571885,-1.0868643574979966,-1.9445159189299177,-0.9448131011250142,-1.3945350461681236,-0.6050255658455711,-0.359110016704134,,-5.269156152137318,-3.370947614827876,-16.298370654491528,-6.224948345219515,-2.6270470500097542,-5.708862826716823,-2.199019001184258,-3.5618982731806343,-1.0237247814859398,-0.2670761274087145,-0.07504353395770887,55.92136459114625,2.2052260852115944,-50.73220136862789,-2.592663217548744,-0.5371582015799441,0.8259880030132443,7.4767113835163155,-81.02260939119124,-33.620404146074996,-34.56706349969067,-24.635453785820207,31.81260055095585,-189.519492293764,-6.584673568754394,-0.273945495359004,1148.3407665246039,-1
2018-08-05,-3.3800566130061194,-1.7309856156676624,0.1812061494015526,3.1697623801788706,3.1697623801788706,-9.587654815659562,-25.806451612903224,-0.06424431558199518,-1.534636333225431,-0.39434798395993015,-0.5285965409275816,-2.2714442131277863,-0.05639521535473875,-1.7445403853590329,-0.18852706471831185,-1.1424010337684567,-0.01260570014296052,-0.48505118875159065,,-1.2658487273428485,-0.9796173889146785,-0.7116810323628032,-1.3287134097284286,-0.8148661808339962,-1.3008362350882938,-0.7160704763767287,-1.0182432595644086,-0.4790710410551163,-0.30169771631203945,,8.111425884482504,4.316857710419586,76.95163466328671,10.631903034527964,3.2070002734581826,9.214828069856853,2.6647606038344263,4.634350295719656,1.5883539977225913,1.0529048549232711,0.7835261309886231,18.52987086026615,-8.775103243114573,-93.9364039122222,-2.8031368512973294,-1.1424010337684567,-0.07839612112903271,-25.356421247427097,1438.1119171536843,147.40658849700068,80.74980233413802,-6.320763103644208,-18.40396117157099,-149.3214502734277,5.523844303876551,-3.4197732966242484,-192.6892546739233,1
2018-08-06,3.3130328867234935,1.500287802734424,0.7241572418942762,-1.5153400958366998,-1.5153400958366998,-17.957790492207522,8.695652173913043,-0.05228424327024495,-1.7301416835719312,-1.157282726084597,-0.7980410250542802,-2.3523986960283803,0.006471844169558954,-2.219860718450975,-0.312397579189643,-1.700411425730785,-0.022250225402160807,-0.5909224857678936,,-1.2963420592834087,-1.0235013149574141,-0.9757270632530521,-1.355298716320509,-0.8614246012845201,-1.3290563979241081,-0.7622435562991571,-1.060959111655709,-0.5149163025217709,-0.3221303521313278,,-2.479170523457026,-1.5587353303549698,-8.103809701816797,-2.9521750954080974,-1.2062925527921546,-2.696094760108838,-1.005836215909426,-1.6500067486772816,-0.463743195632637,-0.1198568803703878,-0.03343185851956527,14.616333545195682,-8.495630067729913,-1417.5732237536404,-1.9459853029354601,-1.700411425730785,-1.5473667940384552,-2.360292443522555,-43.34282662869347,15.912202715023275,11.10200660085262,11.0680019555145,10.306651705782631,31.540041067771345,-4.365682848605772,3.1697623801788706,-147.80611017760867,-1
2018-08-07,-1.6685488774990982,0.06463690523375692,-1.155433990720743,-2.0239486904047337,-2.0239486904047337,38.53532022015731,0.0,-0.07378863598818707,-2.207526332456519,-1.7132750299598098,-0.8347990477348756,-2.1565840342975666,0.04153704001967998,-2.3298294853820085,-0.4746839742306347,-1.6199265174800297,-0.10577947849991502,-0.9079427543447536,,-1.385074279066076,-1.1050460962271162,-1.3182485651965457,-1.450394571491659,-0.9381844565525784,-1.4203039463294869,-0.8345779859767912,-1.143329394207889,-0.5665898650451008,-0.3504388419988461,,-3.376076391961988,-2.1028286332158856,-11.340998410723348,-4.037064749260952,-1.621075001487701,-3.678747092925342,-1.3487402443258079,-2.2281620446066186,-0.6183606593662623,-0.15898322840856755,-0.044176637450282254,12.877334161581214,-7.304347235129733,99.73098492658413,-2.2865117919841498,-1.6199265174800297,-1.2061844381707316,-3.8294123743392396,-81.53690712283583,2.426588498085765,-2.6565981436756885,19.827328879643144,33.89228914860508,759.9750234156759,0.30914897458999313,-1.5153400958366998,33.56398975816688,-1
2018-08-08,-2.140481734597938,-5.4979006575299065,-19.25712807913623,-17.765007868328052,-17.765007868328052,312.0340631022218,-8.0,-0.38936360928208463,-3.303434020614798,-2.259814075993276,-4.268044469278829,-3.3839382005748617,-0.621639562721572,-3.232464772171099,-0.9781574028404282,-2.617456419013806,-0.40685983514432966,-1.1325809568005758,,-3.3696794327527764,-2.4503540918008055,-6.65403137807834,-3.757166102137291,-2.0370586454441857,-3.5534138183438815,-1.7935696776549042,-2.5524163614239446,-1.1468810073249305,-0.6352524765831499,,-23.726555159921016,-15.927483172575197,-53.92463178493363,-27.331334806464497,-12.646228463811646,-25.412024825438305,-10.702690516868952,-16.74972194349261,-5.145030460824287,-1.362079422054935,-0.3803553628600692,38.46925919864066,26.183864489455623,63.00695453938576,-5.506351171266723,-2.617456419013806,-0.8439594297063032,82.01142302925808,69.20934858938273,-49.246432535742166,-7.965543829113759,-0.14543365608095352,7.494385816352556,-113.6431294245804,-26.19092707330843,-2.0239486904047337,777.7400312838744,-1
2018-08-09,-17.83694551738813,-13.571322633272509,-2.2028266004724375,2.9472891684378424,2.9472891684378424,-36.88966132231706,-17.391304347826086,-0.2598148523798246,-2.900961574060037,-2.4318930551825315,-3.233776643860679,-3.0762182895206007,-0.6848595748804595,-3.0130696824621355,-0.5910045772802638,-1.8326005875856928,-0.36326412333873964,-1.1592873971826565,,-2.7183301619066986,-2.0829171154645567,-3.9098686272775427,-2.9471763037488956,-1.7638156645643694,-2.8300341688883126,-1.5687053244863174,-2.158967821250653,-1.0319625968879143,-0.5867612003613848,,8.235831412236857,4.117433898132247,67.17248129710288,10.987557856888492,2.950904592577078,9.442546825061527,2.3929739548130518,4.456161859046309,1.313975197578019,0.8249015735583186,0.6032187834794716,17.6048338778755,3.1930531487722145,39.88713258828556,-5.479000655578062,-1.8326005875856928,0.30067269581114575,-23.779215204487993,228.03882098908937,1.658952155091956,26.951107864082164,4.786773030547171,-10.722328876669208,-373.7094199041468,24.702742330703888,-17.765007868328052,-116.590418593016,1
2018-08-10,2.928203679286755,-2.1517410151382665,-1.202777277416595,-7.83605683160021,-7.83605683160021,-43.577432703259944,10.526315789473683,-0.15257848725799344,-3.2873739916515854,-2.0438304465065893,-5.4193067665253505,-3.860787165554691,-1.1653713791539813,-3.372173493733936,-0.6834352332190686,-2.3210342347880006,-0.471122927509565,-1.2822956473659197,,-3.2767568924480712,-2.4946732235568905,-5.112094687424348,-3.573692374307458,-2.1126611571154608,-3.420210297809481,-1.8796115080694373,-2.5863024574610938,-1.2306242279462551,-0.688371766213026,,-8.950274670968197,-5.999460888445045,-21.038949914971823,-10.324392500642752,-4.764654256116034,-9.591805451994096,-4.0344917264094695,-6.309404040939038,-1.9460708461029108,-0.5152182251107071,-0.14317814022258418,17.62177486235883,6.457594194999541,30.355101974843368,-6.53504315742156,-2.3210342347880006,0.002248623997101841,-14.584223404668489,-96.67747157034078,-9.89437994631975,-40.37787188921456,-9.822231920107322,2.3480101866332723,-57.99144468209517,-16.119332074915963,2.9472891684378424,-365.87336307260125,-1
2018-08-11,-7.643331528742559,-7.3665428869894205,-6.282683462478779,-3.5716942609874485,-3.5716942609874485,4.753873542364075,-14.285714285714285,-0.16969532191928133,-3.3829873975744906,-2.3624363454271267,-6.001950774682637,-3.582954716690668,-1.8686476308959392,-3.8436424600723456,-0.6773776168446118,-2.43077134356484,-0.27066730668925754,-1.2266444819199618,,-3.3074223260780418,-2.5675337023826192,-4.653954022378254,-3.573447632357159,-2.1915805571839155,-3.437252679151264,-1.958455516190109,-2.6564790627285615,-1.2944060352627158,-0.7258774617953564,,-3.872444751916352,-2.572381893306046,-9.588820467053969,-4.487698476762178,-2.036221790636398,-4.158864232340615,-1.7211825592918062,-2.7076594213900678,-0.8269707402982905,-0.2181232727631364,-0.06041128628406705,13.110106012071462,1.7479330389326333,23.693502105674273,-6.705682412670779,-2.43077134356484,-0.22798301791009196,9.162422699163393,869.0737643668111,1.2806190807852145,-26.214577669337885,-14.588557608736977,-0.11145026846906779,-107.84540615599636,8.284530240655942,-7.83605683160021,-54.41975042110479,-1
2018-08-12,-3.886132278757959,-1.69896119717498,1.3573980403947585,0.2905930154811551,0.2905930154811551,-48.49861766140836,0.0,-0.08713721098710839,-3.6200070666855897,-2.3417984924982322,-5.841485522540904,-2.6965779219720503,-2.293907475531601,-3.3525835928243803,-0.7607967288121358,-2.5392868925308663,-0.2413745090175664,-1.201296686973717,,-2.934349413089178,-2.3761741464041144,-3.166671161661504,-3.100146128025036,-2.059213756442481,-3.0184432312485803,-1.855383608489293,-2.4485708459430553,-1.2522194676375993,-0.7130344390250068,,0.8595487596979633,0.4195786089460136,6.062397348102298,1.1508412542051272,0.29589322821750386,0.9877610620059155,0.23723597592469012,0.4556807728689162,0.12506497176305403,0.07601177052297206,0.05488249325704738,7.767103394092953,-5.676581410752482,18.067659811664523,-5.686961046868722,-2.5392868925308663,-1.02264904328395,-6.872995376348628,33.00754845076324,-42.18893320545962,13.48209465500278,-24.5937505373026,6.136027512155727,-2051.03244837419,-6.804513385989286,-3.5716942609874485,-108.13599917146371,0
2018-08-13,0.5875481033534824,3.4080822628996366,-3.823973337753786,-5.653136405206979,-5.653136405206979,25.997056984609166,16.666666666666664,-0.11167429676565063,-3.4820779503196695,-2.643835899484478,-2.7916257747723385,-3.1366293295555048,-2.3318974832185875,-2.879041233904955,-1.0164178664706145,-3.0516567816931,-0.294457507830639,-1.246900476720892,,-3.225622608525984,-2.601569256651173,-3.9412841787236785,-3.423801214376893,-2.2554649305384533,-3.3245406287890806,-2.0332368958138987,-2.6809925171300093,-1.3711850166998623,-0.7760831711672675,,-6.351565054217276,-4.133991253751898,-17.318589828732055,-7.434054195517463,-3.2466247116419553,-6.852835861343601,-2.732437286078343,-4.360365157879722,-1.2989867331438445,-0.3393698449279242,-0.09330481110595698,7.661368966261666,-3.8578769724786257,14.712438403567285,-5.230038688284666,-3.0516567816931,-2.0515138824465704,13.80104665205531,-93.37022667906099,-0.6168797193144396,-13.238030154743512,-10.621128805145052,-1.4567763689088598,111.82340489870879,-13.404547109686197,0.2905930154811551,-2045.3793119723425,-1
2018-08-14,-5.643040136635345,-10.39662488258349,-17.077905584382584,-12.692171801817304,-12.692171801817304,172.1159870679933,-23.809523809523807,-0.3414725844247121,-3.4189815034047792,-3.365336573451393,-5.851593709016888,-3.8972441691649027,-2.8932280937762513,-3.7095030931082364,-1.5314859076964116,-3.530469576935754,-0.5126970783427991,-1.2288218702982012,,-4.214367185211604,-3.2738731998281994,-6.618881073137543,-4.571674703406607,-2.8055653879252715,-4.3866533170497,-2.513963019256036,-3.384911203089019,-1.6639276513871117,-0.9206888238806961,,-12.598955486250475,-8.402889597252766,-30.566063218286626,-14.573228297215282,-6.665584851886644,-13.519137095452876,-5.643351400880931,-8.840708028003124,-2.7299700445560937,-0.7208198710910557,-0.19823587975369636,10.641668723199077,5.107888980228427,13.4806073680543,-7.200578454254073,-3.530469576935754,-1.9001229159907367,16.694507222167637,1921.7040134118774,32.36871748688028,-23.51143511254021,-7.914914219967422,-1.0906551453880193,-118.10135617416606,5.026161432513899,-5.653136405206979,124.51557670051663,-1
2018-08-15,-12.52850885131956,-5.6591326037251495,5.731320424461211,2.6314424164444365,2.6314424164444365,-55.51557880582444,12.5,-0.15051593179892228,-3.3941089915527822,-3.3493263736307477,-3.9313133472274435,-3.870393128017973,-2.2907041492219418,-3.542349755286712,-2.0531152417970584,-3.300439700272796,-0.4035784623021124,-1.127309123523153,,-3.5626336821851443,-2.918731998330654,-3.9725503363281884,-3.755492737573348,-2.5481406590890754,-3.6600543644981167,-2.3061301260093354,-3.0026336148600254,-1.5653127358135395,-0.8827039441962234,,8.158437725108577,3.7477044569552134,73.2872097059039,11.21589720908371,2.569805329478724,9.49275158995425,2.0240123031909167,4.097689320326201,1.0068502046244616,0.585951402517407,0.41646247019169175,5.380667384541116,-6.636506267008145,11.090851826710987,-6.093588556948146,-3.300439700272796,-2.1266997213212306,4.043448972718087,87.15124487757627,62.67947478633834,75.11869333466078,6.4055293231240125,-6.542736752408171,-107.25552050470795,13.164383921201173,-12.692171801817304,-120.73279859060575,1
2018-08-16,2.10141853511158,-1.8631874395302297,0.8401535453031146,-0.18602958274778192,-0.18602958274778192,-28.81137312020638,16.666666666666664,-0.10718578182091013,-3.3649962602842227,-3.203219188890633,-3.3251131053919947,-3.6820265221093913,-2.4862356663749754,-3.6572950296738758,-2.4635900264578474,-3.305819091925604,-0.42911888322499675,-1.1526077671835449,,-3.2205278599697946,-2.7449938138437595,-2.8148062272331917,-3.32419825654513,-2.430358116131659,-3.276892368243561,-2.2161670577083954,-2.813272078111351,-1.532296487720792,-0.8749898921110442,,-0.18507673444883269,-0.11907809465551518,-0.5391578555038977,-0.2179089747228941,-0.09315073462308196,-0.2002305917054852,-0.0782523535151611,-0.1257367101911328,-0.037101648966719435,-0.009643514841129098,-0.0026286094638850125,2.9306792265573005,-11.784462094690742,8.807074962820204,-5.048078529255028,-3.305819091925604,-2.603359004537992,-3.6435149965199476,-2.4536604880651276,60.80600665844563,29.911756159576825,23.841211972680167,-1.134549216129415,-10055.978260900474,-16.790810341818954,2.6314424164444365,-107.06949092198424,0
2018-08-17,-0.14693960275637655,14.249458251176229,1.1019792532397488,18.55558369207396,18.55558369207396,86.72493020009307,-9.523809523809524,-0.18181683719536199,-2.4449169455786968,-2.602114244315155,0.009014417313825103,-2.925741037798122,-2.042086864494848,-2.349494338853065,-2.0055043355567603,-2.6174892993583954,-0.10650706587901704,-1.0404417836250859,,-0.9450703148671558,-1.3551254100889638,3.896018731815861,-0.5946703683584451,-1.3598605229601923,-0.7919655823865354,-1.316451606083476,-1.3377979070619863,-1.044873599323312,-0.6583460014565662,,51.02155938049543,25.087945078064944,251.12335932288627,67.34381544875936,17.590416260702096,58.29516632300245,14.019675267080906,27.264203979079433,7.184599974243351,4.245862823680004,3.01688838981501,-5.670396712765809,-38.547309278410765,4.974110865832728,-0.47230165387835205,-2.6174892993583954,-3.460695697544031,-36.15320006719305,250.43062200957002,114.90979590437638,102.88952090858163,71.93790511757959,-41.85577596978048,-142.60057863420042,60.25170550310618,-0.18602958274778192,-10074.533844561442,1
2018-08-18,19.559547368955194,4.279587163801635,7.501902877150248,-6.66757800485288,-6.66757800485288,9.184857523343743,26.31578947368421,-0.19484430687322835,-2.635909758074113,-2.776179290365354,-0.2192031973365721,-3.3846702026797204,-2.3282401779317903,-3.1979622547218907,-2.3807187736361075,-3.0706658142008787,-0.311623835146873,-0.8681355989035386,,-1.660753326445517,-1.7717307761411678,0.11073545740229354,-1.498223229813552,-1.6852723734636914,-1.5911351050198717,-1.5949062991533833,-1.7800102322453124,-1.2083295656420732,-0.7383055665802989,,-6.998723276892576,-4.698863715966685,-16.686143527788616,-8.07350927421211,-3.740898510437281,-7.500263642768982,-3.175671110904514,-4.939768152695277,-1.55321756231874,-0.4115243390842858,-0.11218360690849875,-2.795672002953438,-34.036563403894874,3.125622536967331,0.4134797594382019,-3.0706658142008787,-4.482568272640627,-51.93906545990323,-27.17757842557127,27.611500065241955,41.36129015048859,55.23857167478985,2.9109360128961566,-145.66888774988251,-6.9593870833038665,18.55558369207396,-135.933000629352,-1
2018-08-19,-7.426490560912677,-5.899895946842765,1.3565946359285372,3.2625411937019386,3.2625411937019386,8.644731492642705,12.5,-0.21174558807383065,-2.7871859061031756,-2.8324511262558447,3.1580404043122026,-3.019586429300465,-2.4979042926221027,-2.918413984449599,-1.7901641374303459,-2.5821247060482375,-0.33422032970325777,-0.7210521698296191,inf,-1.07637271414875,-1.3966174353131162,1.1636615734499847,-0.8270694302653318,-1.3972986584608993,-0.9650189704893292,-1.3551707689052797,-1.3824485316968023,-1.0855404566897047,-0.6882497879997259,inf,6.341820746108065,3.83398548873609,12.84368673205993,7.491536771272746,2.8806252933740555,6.8858974527752945,2.3775265272175847,4.087599505051973,1.3094487129019583,0.7998276822576686,0.5737177947294381,-4.827594052955908,-55.71804224917298,1.3421367233677146,0.5501089121143239,-2.5821247060482375,-3.9164813719896747,1.06202441561312,9.291099798098434,25.35380701805769,25.973068659123015,44.31089031305332,4.299133243431849,-361.1952861952286,3.847021093301195,-6.66757800485288,-148.93142894357365,1
2018-08-20,3.376154191767776,-0.41879984675930354,-3.603628776871214,-8.252366937342645,-8.252366937342645,-63.7998700113576,-3.7037037037037033,-0.0793825814627967,-3.2786669309079226,-2.808781126340229,0.8544460633251443,-1.7696427992370514,-2.7579125997405503,-3.409998835929558,-2.14823184011307,-2.3289967445272373,-0.43965749493671624,-0.7854244128957786,-0.7210349912789769,-1.9655018434620883,-1.9315903217829715,-2.0472214899620576,-1.9170252182309364,-1.8151341262218303,-1.9452033549700904,-1.7115114046536553,-1.9495938815253195,-1.2910242847157705,-0.786651515442654,-0.48013866620177537,-8.48049308480034,-5.674889924914542,-20.798650452950426,-9.802912927723025,-4.514826323450478,-9.096618463958746,-3.83239917638624,-5.967359889997733,-1.8778230637123607,-0.49731921250205413,-0.13490791864710347,-1.176429059446019,-38.707117833002705,0.8117396247715868,-2.56921807973676,-2.3289967445272373,-2.2219032707010236,-5.292237690266067,-61.416057882657995,-27.451929588940192,0.468804115854531,18.81372321135599,7.323334011258977,-117.64958642174949,-0.0919735484273212,3.2625411937019386,-352.94291925794437,-1
2018-08-21,-7.624555396883127,-6.173767825760037,-2.5634088603314193,1.5875163051355192,1.5875163051355192,23.92365670180122,-26.923076923076923,-0.1003172385026503,-3.0898255635802494,-2.1812105618353694,1.184722930383441,-1.9602032303177048,-2.562962827186748,-1.5317256684737213,-2.1053699975176894,-2.3095066297356683,-0.6696150002407522,-0.858006292787924,-0.5320289575966278,-1.553502880309116,-1.6746838805821729,-0.8862864464798966,-1.4358231639214536,-1.6213308254467607,-1.500599245100687,-1.5524111232831384,-1.6763585491604398,-1.2143126320104742,-0.7580900391262084,-0.4694412333847016,3.1495875375265934,1.8706004603576343,7.7385618288810365,3.759111840745061,1.3952981259699297,3.4354534685395697,1.1461100599286105,1.997842715367658,0.6198455124409465,0.3725522565078236,0.2654429639155007,-2.775472390104489,-91.15878904501041,0.07118973732465192,-1.3150407770627177,-2.3095066297356683,-2.75127631761774,-34.11118737131098,14.427248624267094,-20.578781188317468,2.118493966288974,8.295555674310046,-7.559566380510161,-283.01886792443264,11.367763192458991,-8.252366937342645,-119.23710272687794,1
2018-08-22,0.8372941571847056,4.309011275743177,-0.9152932309950154,-2.8600506001636035,-2.8600506001636035,5.190832991863256,10.526315789473683,-0.10503077285924688,-1.620934170628629,-2.331081307740288,-2.7227365757383764,-1.4423625114310457,-2.6203915261097155,-2.0259942559509474,-2.262466284115698,-2.365932478399628,-0.6981070617969283,-0.847025097936688,-0.5892549897908748,-1.7098406990124084,-1.7640906264355618,-1.5324414107329785,-1.6373796849706128,-1.6941853125041528,-1.6770545517664461,-1.6174852375987123,-1.770831914896976,-1.2594146513405478,-0.7839744943701935,-0.4820651470221979,-3.002138019187711,-1.9520893447182786,-8.480477065583313,-3.5195270566741916,-1.5358591586215058,-3.2413411114268755,-1.2956666915783486,-2.058642589398591,-0.6250240972776753,-0.16346058881465927,-0.04398503922789931,-2.0524729722714534,-598.6729380573269,-0.35475140811657974,-1.2310066263975465,-2.365932478399628,-2.8775443137518453,29.04513888888906,-64.40538451509849,-46.12418045972586,-27.491069680939095,-8.449592951797118,-34.60296434118098,-195.07815098107994,-1.8241736613868471,1.5875163051355192,-280.15881732436395,-1
2018-08-23,-2.6662349905253535,-5.6801329354798265,1.8645102533051805,2.7993459380599566,2.7993459380599566,-35.94401702861754,-14.285714285714285,-0.0674337844544943,-1.706012631311036,-2.164612191299213,-0.7976606957853807,-0.9059730708278727,-2.4766996201996285,-1.1348763127485717,-2.434110150339198,-2.288964828895053,-0.7934866301649699,-0.8419194457973537,-0.41633475423812116,-1.1765981238092451,-1.4237316732236887,-0.13345576221842234,-1.0172994890678204,-1.433035531013899,-1.1030134634752566,-1.400459622506233,-1.410119437600746,-1.1499860349008302,-0.7407712701068992,-0.4651512938346354,5.916859807442932,3.4422038860771296,16.535445082171453,7.136191446044335,2.5461494210557003,6.484897453177969,2.0810058749180014,3.6841110066598395,1.1085967605008609,0.6574989697587222,0.465007028633322,-4.066301821412447,205.1816576441095,-1.0864905683964776,0.3932903400416586,-2.288964828895053,-3.5185940000837848,-63.72258845688161,239.79839909401397,15.049421708957865,-13.139820096601559,-12.921458845075733,4.64048158354184,-16.96397341727592,3.713895819077642,-2.8600506001636035,-197.8774969191046,1
2018-08-24,3.1550524863770266,1.9568841403349229,2.275451455070626,2.2611677302600253,2.2611677302600253,-16.90101383929735,5.555555555555555,-0.054919376073709246,-0.8993530470992445,-2.102622192681097,-1.0292153368220536,-0.7548018419891762,-2.554803956039723,-0.6672472354182424,-2.395446510180026,-2.0142042001541767,-0.8050927826847011,-0.8230107637410197,-0.23814253426250467,-0.7537022468526549,-1.1371233650335932,0.6626187128320878,-0.5414307367490402,-1.2091213201143651,-0.6545772093287896,-1.2128782104135727,-1.1079820769753346,-1.0543432118318221,-0.7032867606500287,-0.4506377395853706,4.698465654465268,2.7931797165974164,11.849602672711322,5.605796498813431,2.082221001765864,5.12374316537821,1.7087675661933484,2.983198593645406,0.9183689626582195,0.5462421951755597,0.38596026287928736,-5.572676433786801,77.00854416551245,-1.9443058371556627,0.9363999217406832,-2.0142042001541767,-3.4216966571083205,-303.80122380864185,51.70161481662839,32.54132768223681,-7.540709138409708,-17.736549139939452,-42.850182985297394,-87.57371524850676,-15.02926433870935,2.7993459380599566,-19.225141147539276,1
2018-08-25,1.6274349879554462,2.1840917114137657,1.9375972641165238,0.2747662158637679,0.2747662158637679,15.005580080029063,15.789473684210526,-0.06223965377700794,-0.5998329612844978,-1.9162849556450219,0.795996314407059,-0.2150646299214369,-2.245058106946698,-0.67490945675499,-2.2414710404411835,-2.2528046953291287,-0.8034522720928019,-0.7954928266128359,-0.3079742641410212,-0.6233421816618147,-1.023533030852656,0.5316325030898816,-0.41962160389703085,-1.116020017724246,-0.5270624505811019,-1.1339876189545885,-0.990308565206225,-1.0158285720292388,-0.6907094374233458,-0.44667085749986246,0.5801207845681847,0.34722498480257413,1.4348248473996272,0.6899482511688201,0.259440624138694,0.6316745418907939,0.21313405679922026,0.3706044438856227,0.11468286334218711,0.06808321869200358,0.04799607659266491,-5.9096831887048475,34.87996292324786,-2.6744790444447326,3.5330815905499233,-2.2528046953291287,-5.137322768296397,-20.389409516877617,25.04906140661956,57.00983817211297,26.933408434792938,0.7263561328505073,-30.251376217477365,-631.1864406768511,8.62910020605711,2.2611677302600253,-87.84848146438912,0
2018-08-26,0.39381100804420177,-1.6191939487058438,-1.5747066861423977,-1.4555216006093175,-1.4555216006093175,-14.844190316891806,-13.636363636363635,-0.05366384780491961,-0.7312647359400007,-2.217936041480978,0.18092785264808758,0.7689860998581797,-1.8003226275028663,-0.3122419056143235,-2.248251182661014,-2.26700240942074,-0.8861452090203293,-0.87251348996916,-0.27754637414149963,-0.7297755562955139,-1.058743564756235,-0.1377578585101435,-0.5752972225071921,-1.137620442562762,-0.655482767735552,-1.1512817040443657,-1.0304045984938366,-1.0287360260878367,-0.7006401956284095,-0.4522277521153701,-1.905371621116557,-1.166066304679979,-7.053587592724127,-2.299655197489715,-0.8956422820722448,-2.0852041067952376,-0.7454083215838485,-1.2373585748067466,-0.34722260328144144,-0.08829321452287678,-0.023358750491431456,-5.234230248348505,13.907824419985499,-3.1301562675288768,4.922329690777462,-2.26700240942074,-6.178793737438417,-15.805714285714084,-20.245478036175562,11.62100710349133,12.396615184063,10.299692139482747,19.17150318450041,-451.6911295470596,-7.5330522430969244,0.2747662158637679,-629.7309190773435,-1
2018-08-27,-1.6917642684513874,3.1336635493291,1.067557734288209,5.194548128039803,5.194548128039803,33.87055451473955,-5.263157894736842,-0.06971548405205512,0.08241310989924433,-1.938131995047895,1.7931379156286449,0.9967093046355078,-1.652645746669263,1.1117080448829282,-2.0416805199649484,-1.9320928226324512,-0.8965263369252319,-0.874204656155006,-0.3218188066317109,0.022389116080521167,-0.5510941193226424,1.634773601183857,0.2841217463746232,-0.7360384844823777,0.1471511140147833,-0.8110142688815807,-0.496189580912859,-0.8468355575502934,-0.6246756137883238,-0.4214379751507922,11.631336226091916,6.836421152964,30.715144494078185,13.946091339628982,5.0684015307065495,12.713426401562145,4.144719724471718,7.310963936921917,2.2019139994220427,1.2925787609844257,0.9044190423291902,-8.53343786228606,25.99059948887711,-4.07113555100774,7.719422950283159,-1.9320928226324512,-7.804951785840393,-173.8563865888422,94.63793941357508,28.978529435072574,42.6036597074386,27.989819946993755,-111.35660930808578,46.94247867900131,36.25585363371629,-1.4555216006093175,-456.8856776749441,1
2018-08-28,5.807488653555228,7.87702839529404,5.209408956128804,7.256077345591076,7.256077345591076,96.4592790174255,5.555555555555555,-0.12777441752251348,1.5745491091526782,-1.4976648104904031,2.735871513907166,1.63074279805797,-1.3302365199163404,1.5010171860403894,-1.9496603971755688,-0.3539564587304701,-0.7993723364104302,-0.8741408159774308,-0.3689659584095345,0.9882841835019982,0.1193184827205231,3.568819828483596,1.3734441402959314,-0.19890141718091786,1.1716652843693023,-0.3522614586948074,0.2071454895091182,-0.5955647644706095,-0.5171787348731867,-0.377214377956779,13.84513602921059,8.88157757859297,22.733525496244862,15.877628746800532,6.799214680671055,14.825517234202875,5.656976386328763,9.417344111685837,3.1316824643065755,1.8792204503462777,1.3209481498685207,-13.375375348846088,32.3329518795864,-5.61609259174797,0.9213455435754836,-0.3539564587304701,-1.2606353620647714,-292.2624517551915,-4.25257731958763,14.517328120377782,20.5094919480669,24.995994078400944,1980.679221855273,-113.46011360829107,12.49292842336915,5.194548128039803,39.68640133341492,1
2018-08-29,7.033833175457099,1.193581075468872,4.350879720506418,-0.9106022506077708,-0.9106022506077708,-11.707886808573681,0.0,-0.11061476723639406,1.3091943291724755,-0.38261427569301437,2.035954592437993,0.11986894736399525,-1.3689336745745884,1.4143810820306806,-1.6924789851669322,-0.5758230756979379,-0.5866367325873857,-0.8097284471171586,-0.33266796451792363,0.7189942808454225,0.024573487643616318,1.9727765413939102,0.9958680827689468,-0.25030666014777203,0.85352878276944,-0.3864370131584285,0.09860280103934198,-0.6061057015363802,-0.5229645196282385,-0.3805221817387438,-1.357173982538383,-0.8338429808449005,-4.44504384521442,-1.6303866523204722,-0.6403178657744382,-1.4823979435384853,-0.532711396905528,-0.8847542689824776,-0.2479571682314836,-0.06274887703229633,-0.016456847842636926,-12.471482422384266,11.941896519085745,-6.660839469463324,2.0629682470198554,-0.5758230756979379,-2.493335648520395,-44.48905458369187,-14.90066873650827,12.181279788637259,8.253478655128905,20.758516324384694,-13.682586966744244,371.65137614696357,12.344677564737042,7.256077345591076,-112.54951135769069,0
2018-08-30,-0.8190493683885315,-2.4944390179839173,-5.410302873414443,-4.3343366129616925,-4.3343366129616925,-28.641929337020255,15.789473684210526,-0.08225140600967973,0.9671408247556542,-0.7682971952295163,1.0309296640208976,0.3231899073063632,-1.3757647023607136,-0.25065363510888733,-1.3819795428488035,-0.3436776853452322,-0.5856735186201364,-0.6778316652807117,-0.3203367604927836,0.013952875600478474,-0.3726645879424566,-0.21093991286607472,0.13136410301567897,-0.543338276069862,0.0747721425162155,-0.6268129695158644,-0.32753272592077487,-0.7304675796308399,-0.5787970951489276,-0.40491128387334435,-6.418172381411262,-3.9570738246402546,-20.1010769696251,-7.689938452922012,-3.0408564049417315,-7.002331302381415,-2.530590471200593,-4.197677870234149,-1.1788213021155993,-0.29802465955435736,-0.07794624050858219,-8.178184953844912,-3.622166177719499,-6.877684305879325,0.5517978584989327,-0.3436776853452322,-1.0247932381023421,71.77544343034286,-36.28855791628431,-17.345895654914816,-3.1822746643163353,7.494833455626819,-30.41600590067985,-188.09570122546225,-6.898087779311705,-0.9106022506077708,375.9857127597462,-1
2018-08-31,-3.876523671627764,-0.5421240487574969,3.1508848750228045,3.9913633559531196,3.9913633559531196,-2.5679349576735255,-22.727272727272727,-0.07818881045894305,0.062039494797112155,-0.12965733046870045,2.090865829524271,0.39564131972846744,-1.4084163192995018,0.615834375074674,-1.2701729387006104,0.06158758181251129,-0.4642304503329359,-0.4623671884205832,-0.3352691214687883,0.5447551739328911,0.00922520641268768,1.1839057948738942,0.7294950659498538,-0.23037275970665635,0.6367934567930313,-0.3561166785113374,0.07095007395828896,-0.5786804272308216,-0.5143779682940987,-0.37886279642809184,7.6109731180214135,4.934743691976755,15.941135980464175,8.737566070866688,3.803460850477374,8.148969271892975,3.176022370492002,5.223831187489655,1.7661935677094704,1.0561216955640753,0.7387869318501504,-12.075064768296517,3.0386864051158913,-7.610072313006586,-0.10783707208793175,0.06158758181251129,0.1925079136372045,28.932330827067652,47.268129152077165,-8.421516430959503,6.589155708920669,3.7419275652971944,-91.95053741787366,72.06888937954497,-1.3388397972688935,-4.3343366129616925,-192.08706458139562,1
2018-09-01,3.4548591345775206,8.052611978196833,4.168066929621293,6.604293256722521,6.604293256722521,37.831600941574756,23.52941176470588,-0.1001975271914471,1.0745979509146792,0.3979287143861797,2.4405556396460844,1.6914052158424637,-1.0862843673831606,0.9075808999921142,-0.990086182896501,0.4036759063086643,-0.42314181399463086,-0.4953502569269656,-0.2962523068424195,1.3811469447480902,0.6093298950944434,3.032982569667136,1.669310627011788,0.2612862367455741,1.5216593086257528,0.06967114777999205,0.6973642047525779,-0.337164039460404,-0.4094915454259362,-0.33567160152894776,11.123037530868867,7.690076070726801,17.19282223811842,12.37711871686971,6.076190654545701,11.737883591630895,5.144075813399429,8.088023080520644,2.959677477879485,1.803156480466832,1.2658250333410097,-19.64393989138991,11.982218398370117,-9.223871055182835,-1.141581261591208,0.4036759063086643,1.5941704968089794,83.97480755773282,17.24642500831394,3.8861790902193287,-2.55546019254305,0.18666829818569888,1633.5294892198547,-137.46952393172484,9.278306770537274,3.9913633559531196,65.46459612283095,1
2018-09-02,6.485118342193504,-1.3418245053343927,2.140304108263229,-2.3212922920376537,-2.3212922920376537,1.3126586104168365,-14.285714285714285,-0.10186372893914869,0.6466908479884869,0.2549337823060673,0.5324284344656821,1.3228898586401436,-1.0886402855769206,1.341855690092757,-1.0689467300046391,0.5709197114727482,-0.5523256552159247,-0.43175506883250775,-0.40039601195084007,0.8437741612248127,0.3267742352713508,1.1431484001031176,0.9999301964419014,0.06375233016429084,0.9232946633830527,-0.0861418130080315,0.3909588412734479,-0.4085238231065042,-0.4396437944405668,-0.34880795155937216,-3.6839126282088692,-2.290529132158726,-10.672482098935758,-4.387366745776157,-1.7633856352377377,-4.008547015089927,-1.4686311777239829,-2.4283517646150936,-0.6856505558315827,-0.17284571242590602,-0.044834942973822324,-16.68130160303485,-0.5114516490684144,-10.109150413476732,-0.5345142146786502,0.5709197114727482,1.3996330316802248,-24.424157896961276,-18.055899084838035,9.88013184871212,-5.641479939664548,-0.6423578000064832,-38.47570386439113,-47.94520547945966,-1.8449560761784949,6.604293256722521,-135.14823163969604,-1
2018-09-03,-1.992161726010209,-1.8118444767326398,-0.9060079130232351,-1.237059704407845,-1.237059704407845,-37.22064187113568,5.555555555555555,-0.06480242290690649,1.1396264128859406,0.47476730169517795,0.45779164384106147,1.415094339622638,-0.21051364302838355,1.1079510899795202,-0.9680739069173353,1.1354028978023776,-0.7429568880453569,-0.48346419881795144,-0.3969464608786772,0.5512404313365891,0.17997700261942917,0.3318111762277742,0.6370382328182639,-0.033371496121710954,0.5977320762465672,-0.1594663217184438,0.23017317928963163,-0.4377500559605068,-0.4519826660184888,-0.35456807648834027,-2.0132632949557205,-1.2336976489866944,-6.249982145495351,-2.4144178823960303,-0.9442309366717164,-2.197764644643941,-0.7837843314669212,-1.3098913087208206,-0.36273173462080127,-0.09079171897413615,-0.023449930843201957,-14.569444203755436,-5.745173898443596,-10.59992444881263,1.9425151170145902,1.1354028978023776,0.541874534786854,-21.776087685941228,-11.469966797464599,-4.7693336685182635,-4.412195198844719,-4.18452315480315,105.93834800679684,-158.28947368426162,-2.0252353434271613,-2.3212922920376537,-46.708145775044144,-1
2018-09-04,-1.4445967539156641,0.9614529340891116,1.4393799594020882,0.7301074559957906,0.7301074559957906,3.5547811920170163,36.84210526315789,-0.06613806716372807,1.0790182070124676,1.1142156077202585,1.45772546281293,1.2521188670821368,-0.3093932574410937,1.3589153007902017,-1.0926502138300744,1.0484986231405005,-1.1186946991175657,-0.49664421052131996,-0.4052274978157412,0.5759392056857842,0.23088734341237907,0.46545475007357523,0.6518550724468529,0.02294651014377791,0.6173170293411828,-0.103403634568939,0.2788246994157097,-0.3968851328466239,-0.4338357624196202,-0.34759647923373493,1.3246134656264665,0.8982352712944125,2.8407140987357473,1.4986434406466547,0.707430148176911,1.4077848332629217,0.5980956842274984,0.9458077590335879,0.3420988053480556,0.20655635253268118,0.14407512960509156,-16.04050627322707,-5.775184382137724,-11.171980790785529,1.6336071456704717,1.0484986231405005,0.6122316413710027,4.225050042894157,-3.394478327842828,-11.755856247989446,3.0595162788702184,-2.475885081208398,-2.7159958401751982,-2285.891647854249,-8.360380514372471,-1.237059704407845,-159.01958114020596,0
2018-09-05,0.41644034039471833,-1.098064970846413,-14.936246216944765,-15.843681997414885,-15.843681997414885,122.4389089187516,-34.61538461538461,-0.1651271971347186,0.04619589306025609,0.1687947788647966,-2.4789718362711968,-0.32213589072759485,-0.6225634914714046,-0.1412908745031496,-1.5911751033844135,0.18440435525190388,-1.648346456886976,-0.5183672540770649,-0.47651408677800666,-1.6948323934172183,-1.2640995527045613,-5.021297468616453,-1.976314996587695,-1.1557296776998487,-1.8208197766849965,-1.1036637498258204,-1.297211282101388,-0.943505286500108,-0.6731661091527217,-0.448272483453104,-22.529663295737425,-14.619526213741427,-52.351349964110184,-26.232918009564653,-11.426342358935749,-24.262251183230195,-9.59496492860345,-15.43646564274885,-4.578420299170347,-1.1656909045160406,-0.3008322083818247,23.970487471255932,-38.94130752757978,-7.67940730284343,0.8981804437833754,0.18440435525190388,-0.3532020989714323,-122.09342204540776,-100.0,-36.489034764362046,-20.80953709409557,-7.4762395191582645,-96.77959297514033,-107.3423865337974,-23.117549973792528,0.7301074559957906,-2270.047965858127,-1
2018-09-06,-15.818116250860603,-15.541968660161142,-4.708810063088724,1.3823137716168858,1.3823137716168858,-14.836401738717573,-17.647058823529413,-0.14924393288558005,-0.04349144585032664,0.2368161497726259,-3.612518378491931,-0.2421129860601516,-0.427779032842293,-0.20505814543572473,-1.4818787416277661,-0.566090675730488,-1.5540909874390005,-0.5971699608568654,-0.40965883365208416,-1.3305242964376942,-1.0543179742209983,-3.1124561571942015,-1.5169004845298393,-0.9952041393213138,-1.414147795037798,-0.9692312532817746,-1.0738804483745905,-0.8735811841512932,-0.646118254201268,-0.438218640702254,2.843735811218993,1.729497777574584,10.691274103255363,3.410292407711104,1.3098892883435174,3.1039046403106716,1.0834788535915583,1.8400585905138827,0.5825209853228057,0.3380293997156505,0.23320101525607587,11.635683630145687,-38.667914476539856,-5.10172272195545,-0.9485390491673132,-0.566090675730488,-0.27441831001362726,126.94815274759328,inf,-33.309890291552094,-23.096275027260113,-13.080393662448156,-196.3543366763421,-127.42616033750991,9.493408386524699,-15.843681997414885,-108.7247003054115,1
2018-09-07,1.5392553937223064,0.8111762054979715,4.953737235659548,-0.37394647771184575,-0.37394647771184575,-14.278656221463931,21.428571428571427,-0.1256183835741403,-0.21605364073169447,-0.5575877720208285,-3.306858475731586,-0.15783470113795392,-0.4549456490393562,-0.25131259982080234,-0.6994700041931373,-0.23828924662289597,-1.702090166328258,-0.587271046405486,-0.4394185604927933,-1.2141598300692884,-0.9990566690993956,-2.258268287558635,-1.3559575370754713,-0.9549673975204068,-1.278337025843287,-0.9362760579280883,-1.0140944946103336,-0.8582181726589264,-0.642463652555108,-0.4378591941294733,-0.5091393788899083,-0.3184933510747926,-1.430380854924341,-0.6036353870415347,-0.24538949227303508,-0.5528941647749361,-0.2044032361887323,-0.33753780112360254,-0.09550292985583005,-0.02391934327173746,-0.0061169614895705635,7.609659483754244,-42.22206559611257,-3.1061364782452245,-0.6693773687995774,-0.23828924662289597,0.08825559685458115,116.11491108071195,-2.403681901775835,-47.99103668025146,-23.040098855771774,-22.12957880468331,412.832645546706,917.1794871805857,-6.38678182742201,1.3823137716168858,-127.05221385984065,0
2018-09-08,-0.4238060080734199,-0.6971723147452529,-4.157149383280027,-3.8179840813066015,-3.8179840813066015,-7.326065651344132,5.88235294117647,-0.11893966014692478,-0.48315374336236094,-0.39699302531382974,-3.8611249835484056,-0.8425621341729521,-0.36463561568863434,-0.4129334845723526,-0.9349286217554348,-0.5759097162610838,-1.399813479058686,-0.6299682666407725,-0.3960094252249814,-1.533600326991414,-1.2294619949469783,-2.7541493088427753,-1.706094525972309,-1.1414829946587282,-1.6129560584053702,-1.0967141053410974,-1.255141957219323,-0.9496710402110256,-0.6852183641512257,-0.45677491421194993,-5.257076386610087,-3.2825122611453676,-14.864235236980727,-6.236867253346038,-2.526563679044832,-5.710667129692763,-2.103265060644705,-3.47959304207048,-0.9811431331098488,-0.24513329978016699,-0.06249250234905009,9.913144232433018,-73.9162740939202,-0.8361686651831481,-1.544988239641695,-0.5759097162610838,0.1526007236099516,18.21116597037595,-67.51191286589524,16.04644113240388,-33.63228672507547,-25.719246279341533,110.38081916785592,-139.85379379885802,-14.182814291513491,-0.37394647771184575,920.9974712608007,-1
2018-09-09,-3.686050206545915,-1.4520238300480717,0.9046102671237084,1.5820124879923143,1.5820124879923143,-2.286355914566565,-27.77777777777778,-0.11555851985778827,-0.2876032621439141,-0.4835253526303747,-3.885860239554014,-1.3243624721238756,0.1802000627056786,-0.6793561541140246,-0.5862715694739103,-0.08903853685108508,-1.4807242176680377,-0.6783861404483913,-0.3161698100172808,-1.1602404855629356,-1.005688202116689,-1.3906331423124363,-1.2485235284718714,-0.9688603684076126,-1.2014276466320473,-0.9516804021153217,-1.0175651617535202,-0.8737106244492846,-0.655655616493427,-0.44575078635579946,3.767493107157238,2.17040745922672,17.832769697072084,4.638101149572236,1.6088684326007998,4.162598915664123,1.314436557178798,2.321925991217219,0.6825959567779329,0.38546183265667494,0.26246574761355107,3.927874372634975,-110.021457530986,0.08450287422416411,-0.3287863170702789,-0.08903853685108508,0.08813832398610917,-35.99464524765727,92.66361370226545,-16.969565709609437,-42.97445951337323,-31.079830274935215,-40.77427723044013,-201.26502213782507,0.8828988226005333,-3.8179840813066015,-141.43580628683299,1
2018-09-10,1.7705927636643657,0.32073087763630764,-0.378902088484193,-1.5770757607100343,-1.5770757607100343,0.4387224916168465,15.384615384615385,-0.11623030868413756,-0.7368118434607437,-0.15406622480068413,-0.5765628658393923,-1.3798534749869757,0.03521288057100693,-1.3417607345944997,-0.507308736546116,-0.235274823701574,-1.4905970489910676,-0.8066373725572908,-0.33884105465320213,-1.2115778677208637,-1.0523554756239941,-1.45102781730205,-1.295555174989023,-1.0084037224248616,-1.251176215694849,-0.9864072129561499,-1.0656477724274274,-0.8953371482815562,-0.6679407652842421,-0.4519926846159038,-2.3266692187008275,-1.413988776987302,-7.463178105971818,-2.7961687929420975,-1.0765195888015584,-2.5426340713835267,-0.8905809652793978,-1.5030753224842186,-0.40865304639259903,-0.10071826615646276,-0.02546067368203394,3.769021393212718,875.8147483145489,0.8238952942250701,-0.8442907066894819,-0.235274823701574,0.21292136831583258,51.28419643604123,93.74881954225525,10.904538155299042,40.7579339692964,-22.8818408508479,172.01641383078686,-164.45971267962614,-6.433452586655765,1.5820124879923143,-199.68794637717647,-1
2018-09-11,-1.7525590899267223,-1.0986242976167506,0.895874738955418,1.03286760879139,1.03286760879139,-6.38762690863811,20.0,-0.10825342012067812,-1.1910667138359434,-0.18064642966776745,-0.6564422595743485,-0.9371639153723357,0.07770673206660549,-1.2141438165483334,-0.4887894261406972,-0.053425220497576316,-1.5270145904002446,-0.865288595835223,-0.3438993654252939,-0.9361749547585763,-0.8829509623131587,-0.6474444709656785,-0.9631963956827292,-0.8764520895420468,-0.9496895240772926,-0.8749502711828308,-0.8862400931687386,-0.8364580424329136,-0.6454717039900262,-0.4438928043650373,2.6564644497381216,1.5006374805172562,12.996535919907165,3.298371411847228,1.1029558880751436,2.946968590460094,0.8965146847889247,1.6087949692537733,0.4584650907245133,0.25532922446558487,0.17252199042519978,0.49630228827660117,-7.455994763173238,0.7562351186775568,-0.2030720435517758,-0.053425220497576316,0.055543298266630486,37.388707625947006,34.96899764578427,60.63799558513089,14.616815523159612,-3.371101800779361,81.75699838139805,-364.05038759672215,-2.216061632028678,-1.5770757607100343,-165.4925802883664,1
2018-09-12,0.7869213078692091,-0.7640616734909811,-9.436150746432823,-2.6994095970202396,-2.6994095970202396,19.446229705098354,-22.22222222222222,-0.13345866569966014,-1.3105202870957349,-0.1687932835131095,-1.1220418000079047,-1.4940652157653564,-0.6573921778678893,-1.0609509243222486,-0.372164882509426,-0.30576645624042553,-1.7149213178806462,-0.8130093618401388,-0.3209275151482952,-1.1568316789333317,-1.0333732817905754,-1.3225182393507589,-1.2160181459750796,-0.9965613297647719,-1.1852699084958798,-0.9775922791708592,-1.044254252794601,-0.8944169600651232,-0.6730642556722531,-0.45637910657897446,-4.282566835465219,-2.5496702137804235,-14.743905220252515,-5.1939811009312535,-1.9240750416112136,-4.700255759334623,-1.5835383236163558,-2.7163061627424856,-0.7165423006865439,-0.17445489973174141,-0.043743703034900584,2.4259702727452215,46.58512429319212,1.1002080291671836,-1.122536344876508,-0.30576645624042553,0.2874446627293301,-0.7848977620351573,54.275228409763976,54.64767292995474,31.772430452801114,28.001538799983084,5.479276393737381,-292.62385321106257,51.91145050513049,1.03286760879139,-361.35097799988034,-1
2018-09-13,-2.3363790589005586,2.286142972775564,8.581018416287597,5.343962208444054,5.343962208444054,8.117557554908705,42.857142857142854,-0.13792232531949278,-0.6511955084574912,-0.06567590369263913,0.7064370479881948,-1.7118389153444884,-0.2028016727621919,-1.021689899146188,0.21808123533696303,-0.17639913704019622,-1.6348572354448927,-0.8183650616794019,-0.30687615366007004,-0.3559981072347616,-0.5141516938340456,0.8400772093213986,-0.275119451766721,-0.5859885153141964,-0.3196515731048769,-0.6281327938102255,-0.4968455686676384,-0.7038674539476957,-0.5938807150548885,-0.42499257190909856,14.026000453533868,7.902918908077433,63.795122955753605,17.402731689819056,5.793448554894143,15.557199430256741,4.699807966177636,8.476881819654249,2.3851097491106494,1.316653559751651,0.8839013644491476,-5.261749888413706,-120.9118405789284,-0.2275700056221705,-0.4441864902708099,-0.17639913704019622,0.015357488721273738,-27.461560306706208,78.73465567569099,61.41074732720697,66.21584128230194,41.30761707544074,-51.05767541508788,15.888740712515173,0.7277522503784469,-2.6994095970202396,-297.96781541945336,1
2018-09-14,4.989740151561325,6.900079133774684,3.959570487269172,5.87888510901499,5.87888510901499,31.240292764610437,15.0,-0.17163239923462692,-0.5535843999863517,0.09485538342181034,1.5946008141629373,-1.0391395983429494,-0.11446629955716317,-1.1537425754956343,0.32633338115223515,0.08608524618745188,-1.431861120968571,-0.7322503809367914,-0.30743817049268296,0.4560143376279408,0.03699730496492505,2.5476646662842413,0.6572848426349408,-0.14239298569621478,0.54881601749937,-0.24680264077922193,0.08156313951910285,-0.4905526943128768,-0.5036115511841976,-0.38890506351118065,12.747670362326287,7.98263096038871,29.846472891151965,14.954145664751161,6.075162200362418,13.781271435298123,5.027252771357537,8.476528018265261,2.6716054591430183,1.509961006489475,1.0185769996909253,-12.803394334818737,1092.4234825388746,-2.7197876070642346,0.14034187757943725,0.08608524618745188,0.047411781937493985,-29.06599552572695,-4.932017038913249,30.592061157744908,34.85679983440983,43.339115578167956,-17.864567677933348,36.34719710668761,6.871522672692559,5.343962208444054,10.00985560350182,1
2018-09-15,6.0916848888286825,9.141299245296642,5.829535006553344,7.570626625895666,7.570626625895666,-31.513069965499017,4.3478260869565215,-0.10874450341371501,-0.5236378691109608,0.44073956011683274,3.5017593738894175,-0.27621303492125165,0.5062887524818218,-0.3610821970590279,0.584303965164207,0.5333511162403329,-1.2658071679723648,-0.6822112556728854,-0.28284893578988063,1.4326195019268835,0.7244056150427736,4.305178000317535,1.7590743385202654,0.4187580411367228,1.584783086823705,0.23945410711369003,0.8003293480933377,-0.21260888660025326,-0.3837849823755543,-0.34047240794054384,13.23339746062355,9.228128294274407,19.468060138573797,14.734377976947014,7.320443770363687,13.96332492610172,6.197662663459058,9.693421441863517,3.4822128282443057,2.029347649457428,1.3784520376329754,-24.077848714200314,132.97898213289875,-6.513692072875313,0.42821967085665935,0.5333511162403329,0.6083571320741928,-218.09508791295414,-4.2876466292924995,13.96039597645003,20.411204318571162,34.648539019388274,-6.759468267404848,-99.67446346756093,9.496246142381791,5.87888510901499,28.776570480795172,1
2018-09-16,7.687186502507973,-1.4384026203907578,5.384572727776852,0.02291067382837296,0.02291067382837296,-25.65318616883677,16.666666666666664,-0.0795693932809634,-0.33109225319677194,0.5074469912966778,3.1936790511030306,-0.34489820284473993,0.44702657839368315,-0.2507804422999217,0.02527279122790041,0.2830621613170035,-1.2056343861064578,-0.6483881170704973,-0.28588853008261716,1.2274025394806438,0.6560468734784995,2.75992233428251,1.4665770711311477,0.38790756011744343,1.3407731940674572,0.22499965267090966,0.7207048229888039,-0.20385494927347292,-0.37726742649657424,-0.3380857490968531,0.0359369202730528,0.02666907752810901,0.04454792674474348,0.038972985309358506,0.021740463515082534,0.037447127545964506,0.018698391758499126,0.02782354669013337,0.010927327058682828,0.006504180536076396,0.004442469052348478,-26.03567366255882,33.90569713382244,-9.329927529209394,0.05184755434602693,0.2830621613170035,0.4477268341647192,-9.313660034717639,0.09898449242952266,-3.1175750118188525,14.491141354113577,21.62770913841641,-33.741102570650504,-31929.629629039766,1.77851659592629,7.570626625895666,-99.6973741413952,0
2018-09-17,-0.1753063626893732,0.7611678513582851,-4.505191889426826,-7.290712273914965,-7.290712273914965,5.315349961542688,-10.714285714285714,-0.08700652828920756,-0.8025538100028494,-0.09944314410000232,2.0218474336121095,0.5086645947702456,0.24983989773021548,-0.9370771092371568,0.0012754675955297526,-0.468818760309835,-1.4090811356684145,-0.6762929548225637,-0.36145298289930333,0.0021412286040322316,-0.11347183776794265,-0.7702489260205738,0.01219896551537574,-0.20835210478609986,0.009820258282675388,-0.27566881117986475,-0.09415322959985063,-0.46786220524233924,-0.4885048114265768,-0.38391521595587713,-12.305492101618615,-7.775840142244299,-30.852175266480614,-14.457816218718477,-5.987688493442118,-13.310106448762376,-4.98012223150351,-8.238184648066984,-2.3125653406297344,-0.5676740648796436,-0.14079267060581477,-7.6199721608349185,-11.285499814765933,-9.128699635537494,-0.10239036183188752,-0.468818760309835,-0.7287504875615205,-60.39902819701096,-46.13542986626026,-16.60058060151983,-1.5904296827482247,9.955468547619633,113.67614526787592,-168.29183151036585,-11.119358479852307,0.02291067382837296,-31922.338917346537,-1
2018-09-18,-7.233269987783363,-2.627721419885745,0.37561876073364897,5.37050932449993,5.37050932449993,4.501218660429907,-16.0,-0.08979997852459491,-0.47503852524232015,-0.19513860416288392,2.0928832293372888,0.8571406016877623,0.35411781762216593,0.8965853095811414,0.0712734348997467,-0.15642129770906724,-1.126395436305783,-0.3897904282821807,-0.3198732724834211,0.7180232617525365,0.3794084103242679,1.244892975197379,0.8371074334924837,0.1941117566911737,0.7760841664450987,0.07399992145539402,0.42163129467755256,-0.26527415987058955,-0.40067725363764783,-0.34861384439410764,9.3794450309028,6.468226669748331,20.11637858312586,10.606867445004948,5.1460833891892,9.960525790153737,4.369101408489968,6.793333395519929,2.4691476752750865,1.4387165337516938,0.9744888560740744,-23.198941984373786,7.627447119418518,-10.811979506756318,0.08677775354836711,-0.15642129770906724,-0.3300268668081789,182.8592675218446,42.69250713903988,-9.079402497038659,-7.037459813779791,1.4491677942857528,-45.703760735598195,-98.70506048729791,3.7515685261476124,-7.290712273914965,-173.66234083485602,1
2018-09-19,5.278656740987337,-1.1034034436451539,1.8381276533450417,0.06600029526447251,0.06600029526447251,-27.410648048643516,14.285714285714285,-0.06487447578558105,0.8321704319527702,-0.14541541798768362,0.9955890070965909,0.8863299802446085,0.2730639736486136,0.791217442965256,0.3560223214949498,0.07955571956722114,-0.838075762143262,-0.4304307306052823,-0.2836195017442694,0.6270583389551584,0.34983985234925585,0.8422650827447993,0.7130589896430994,0.18439220618965696,0.6699564056741459,0.0734782828349001,0.38641072504246615,-0.25312957384641416,-0.3932763310282483,-0.34592435693266366,0.10902212309376529,0.0780181108061323,0.20707367767533483,0.12136549437255857,0.06309934151155099,0.11491624498202757,0.054089397971180696,0.08160605689323801,0.031316445041757256,0.018476641191587845,0.012547460668555183,-25.068671019076255,1.3033573470726247,-12.280683185306671,0.010026631035934807,0.07955571956722114,0.12939602314946907,-9.891554387118013,-20.021305514616046,-16.698565418241945,-9.862974789038526,-6.050154499678088,-346.04502249157474,8330.263157840776,8.03534750531852,5.37050932449993,-98.77106078257086,0
2018-09-20,0.019979499296370024,5.4228903053943585,3.353847536049644,5.560328742395442,5.560328742395442,13.909938890788537,0.0,-0.06994925981421118,1.1582689219769575,0.351329880855991,0.6578204158954412,1.6833830895176947,0.48399810487469375,1.27299683025151,0.49881600747015387,0.16445939685249697,-0.7313403947892292,-0.22732166598648335,-0.29746680628996136,1.311470545713201,0.8400341322299066,2.441224098603928,1.4878321011620703,0.5917713599633609,1.3964770165657328,0.43123740330558974,0.8971837144455063,-0.03932519649914368,-0.29842425007027096,-0.30745375825878835,8.904642343210297,6.471706939644751,15.832500511343916,9.839198672822649,5.265178184119986,9.353479306500143,4.52807214209453,6.758832239324114,2.643858317354119,1.5660334233467397,1.061795951789712,-56.937893472300395,15.78967324878287,-16.21052631203681,-0.21650362925128092,0.16445939685249697,0.43721828849096833,58.40991976659373,77.10923314182972,28.620748108740052,2.2881513644604343,-5.16302988481367,26.863344132733495,-13.813017012641303,0.7877406892873603,0.06600029526447251,8324.702829153748,1
2018-09-21,5.814609913063095,4.405575473168627,5.3947391296788405,4.53984905536281,4.53984905536281,88.43848628053382,29.166666666666668,-0.12390876025921732,1.5353693556044246,0.39268306698467337,1.6022929364435345,1.9562049364818792,0.7259986013566554,1.9296944674057421,0.752965148169385,0.06161053738933442,-0.5915156237669609,-0.20105498398592048,-0.24487477980154473,1.7781400142983355,1.2043998551686421,3.1741065851642567,1.9952327887058303,0.9057272516431736,1.8826375134299325,0.7128127348453291,1.2734101807298193,0.1385194328355535,-0.21681188763099604,-0.2740223179214305,6.297964783791908,4.899895961912666,8.602315785754495,6.75013386967135,4.10398182261088,6.521340349810903,3.5895531406914394,5.080089244083071,2.19027594964323,1.331379075087004,0.9082386263429476,-163.94943078507708,18.32584100957117,-22.892185314622456,-0.18730976922246098,0.06161053738933442,0.23867053656088216,20.67409522055435,1.433179448870103,13.580813569695001,2.6013555326422093,-1.9133431509307377,22.02528882022575,-170.13763129299463,1.7856150171062866,5.560328742395442,-18.352866068005483,1
2018-09-22,4.672674743097293,1.657224129937709,-0.16000791791758742,-3.0458649218283065,-3.0458649218283065,-2.1759057374496074,12.903225806451612,-0.12150571305611768,1.5182650925838117,-0.10717353612443316,2.3793015549324847,1.7486486830319086,0.3996650751921153,1.5138342724957474,0.5462958317505454,0.018553034820527708,-0.6540997772082948,-0.2965205615094495,-0.18532194804381166,1.0618975872812866,0.7720294340759022,0.9732129345964214,1.1362366332927463,0.5801746913430338,1.1005046283670434,0.44543100021329035,0.8129125815728533,0.009409466251660772,-0.26680741274952485,-0.29406228798148876,-5.646888564667253,-3.6026015718247537,-14.348290999271882,-6.610698134664447,-2.7844870262760586,-6.0968957270160775,-2.3204797414903764,-3.81297531480844,-1.0832717006474197,-0.2649553392802108,-0.06481778281341616,134.77614061877745,-2.9724611564219363,-28.8060608239509,-0.03881552263496534,0.018553034820527708,0.059186562060432206,-4.38034188034192,-29.92234005404496,5.668834019283977,5.716712054091124,3.563586817848251,0.5700227078397186,-132.63619932870313,-8.435089062351752,4.53984905536281,-167.09176637118156,-1
2018-09-23,-3.1083126190905563,-0.7667929195331379,1.3093762907889213,1.02528329128916,1.02528329128916,-28.265497352668255,8.571428571428571,-0.0862851826984019,1.4752522117573001,0.07162545744080472,1.5596289158786163,1.7356596080185143,0.16515985845192344,1.6875495008125372,0.5103591047404938,0.14419939323425338,-0.5409037908505256,-0.2261745864818959,-0.14700937692805735,1.0566822562971985,0.796816344083927,0.9909043009414914,1.118112133062628,0.6155230241117848,1.0890568916466448,0.4852463175376586,0.8346877386776403,0.04933948657174992,-0.24460962665312944,-0.28478689363229825,1.5210201722803418,1.14569856971678,2.8712275462724626,1.6669402259305843,0.9528963984334704,1.590591219333512,0.8312706180524152,1.190623538398719,0.5047500874976778,0.3056116217361982,0.20787048095976873,52.86502939813917,-3.839072367961671,-38.908052599903336,-0.28757331702731476,0.14419939323425338,0.44971978988949995,-15.901835594572974,5.202234070065288,-9.254585256499368,1.0468985014839591,3.0868853469500586,-0.805466124398395,-652.8481012655596,-5.251695116529934,-3.0458649218283065,-133.66148261997498,1
2018-09-24,0.8861732691295955,-2.579881288071151,-4.939862192685607,-5.610733297470038,-5.610733297470038,0.7421498503525592,13.157894736842104,-0.09164951232605179,1.1137420862953056,-0.16207815559930902,0.38114103689321627,1.3978622885873921,-0.03579481676081426,1.1191865263713945,0.29255077085650355,-0.21087243682275636,-0.7516695198541292,-0.3097062544031498,-0.13405069912674053,0.10727236455021856,0.1682638375196552,-1.2528242731487906,0.01994781505669244,0.11905071233057517,0.07007675411889004,0.0644188433398758,0.1725656291558162,-0.1753059639574542,-0.3379718191563962,-0.3227218215956808,-10.289461669241028,-6.5831948912568565,-26.087956304058984,-12.032731228809206,-5.093854491286543,-11.10350684838645,-4.247456979036711,-6.965527615179451,-1.985949441101357,-0.48487610286801686,-0.11795783337278591,-6.696112774451713,-23.254093795342822,-48.87769800301574,0.2538680371264976,-0.21087243682275636,-0.5373069520116569,-62.02135231316728,-76.00336042471497,-33.76069820034879,-9.539808538126195,-1.0773958111240076,-30.047220482075865,-18.460217515742315,2.2292630386375847,1.02528329128916,-647.2373679683537,-1
2018-09-25,-5.479704797047963,-5.786544704396084,-6.776636900932434,-4.846927925552284,-4.846927925552284,5.126691273106303,-13.953488372093023,-0.10272322274464508,0.6813122049343183,-0.44413799479204646,-1.5912299183137228,0.5981073598789801,-0.05476661897986057,0.908706875069122,0.16998003493301705,0.4060160834758165,-0.8146593019433448,-0.339383122877113,-0.15964475854899213,-0.5578886280010569,-0.2953213942143947,-2.4204594377545106,-0.7296236111331464,-0.2542671525074653,-0.6353038552782899,-0.2554000476746894,-0.31330485123625496,-0.35062453719905273,-0.41227018525072934,-0.3532366754953814,-8.24786605422686,-5.324133487356967,-20.335531058777175,-9.60785746193146,-4.134918423333271,-8.884009184834401,-3.4551590806771553,-5.628023679959191,-1.6248869572541138,-0.3977323615845922,-0.09657012552135374,-35.29685833793172,-40.85392842099745,-56.549171531316766,0.8822693953762962,0.4060160834758165,0.0688339858007403,-174.81259370314854,-12.525079766340626,-33.81119134168857,-23.081536687398913,-10.152352458825039,-42.474489247322886,-148.66619866621087,-8.756170549353737,-5.610733297470038,-13.613289590189249,-1
2018-09-26,-5.087032903614571,-0.54740344057915,2.4614223800804194,2.478969435281285,2.478969435281285,-35.22357283046161,0.0,-0.06537948082557589,1.0176259940781422,0.5057051433347138,-2.0717861834594733,0.3599625792002478,-0.11459953846870616,0.7370322730598402,0.08915500410769475,0.4651428489178664,-0.7155525482685549,-0.3486551490027501,-0.13131342502397142,-0.16773991001708202,-0.050583447829325986,-0.8683366665276838,-0.25594851882302183,-0.05825651521865671,-0.20747475441966493,-0.08553886872147852,-0.05531399975205542,-0.24922578957104544,-0.3667499681936436,-0.3349954762674631,4.687050352322954,3.0931371793930187,16.367313485581118,5.495418718641679,2.45318882309446,5.056839337299837,2.0858686250233096,3.255665520919373,1.1853848261905435,0.6884607612920576,0.4617320222907513,-22.417660166174354,-34.489105402552575,-85.25929070445946,0.8074565031346758,0.4651428489178664,0.22081851359300972,-45.858383433533646,87.09170854271372,-41.88459444412249,-25.651775532359615,-18.56172991384027,50.2720882826839,25.964659213843383,-3.683714290863653,-4.846927925552284,-151.1451681014798,1
2018-09-27,2.256002146018686,1.6879437465865594,0.30893023924133467,3.047088996283834,3.047088996283834,8.063836316379085,13.513513513513514,-0.06919267135850628,0.8995841840148594,0.5917473614329873,-0.8711166377195532,0.019631950363654022,-0.26134123801076653,0.5618721380375266,-0.04625700320450056,0.6368397276238611,-0.167258550335535,-0.31177681365512633,-0.14640747772882956,0.2562225472861116,0.22959795388764237,0.4139406283129813,0.2450392941765161,0.17009304063923344,0.2516631212830891,0.11405727267160402,0.23859946435867302,-0.12787136309118444,-0.3114666985624394,-0.3125976928764653,5.487974972170975,3.724797006467246,16.376124095958662,6.348134140919519,2.9880445809651635,5.88401491486557,2.557293120763446,3.9091505859220157,1.477949590676491,0.8660533503453071,0.5812186694614504,11.06805211011295,-11.528275402973888,-511.71462209248614,0.940704666473424,0.6368397276238611,0.4186884265949568,-372.8254164096231,66.62470562405058,49.18224122452112,-10.603551916059928,-20.87789332289851,-8.286221738902418,-205.52533638703204,-0.5134342564144607,2.478969435281285,22.917570217564798,1
2018-09-28,3.2599380891586156,-0.1183263120793444,2.1227259704913317,-3.120370448754291,-3.120370448754291,-11.36191403209555,0.0,-0.0614923258953839,0.29724877581076586,0.4481097575495921,-1.722433563763772,-0.2425270257008053,-0.28821152969180935,-0.22213734188682252,-0.12260544509304819,0.6453111173692366,-0.30049811527810644,-0.33832004386193604,-0.1403467089413775,-0.20146873650582411,-0.08192084628790137,-0.7738761572563351,-0.2796768663936836,-0.07881846386584737,-0.23731155614835725,-0.0980626454016127,-0.08853637199569653,-0.24154307260436136,-0.35848620533077064,-0.3318187820736671,-5.624903682770944,-3.5915997943050106,-14.900297815479954,-6.591726583464862,-2.77828504652505,-6.075215434175961,-2.3164019974592773,-3.8005612231439336,-1.0834149554809094,-0.26321967336566454,-0.06330445829185827,-26.43964260775626,-45.40626808741757,67.85382251493142,1.7887656155575293,0.6453111173692366,-0.1798673558744385,-108.02713397399648,-26.679067551115722,21.4703389867898,-20.833370133534697,-19.67592264865264,-65.3824893680755,-96.79869777537769,-14.62159161412663,3.047088996283834,-202.40496593830528,-1
2018-09-29,-3.154480632759181,-3.2137185874761554,-1.3535904336924822,-0.10310989942416353,-0.10310989942416353,30.644274137362032,-11.904761904761903,-0.08156686100843605,-0.21387493957091114,0.6090524317647176,-0.5611995379988755,0.3567834145609539,-0.24097905583795276,-0.23210419799607943,0.02511050979341262,0.5660715974924154,-0.11924297906799675,-0.33122790003718966,-0.14219051215476472,-0.1885263122626535,-0.08383133067905225,-0.5537749943644266,-0.2529317346430897,-0.08060008757485651,-0.21841351971767484,-0.09838363999841032,-0.08991264261649082,-0.23643636154813538,-0.3543298376015657,-0.3302969210066093,-0.19256080945654452,-0.12030819031229195,-0.5691464598455577,-0.22808476470239702,-0.09227689137693144,-0.20900870755295722,-0.07656819116239885,-0.12758782903197516,-0.03536454387915169,-0.008509997569488082,-0.002036658386156136,-30.740721120721755,-59.801587548389,16.249948336034965,1.5919908613435125,0.5660715974924154,-0.18888831616563245,27.323943661972223,53.109071251783355,22.390835306543984,25.022770570474446,-4.427394647956565,-183.01379415669373,-26.271186440778045,2.6489627110012743,-3.120370448754291,-96.69558787594205,0
2018-09-30,-0.10930299665095629,0.6710302441056945,0.3368200279054098,-0.0761001723187964,-0.0761001723187964,-46.10241501362027,-8.108108108108109,-0.04373443873598343,-0.221263010599358,0.5351805808428454,0.4142061368781161,-0.06453009747218312,-0.274999639153191,0.32437918446856634,-0.11074692517624178,0.6294328423288282,-0.04344220070798651,-0.1801385011244636,-0.08784238260312106,-0.17372019970783031,-0.08313439498332946,-0.3963233696756424,-0.22610629198142607,-0.08027012150152738,-0.1983500517824068,-0.09696652600055508,-0.0886084157470071,-0.2305137577159081,-0.349790104370915,-0.32860160458036425,-0.15188268010559308,-0.0928394249510652,-0.5010269976714243,-0.18184658925237981,-0.07060149386033689,-0.1656785095830659,-0.058300570145691094,-0.09867497853484719,-0.026588264557045285,-0.006336661886072337,-0.0015090893107982447,-37.44796019202603,-103.53790388616504,-0.4945443519841662,2.1262434897106375,0.6294328423288282,-0.49170277492927833,718.3628318584181,-31.424057823902373,-8.059320261708534,11.890152500191116,3.8630311999816738,3.1193656659763946,2457.4712643802563,0.5318617404060517,-0.10310989942416353,-26.19508626836921,0
2018-10-01,-0.15931930389718454,-0.9157619708715323,-2.1035942675949073,-1.9477222591827488,-1.9477222591827488,9.43017678498013,2.941176470588235,-0.04865316322534054,0.16625433074558338,0.5062152094755469,-0.45557097476211117,-0.22695387811673776,0.31497473999077497,-0.20493689053301153,-0.40603121794044816,0.4832304235549859,-0.08947025212810118,-0.1807714216926592,-0.10711562394229675,-0.40757826641777634,-0.2512320157379777,-0.9093409851895308,-0.48766901468337104,-0.2172108258478004,-0.44528027266706843,-0.21468966018406782,-0.2641751125716628,-0.2940433100913019,-0.3759343667488165,-0.33942737506442217,-3.9955237878153462,-2.427035292179373,-13.327121504185122,-4.796568289810933,-1.840548193361795,-4.363983533933027,-1.517342983965153,-2.581363408554088,-0.6888094774687223,-0.16341141992641134,-0.03877245923840905,-110.7539326251809,4348.275387225296,-22.108028695473827,1.9095218263473168,0.4832304235549859,-0.6131912536273513,104.7174912138416,-53.45989734710322,-14.279261903769314,-5.723554816886253,8.736814715439644,-184.90409900006733,-109.07865168541535,10.714358395214227,-0.0761001723187964,2459.4189866273227,-1
2018-10-02,-2.031493853788568,-1.3019224242213607,1.0522315814235537,0.18033943094876542,0.18033943094876542,-10.043681247119643,-5.714285714285714,-0.043722609411509246,-0.1786898107882975,0.46910233426823644,-1.0318631812931511,-0.6663545082372965,0.27207519168931954,-0.19711727431412607,-0.31532769496609014,0.6081426783577346,0.032867465447850325,-0.1637498603263638,-0.10304302193369658,-0.3312744671589003,-0.2129864082917058,-0.552780742013517,-0.38766848318428904,-0.1885639567727098,-0.35830450447775486,-0.18999899066791606,-0.22290566733346281,-0.2767842068202737,-0.36697659305112357,-0.33600819122952047,0.4424652596658471,0.2676836935391479,2.25005247866276,0.5416520542482577,0.20559171955674832,0.48703806200145827,0.1717717832359839,0.28416410981452966,0.09317157861031522,0.05211596813072094,0.034243515260897514,752.8152337313124,51.781891409447326,-43.08015774327138,3.0650898865359633,0.6081426783577346,-1.3285075519886962,-26.90656982502489,15.497811361374655,-31.491902547619894,-14.713791537643441,-3.1618439219524674,-222.0435773430113,-1596.0396039568425,1.8250577495422198,-1.9477222591827488,-109.2589911163422,0
2018-10-03,0.456428935804622,-1.026355468164426,-3.527621094099752,-2.693092600679063,-2.693092600679063,12.171312744322801,9.090909090909092,-0.050223996809617234,-0.36776802099859945,0.45460197458405516,-0.9255602724849434,-1.2792021595125755,0.1811653785013591,-0.8153863796464756,-0.36089972976290247,0.24710113085816895,0.23014029976053263,-0.2154825304413169,-0.08004729817906492,-0.6393801265726907,-0.4336382769886306,-1.258286697517439,-0.7347572677642402,-0.3697035226854179,-0.6846493183273534,-0.34703140840545105,-0.45316864831355647,-0.3650978770056066,-0.40464021156127244,-0.3515941408203091,-5.842958524486487,-3.483745508880525,-20.440635064052266,-7.071692071726783,-2.6206345351081284,-6.406399528215623,-2.1501632152573134,-3.7127327989424024,-0.9633473952539982,-0.2258616582806302,-0.0531586112431931,160.891908632509,66.19770273321028,-125.78782664264408,1.302455249525418,0.24710113085816895,-0.6218062082154286,38.71725383920522,-11.671737664240593,-26.22214024688455,-10.821777297999914,-10.301548922003963,92.10218105707244,-174.05691594972592,-4.8310370361555375,0.18033943094876542,-1593.346511359677,-1
2018-10-04,-2.663768296702813,0.469500298448956,1.3986078886310853,2.049619474132474,2.049619474132474,-5.890733983667188,-19.444444444444446,-0.046577462351709,-0.6240765745931831,0.328309460032633,-0.5149704434724794,-0.855004161779982,0.39303487350934896,-1.0390583397529984,-0.3219385531916487,0.08077043095378277,0.22427372572396634,-0.15124845306720974,-0.06010075036880604,-0.29584326913529013,-0.21771962253353505,-0.18375354254221707,-0.3238307129108556,-0.19880692340667866,-0.3101959510554693,-0.20021640797083304,-0.22511626394420692,-0.27890447040884175,-0.36581482833598916,-0.3360894809377728,5.608676386604881,3.2484896259497344,33.23495771749863,7.006335114285978,2.451913555048918,6.232574180925774,2.028494184438939,3.46399791538365,1.0715679001303955,0.5880035201801703,0.382919238548708,20.814937515242352,-2.494593791690318,475.6117412612596,0.29521916393772407,0.08077043095378277,-0.09921096378242061,-60.080750195363386,155.30881332407853,50.53585407172759,-6.251565160864334,-10.980978299157846,86.18145779076197,-96.24664879354773,-14.052393717929599,-2.693092600679063,-176.10653542383517,1
2018-10-05,2.328454927373079,-0.16049798712468008,1.0800223326651843,0.07538432544491526,0.07538432544491526,-5.465292321001852,27.586206896551722,-0.04382280715771949,-0.9626396375163114,0.08052360908626266,-0.4870501538241346,-0.9482224285086654,0.3405025307758295,-0.7857903468626655,0.2582272973922719,-0.2728646916706562,0.22856186898839626,-0.16380687789888831,-0.10707048890279419,-0.24730089904175923,-0.1916552065419815,-0.09769228762101435,-0.26351046010230067,-0.17900219855070917,-0.2561414338947365,-0.1829529491039429,-0.1971105905672264,-0.2659628246011459,-0.3586660319994174,-0.33336899110751855,0.20374554931961195,0.12033414264415412,0.9442586591966037,0.251390912622938,0.09136811156247386,0.22517484423514067,0.07581436895846974,0.12810211908502273,0.040284787489493004,0.022121444212966128,0.014383161595712693,11.539730846197312,-7.975010702630049,76.03765222607812,-0.4568585195098874,-0.2728646916706562,-0.11783363886803289,-94.3230016313218,17.460648356591566,39.842952593967865,11.486304044410334,-2.4906006672025436,76.60381879999628,-2028.57142856137,7.874369943734001,2.049619474132474,-96.32203311901101,0
2018-10-06,0.1645781343637264,-0.539998046059724,-0.8647464165089577,-1.4527454198165326,-1.4527454198165326,5.094066408680392,-8.108108108108109,-0.046448629920431486,-0.8320036188118526,-0.32693073432440806,-0.3806908154296716,-0.5630397388835431,0.33870202810444444,-0.9860808769350325,0.16689982970254344,-0.34473466701558,-0.12751944979217525,-0.11501688999124447,-0.1489343790072294,-0.40543683159059857,-0.3040983294316077,-0.5484932804186562,-0.44381103703953023,-0.27123862513559105,-0.42445097231248946,-0.26269781680317505,-0.31445116148453817,-0.30946261128042263,-0.3764707386797884,-0.34080018441205884,-3.5449720855060733,-2.0458254876004807,-13.728950597319326,-4.352997595491853,-1.5175983393365111,-3.913429806050771,-1.234969110768751,-2.187933045740585,-0.5409774877508986,-0.12437293088126022,-0.02890603603366588,21.12696658739421,6.683941577778925,46.08103065008199,-0.6420474800813706,-0.34473466701558,-0.09507266027187553,1262.3563218391794,-28.00110767158297,17.69173829996668,13.606699024515168,6.282308307675153,-8.645520496515575,-175.86419753090766,-7.063852301877242,0.07538432544491526,-2027.118683151827,-1
2018-10-07,-1.7270170112068506,-0.6465151582801538,-0.041102647010470554,1.1183605871165534,1.1183605871165534,-28.05044136191677,-14.705882352941178,-0.03333343984228329,-0.841177008705644,-0.27844806226286317,-0.1968464868044064,-0.05458418521100055,0.3442239465373704,-0.4374652973873545,0.21479327300437853,0.07973268749858443,0.0336034164782598,-0.1718274428779539,-0.14067646618968116,-0.20763993694125574,-0.17872830813442409,0.000996005779979589,-0.2093695539235568,-0.17180477694940802,-0.20968622858749014,-0.17700015901462252,-0.18208215702640757,-0.2577280244274358,-0.35240712845003824,-0.33122134967383193,3.4164807312043752,1.9305239563264094,19.16607593529467,4.305237786619897,1.4403894910594033,3.813109641337086,1.1834266253566816,2.0644490374811677,0.612513197869195,0.3298735044736633,0.2124748148260756,3.656567971327074,-14.756415453851437,26.889954258354127,0.27546916464893584,0.07973268749858443,-0.08373289397133495,47.75363847289652,77.30007489946347,16.53582561604852,27.389758233800332,18.1422652567165,0.3662556240989616,-47.68104149713703,7.16076123198824,-1.4527454198165326,-176.98255811798091,1
2018-10-08,0.9068522775803936,1.2007801475809547,0.6643091459013125,0.5786432929572944,0.5786432929572944,20.78844053487617,-10.344827586206897,-0.039878168113202904,-0.3661172801163722,0.10265280819305983,0.4653365826144408,-0.2120264600744844,0.45660406877316106,-0.0065529278618470296,0.35120430506587547,-0.14660858322678105,-0.01854528234967842,-0.20612775966574867,-0.14329106767996372,-0.1042200700110613,-0.11110912722971186,0.19354893706781515,-0.0895357717768441,-0.11741188707992616,-0.09848757569074947,-0.12950238754539223,-0.11088762694314265,-0.22700553203632523,-0.33719797636033405,-0.3251615647934215,1.772184682274249,1.0125976097935265,8.39057670683989,2.215269468254433,0.7574920458102122,1.971001054508748,0.6230195708911209,1.0819480656308484,0.32280734134211486,0.1734864336527544,0.11144608257115354,-2.852419846364644,-24.973970384501676,15.89918221925634,-0.28871622803452224,-0.14660858322678105,-0.02750344427660763,-61.79871520342593,6.247135165545952,11.890024685705185,24.461782472448864,22.360728451292836,-46.743648113225774,-307.93157076186606,10.520682435259628,1.1183605871165534,-48.25968479010939,0
2018-10-09,1.0445839224126237,-0.19805145785411776,-0.39849678660906357,-1.1962600098420837,-1.1962600098420837,-7.0742555505321425,19.230769230769234,-0.03724549224890912,-0.09088262695823214,-0.19505921573225748,-0.18012603424017753,-0.5701847934922477,0.23347374427308915,-0.28711896664476116,0.26364264129037407,-0.20809439047076278,0.12377121409689702,-0.2106033082965013,-0.1640571209629057,-0.2488379914309678,-0.20866189582217232,-0.2715105546432289,-0.2589618220051398,-0.19615231752568874,-0.2543845788629367,-0.19703143509024731,-0.21316629602459045,-0.2628967252681446,-0.3513601204067755,-0.3310157693009823,-3.3289906820085466,-1.8584527319642774,-13.992760252335081,-4.145875748612421,-1.3585124763837748,-3.699741938372097,-1.0959184203816197,-1.9947839391850464,-0.4685727410556421,-0.10549111551445486,-0.024202040332920758,6.141533402667077,-6.132870000007625,12.876800126554647,-0.44654114992816396,-0.20809439047076278,-0.00876641621753791,45.553064275037066,-56.02241182645912,-3.6842475197186135,-4.897731885647058,13.159029726271024,-70.52794992475758,-60.05983545252479,-0.9478491499911231,0.5786432929572944,-306.73531075221126,-1
2018-10-10,-1.8331862863050108,-1.6436186306441003,-1.4408749145591242,-0.48357300684608323,-0.48357300684608323,35.75368674350259,-9.67741935483871,-0.0511144237850295,-0.3008901014773925,-0.22068258908305,-0.29185842973313286,-0.33868006390752553,0.011351817261878259,-0.5636369611115859,0.2944348624096882,-0.5101318086736122,0.0848014147357633,-0.3618897074968493,-0.15309612206509096,-0.2796285020770211,-0.233131238464335,-0.3418131457256658,-0.2930239395673151,-0.2169196923006126,-0.28662477693531013,-0.21498879277536379,-0.23839668281415097,-0.27099182813740585,-0.35352124734718693,-0.33203212755674305,-1.4045669705774102,-0.771615029854912,-6.28497716726397,-1.7622465159726457,-0.5603039515922343,-1.5664236450427642,-0.45026544809164065,-0.829615786529584,-0.19052799615086924,-0.04253655708413162,-0.009713722750727538,6.999183807845292,-2.129817591482934,11.16486980328064,-0.3369764675865649,-0.5101318086736122,-0.6542461323512084,11.476251604620645,25.313765955127508,-16.38411499016106,-5.102761411703562,3.5954044661028104,266.8699455899658,2426.9662921366935,8.640229704068409,-1.1962600098420837,-59.57626244566035,0
2018-10-11,-0.3041252088023713,-0.5021397486586987,-11.01586773191301,-12.27910531967169,-12.27910531967169,123.38652654010073,-32.142857142857146,-0.12297687114508923,-1.3833690100382867,-1.0465068055705222,-2.4395138690512823,-1.3395186013939933,-0.7181636920357254,-1.2421004654864622,-0.1338102407201036,-1.3432761507774476,-0.10209947956163652,-0.4539065901639796,-0.1910566859493704,-1.8503971038530944,-1.3026301989125757,-4.293615081656829,-2.107230431056911,-1.0861351675444444,-1.9702886602858498,-0.9690034397915825,-1.3590979032615704,-0.7105483956726346,-0.5482001848394175,-0.41150422933685693,-27.55100699572766,-16.962108157700815,-65.58643701309296,-32.542881338609256,-12.818517488324233,-29.887462664147257,-10.520406311995478,-18.041061274165074,-4.680992364045955,-1.0739738857639671,-0.24608275104391406,89.13435882138766,228.80367945277814,33.02347475804418,-2.581656534033668,-1.3432761507774476,-0.3093010789589029,259.53477660064584,-97.37240271643299,-49.50180304102128,-14.911413487362482,-8.133135111101335,208.16701306497737,-115.16970505410183,-40.794525294571464,-0.48357300684608323,2439.2453974545397,-1
2018-10-12,-12.257665024540838,-9.700651074819055,-2.4410013405243527,2.123443983402497,2.123443983402497,-49.92092115204711,-31.57894736842105,-0.06337853601341764,-1.0326311174871445,-1.2032140471227182,-2.348923016480443,-1.1960502842598342,-0.6552349321933668,-1.1067903498143452,0.006599308545647992,-1.0994877969958468,-0.1166846368973087,-0.5152024729366679,-0.15439168644735446,-1.3854806656345282,-1.0322762746863066,-2.3465183711010766,-1.5334159086841443,-0.8810211158096934,-1.4559949914100974,-0.7977976345741467,-1.0708407035939635,-0.6188971002038877,-0.5097314123101694,-0.39665116214318313,8.80492970865268,4.331634066149919,70.46048836589051,11.76286091706098,3.0461317609342444,10.1052428336371,2.418627345749886,4.70198510901665,1.138690174052388,0.5745257771517558,0.36146435103522034,28.95422393394933,26.489764422096474,31.401461660371005,-1.8613222007881938,-1.0994877969958468,-0.47789970589108327,-11.81858945615264,2262.146302288894,-9.720037241008187,-20.333790989721162,-12.94138657235257,-22.208805962480604,-102.49145090374053,22.064242412606085,-12.27910531967169,-117.29314903750065,1
2018-10-13,2.3527336128523446,0.451139933940228,4.120065614281754,-0.05180452426179504,-0.05180452426179504,-42.957456848594525,15.384615384615385,-0.03568278913778639,-1.0390347486569218,-1.0557341248546293,-2.537129887234467,-1.043850139461157,-0.3695472180929147,-1.1166394791271754,-0.1495351771488047,-1.1705730530511245,-0.16011772437862237,-0.5388327366777089,-0.1343246856083457,-1.2238962848445174,-0.9524395205817243,-1.6183735863252657,-1.3249990633063176,-0.8264222099617641,-1.2731795118923046,-0.7552813684346268,-0.9837694991904695,-0.6000512587991922,-0.502963250889892,-0.3945794731317819,-0.1142805215732647,-0.06846469299226302,-0.3178640675642551,-0.136832270409223,-0.05118507258433305,-0.12475050979198504,-0.04175013818605821,-0.07302119023675457,-0.018270656649766383,-0.0041336523790505625,-0.000939022041737217,16.58380887116204,7.146252779364602,25.605110523046292,-1.1176369623880527,-1.1705730530511245,-1.2131637394640193,-21.582158942321573,0.07525826271260311,-23.003448980521153,-28.017575713371702,-20.24925063693669,-0.18734726560183573,2450.9803921770904,-0.24223064524880816,2.123443983402497,-102.43964637950052,0
2018-10-14,-0.07401924500370462,0.36590745047718765,-0.7130434782608728,-1.3222082198463319,-1.3222082198463319,18.019990589092455,20.0,-0.04226109218469782,-1.129973670644413,-1.1769699412201047,-2.5961660159862654,-1.1713105615518995,-0.6152208556326311,-1.0633762552559167,-0.3676120235684777,-0.9268607077458277,-0.18891573918110782,-0.5487919426034302,-0.1333525145059343,-1.235948817220733,-0.9828224123203428,-1.5228997359861753,-1.3246014125549639,-0.8593217025973756,-1.2796416643652804,-0.7878211684979928,-1.012959463357552,-0.6241826282756086,-0.5151265995879147,-0.4001714420550923,-3.028899624965992,-1.7968124830278245,-8.86753517190437,-3.6436616997731557,-1.3378014095356032,-3.3135958794488816,-1.088559081796331,-1.9183727192975324,-0.47315310440564734,-0.10638983975783162,-0.02406824530518166,12.892348123349073,2.9624847952802935,20.989319558195096,-1.9441175210924841,-0.9268607077458277,-0.10761695035217266,32.78369615562744,-20.923169105215596,36.66163313967644,-10.006735783939487,-20.417863208882196,3.271077921417543,-630.6687163722241,-12.52582696397413,-0.05180452426179504,2452.3026003759715,-1
2018-10-15,-1.6387620497209452,8.570971962803526,-0.783077287667574,7.110561820897053,7.110561820897053,290.03765140139734,11.11111111111111,-0.15750472176345087,-0.5342056291618185,-0.5882919489904084,-1.1784531977162769,-0.4070327609631225,-0.3849391033058245,-0.5918779984810808,-0.4101293965649338,-0.3594190230586773,-0.03749990817629197,-0.5331990077592427,-0.06991731234654507,-0.21360366888051566,-0.32009032396182874,1.2659126359683124,-0.12269582497484108,-0.33292344443090055,-0.17426079179781415,-0.33692091794485013,-0.3145036732020109,-0.36753630597665626,-0.4028263293815831,-0.3553140810058067,27.88678651087443,14.426185512939997,141.1811670542066,36.100706887590654,10.289530966239843,31.558681340991505,8.222884945137686,15.594200671671118,3.913140236712985,1.9711667906771109,1.2310364435189454,-5.76386936123296,-31.256062040707004,11.92575085788723,-0.5726884324229886,-0.3594190230586773,-0.1908210386397977,-47.57918236361085,225.73826575033058,56.50816436833696,21.743533416469045,-8.926843153188965,-59.5599049921279,-120.5822711471539,19.717655943482033,-1.3222082198463319,-637.7792781929185,1
2018-10-16,7.289420745860617,-3.6403613681944362,5.890355477552897,-1.3663592919162606,-1.3663592919162606,-77.7910408388703,20.0,-0.03487700714638878,-0.6458705510512637,-0.40512032287432154,1.2497547219811382,-0.6967201178229063,-0.6558376815504693,-0.4793515670077245,-0.4548734766064648,-0.5531399270585866,-0.1617599772299303,-0.5894187648808105,-0.06959959558382142,-0.3651658326570752,-0.41215135741613274,0.3665515230303133,-0.31273591414729257,-0.4062779119488124,-0.34277687470408175,-0.40008070221639463,-0.4116778907197078,-0.40316574886956447,-0.41808629672679554,-0.36180490918493907,-3.1381486406718238,-1.9206747799689468,-8.184130053049248,-3.718159462955429,-1.4463373471072956,-3.4088401992540733,-1.1838534245238532,-2.0443375762758214,-0.521513251780408,-0.1177277063379196,-0.026510692721180514,-2.967467410895056,-27.944038607554628,7.677602667887645,-0.6421300681556648,-0.5531399270585866,-0.48305882526479876,-2.6483896726113776,-6.65461401814745,32.16282791802973,43.67702247680468,19.16646303208785,16.176573692002354,-26.3898662913508,-1.612994523608703,7.110561820897053,-119.21591185524478,-1
2018-10-17,-1.3413332564110032,-1.5228038685901537,-1.3024076889128582,-1.0197118290471556,-1.0197118290471556,-1.9305291602328067,-4.166666666666666,-0.03456873907212759,-0.5167493168707717,-0.5741115227626846,0.6163651439018037,-0.7911821359777456,-0.8877060814310349,-0.7208518244171563,-0.23149289018126593,-0.7656282511519084,-0.32618048557787777,-0.6007432613445557,-0.07718971098921258,-0.4503595521931901,-0.46509828029484385,-0.09891146874028767,-0.41962475170948516,-0.44940041204691317,-0.4374861331375137,-0.43772850096164984,-0.4673117759592272,-0.42494613495897976,-0.4275238166738548,-0.3659860346793802,-2.4152185423877355,-1.4595181764161826,-6.741836753794399,-2.879638779964994,-1.093509139171063,-2.6311698548050986,-0.8924476107586784,-1.5555033817281956,-0.39003708785745816,-0.08744957604946282,-0.019608283539014452,-1.2869659182595672,-24.63948616170076,5.373337330724801,-0.3311784794538557,-0.7656282511519084,-1.107217232083121,31.10047846889933,-28.044653626994553,16.27687344486091,9.405883912533707,23.03478672326206,-15.8817670322451,237.4760994264804,-3.403188324397486,-1.3663592919162606,-25.370154462296625,-1
2018-10-18,-1.02723037639123,-1.2293254222170567,-3.713345986068746,-3.4767363983768846,-3.4767363983768846,13.556794483113618,13.043478260869565,-0.04018600217302508,-0.9106193255842245,-0.8869417060042569,-0.07823669579032765,-0.9501026328174185,-0.8836677191264115,-0.9912241702872112,-0.5134300474389019,-0.7642825860358287,-0.3711955562439858,-0.49595240458108325,-0.0878886446210163,-0.842010726279338,-0.7260903563182222,-1.2226235358130566,-0.8790490814738274,-0.6609935622376542,-0.860217836578561,-0.6212944433357019,-0.7411398800882485,-0.5321111131662326,-0.4750714312048219,-0.38562574129526206,-8.03158704718626,-4.906875427847806,-21.44695047011084,-9.525133904062917,-3.690825516376507,-8.727989335106361,-3.0182567292300257,-5.223982748227644,-1.3248204495243756,-0.2971867998813055,-0.06645993819606878,5.526627698809179,6.097186957048524,5.410248833363724,-1.12847309622492,-0.7642825860358287,-0.47568836531498665,43.51407716371252,-67.37927085321634,-29.975402967754803,-5.1243165275052664,12.257433628102381,68.88290165204552,-88.6968838527008,14.770229731001086,-1.0197118290471556,240.95283582476176,-1
2018-10-19,-3.4799905467149927,-3.3412513005751885,-0.821465428276579,-0.40713454827452156,-0.40713454827452156,-10.848429297558537,-7.6923076923076925,-0.03625750398289653,-0.9520459062710589,-0.7487189338114465,0.10095269134310177,-1.0905427142002184,-0.9501924788654177,-0.9106732535488083,-0.5303743436527294,-0.7833337315592187,-0.28685059309032307,-0.4597341208525029,-0.14623173645469414,-0.7872276606547716,-0.6992151427982923,-0.9575230526936448,-0.8099881262740835,-0.6437532250535102,-0.7988613564093798,-0.6087301783601261,-0.7115862615495887,-0.527852424641513,-0.4740440141515031,-0.3857573231924626,-0.963294255258388,-0.5776841923456576,-2.8267772757630856,-1.152909655120875,-0.4313548827336205,-1.0512533148709124,-0.3512905648576962,-0.6161762086244074,-0.15250797196575014,-0.03391577615539088,-0.0075490343035438875,3.7870478174138187,-2.213419317997958,5.0189591610752124,-0.9897004541018039,-0.7833337315592187,-0.6208758707317419,-6.815374554966268,-13.604196152365503,-40.79302218526501,-3.7588704323374826,-0.03260211479335598,2.679434230688882,-710.2756892237314,-7.480986056815595,-3.4767363983768846,-88.28974930441638,0
2018-10-20,-0.25505519394396975,1.9263968154030462,0.8272288354282903,2.4948003647428942,2.4948003647428942,9.800468825356946,-12.5,-0.03919916616452761,-0.680991794929877,-0.6399888892373455,-0.7863589258984224,-0.9564168499656347,-0.6238135046491424,-0.8288583903964593,-0.6533725106737021,-0.6704294705647098,-0.3256409475406342,-0.40572023819502184,-0.15184373668610368,-0.3721936941963845,-0.4292958199717035,0.1710005003854925,-0.32439426944962846,-0.4300968943926611,-0.3510728346298147,-0.42628392298043777,-0.4270072885141048,-0.42472782145517385,-0.42911566546967983,-0.3681390561153909,9.671823215718014,5.255942390477444,36.29146362911333,12.11087852458028,3.78831599543097,10.784012199082191,3.0374398578192316,5.661171939108351,1.4391837295678036,0.7121312369231141,0.4390182980284015,-3.122689168939383,-35.56626190472693,3.0793516016435216,-0.3540146333340969,-0.6704294705647098,-0.918595946275717,-23.150097465886926,282.6779969788819,4.881676353229998,-9.145589704524433,-5.954662052939022,-30.7392557104959,26.57084188911326,11.94107611211882,-0.40713454827452156,-712.7704895877889,1
2018-10-21,2.469110547418392,3.764035428560046,2.696622256163639,3.08082928487175,3.08082928487175,59.14175102403546,0.0,-0.060611734359808586,-0.5567387161613487,-0.5012208126576815,0.1084535760665719,-0.6017727097558162,-0.3131660510946525,-0.6518737694892895,-0.7319756032494913,-0.4226666457496384,-0.41239641204935107,-0.4186016341342117,-0.10061470806598821,0.07702941598106479,-0.12395152778120146,1.144254980298759,0.19010894624474675,-0.18407052119214962,0.12883524758271447,-0.21406415574865173,-0.10653790507106808,-0.3016212020208733,-0.37443890214133946,-0.34643807287160266,10.413951851728322,6.097454939766983,26.582570828523384,12.544987717306416,4.512101519344041,11.406245843839226,3.668018962616324,6.520907351151554,1.7926682438160577,0.8996419455697156,0.5554222496497855,-9.990966846956532,-94.88103553300165,0.1529219109868328,-0.04819659840497828,-0.4226666457496384,-0.7180397944144563,-168.18181818181816,91.46619027502591,103.09617419208483,16.56435110509968,0.6778983992153241,-22.73887494666822,-203.60155743021443,12.051885966047195,2.4948003647428942,23.490012604244477,1
2018-10-22,2.788924158032372,-1.1262710155642466,-0.2321328081035543,-3.0963925523661766,-3.0963925523661766,-32.34057575660323,28.57142857142857,-0.0415062920059898,-0.828239337240619,-0.54761271400466,-0.32081072167421526,-0.8256952176448423,-0.5285667563964089,-0.7970204898249064,-0.7165120502625879,-0.5865396642315832,-0.4190905087552352,-0.49602722863019194,-0.13027140241539034,-0.3482104217771619,-0.39081984039538475,-0.301277441121722,-0.3207833503320237,-0.39482529011694273,-0.33546862415987855,-0.39423647891248265,-0.3884009291733591,-0.4030965266582935,-0.4183111959937662,-0.36433591966274603,-7.626535276838974,-4.666382247491349,-20.44080402879341,-9.03689937566031,-3.508161796885139,-8.284237254802383,-2.8663445558022893,-4.967796367004508,-1.2517115253606026,-0.2775372645983033,-0.06121995847493547,-2.5548970139906007,-356.69890522096136,-0.3919494946888076,-0.2751593047135295,-0.5865396642315832,-0.8338062509685095,-77.97619047619055,-45.51026225769665,24.621640763249545,2.6347897620975322,2.9297238731807065,38.68599363133202,-63.01284058879517,-11.382259180231594,3.08082928487175,-200.50516487787417,-1
2018-10-23,-3.0725605966438785,-2.0499922311995045,-1.5098558636596997,-1.1818627598146663,-1.1818627598146663,-6.080068304714923,-11.11111111111111,-0.03947920227858616,-0.8241508219990827,-0.6136467714853018,0.14919088010586853,0.19596754590322663,-0.7002507115054358,-0.8529254470628492,-0.7972316739609601,-0.5015914543607033,-0.414636374207951,-0.6041179956378467,-0.11612964062618401,-0.45683946015913385,-0.45991130354070114,-0.5930318660367284,-0.4509123383859194,-0.4502357133375422,-0.45394012004597833,-0.4421348002189404,-0.4611695434188168,-0.43060809748871576,-0.4302871038253486,-0.36951082519525413,-2.933662366357903,-1.7760374807159263,-8.317918563537397,-3.4944965228170357,-1.3295604052670937,-3.194395546943206,-1.0836471864157637,-1.8928009297091903,-0.4700124389145546,-0.1035722985575586,-0.022751563736309797,-0.43004354062269556,1.5137806739831434,-0.39944838632291035,-0.5421858339811603,-0.5015914543607033,-0.46917393089597903,-76.35135135135107,-30.891969657337153,-7.049090055325902,9.25608963564172,9.13419378469848,-0.9387851760248891,-263.5055038104138,1.2691825516192237,-3.0963925523661766,-61.830977828973275,-1
2018-10-24,-1.1551717228389384,0.3727754919942511,0.8365547851342633,1.9555222490024935,1.9555222490024935,20.580263499021896,-4.166666666666666,-0.04712259954086261,-0.6556516431838038,-0.39035026990743765,0.6154967423122708,0.1859134310365341,-0.5008110344345635,0.3300452278484972,-0.525833329959022,-0.5189372019380998,-0.3971157033926351,-0.8129745053236561,-0.12190968532220442,-0.1447862703724976,-0.250472052274736,0.24635023763688613,-0.08991476048355734,-0.2821060214361371,-0.1191489752277313,-0.29740823836565417,-0.24113875183910485,-0.34694898599086843,-0.3931493854185104,-0.3549134778604852,6.962309302616436,4.037111720798659,20.711463310560234,8.43272898307908,2.9733464935643803,7.643783629132496,2.409152782471886,4.3221048198113,1.16147181010942,0.5737060029229281,0.35098337063142493,-6.016368711257038,275.2174786270758,-1.5048111072625538,0.005516334363076391,-0.5189372019380998,-0.9374437379865443,923.4285714285628,58.678169620715636,-20.945944355913408,17.86851749748241,10.220676356682914,-23.72423835145991,-240.08285862242863,5.912870188598173,-1.1818627598146663,-265.46102605933174,1
2018-10-25,2.1062447419900976,-0.4978220286247574,-1.4269776876267664,-2.686810294307537,-2.686810294307537,5.498608035696834,8.695652173913043,-0.050307473157034654,0.11256229592712466,-0.6193949748780928,-0.41113773313057944,-0.035282966898084585,-0.5979350378742431,-0.03653396505045659,-0.4348954688394798,-0.6569553773939625,-0.09059071470139093,-0.9855859025513293,-0.1345967489337348,-0.4805284136482732,-0.4663958293255427,-0.7361753335391752,-0.4874596094020999,-0.4539331830890268,-0.48333231366298757,-0.4448955706313856,-0.46871115454161,-0.4308813303184292,-0.42969457674551825,-0.36989338086130774,-6.835044726679432,-4.1527959569286,-19.084141921055426,-8.127015265239184,-3.111593469530951,-7.436195486629872,-2.5365784552860187,-4.424451466530708,-1.099097719242215,-0.24099811573264504,-0.05258598019301639,0.609446405190899,-27.49052577403608,-1.107800933463094,-0.1574305612302979,-0.6569553773939625,-1.0593634843135042,-268.2579564489108,-78.5091329573381,-27.418290861852547,-12.950817710152629,3.5797102542036665,-122.94832367245947,-96.89463955638996,6.145560680929943,1.9555222490024935,-237.39604832816846,-1
2018-10-26,-2.7546978766491095,-2.4479585455195307,-0.6677435617791372,-0.08573878250928912,-0.08573878250928912,-32.59709014104637,16.0,-0.0341814981310483,-0.03998191873155904,-0.631036237921736,-1.0454757993933292,0.06601242498686252,-0.6014214412556368,-0.039086394010866686,-0.5266448452583676,-0.5862864164201201,-0.11854656909015433,-0.9378055639030363,-0.118220411537371,-0.42954186767428887,-0.4334121774651071,-0.5225790602341254,-0.4273214829621434,-0.42821413304683553,-0.4281884074793801,-0.42322562897750193,-0.43386932197128775,-0.4187813466745795,-0.4243385156090789,-0.3681104460152213,-0.2268976913564547,-0.13491792679608355,-0.7061359331944217,-0.2726587498995023,-0.10024199938553816,-0.24806689965912948,-0.08132936893634918,-0.14405710010743975,-0.03480144910130892,-0.007558127461285332,-0.001641122215680366,-0.45621821635871185,-12.219752573880296,-0.9833236691687823,-0.17236399863913485,-0.5862864164201201,-0.9227744700004781,-22.183507549361092,86.58440787078689,-12.423091889451115,-28.72234318074306,-8.383435577817362,-137.945193710907,717.8571428602442,0.08484070888109023,-2.686810294307537,-96.80890077386763,0
2018-10-27,-0.2633674281864339,0.05291489859674815,0.14397580377858823,-0.7018224910101412,-0.7018224910101412,6.433651010559135,13.793103448275861,-0.03639707523498127,-0.08550537252794087,-0.5915576722121589,-0.5504735364794849,-0.5655188248389147,-0.5481370557304682,0.008159011435721116,-0.6615858458694042,-0.6838672469295785,-0.12419080020791257,-1.019088958389731,-0.13381798732383948,-0.464827960051167,-0.4567509451367637,-0.5816991309667796,-0.468555607772537,-0.44739191111999493,-0.4662703840252267,-0.4400919091751999,-0.4583322419107342,-0.4287373698456356,-0.42867417428260857,-0.3702102646302969,-1.9494882243487124,-1.142770266944385,-6.481067573188307,-2.358805226676723,-0.8441814246097101,-2.1381798971202928,-0.6826380124189548,-1.2219734318027824,-0.2894782506602251,-0.06239387789660192,-0.01348732611524958,0.21674511366474702,-24.191673405294814,-0.7528441129611766,0.13884828824685544,-0.6838672469295785,-1.357739151941646,-7.6545842217480855,-33.059095471274254,-45.273759435244735,-20.376437970603543,-20.311973607684557,109.22726668155313,-422.99854439613654,-8.775520754659102,-0.08573878250928912,718.5589653481198,0
2018-10-28,-0.5311962662736344,1.5662662856096596,0.30822378287805785,2.282898324091329,2.282898324091329,43.79125237506687,6.0606060606060606,-0.05167241505768961,0.16650219353214138,-0.5486606996338225,0.1368572380016456,-0.26420499228636035,-0.4760949569959204,-0.35242514525317736,-0.4780591200733205,-0.6106223054961463,-0.009573580480131934,-0.7926008684258585,-0.1668246466752276,-0.10958538873568666,-0.21911991260509894,0.3619927966259787,-0.05621504975569107,-0.2565092942681434,-0.08457080454922214,-0.27567519497990317,-0.20868238190500482,-0.33361669284668655,-0.38642235775617023,-0.3535716566880107,9.39706074403238,5.230069828351123,34.73514798514971,11.606099340161862,3.78524796282334,10.410436531138119,3.0349271822594357,5.6236029105874845,1.4172458919234365,0.6802126320603488,0.40971623948198005,-6.498953183914883,146.15174759269624,-1.8671960159865597,0.9187939177050081,-0.6106223054961463,-1.8823464577237252,-132.74070653428797,337.74733637748,108.57049795444165,21.66656630819445,-13.572508002970421,-288.7649497377149,-291.4826498422254,1.075648701125512,-0.7018224910101412,-425.28144272001344,1
2018-10-29,2.0867417811390525,-0.08912209727325623,-2.462337983728773,-4.273787970227321,-4.273787970227321,13.462599329294733,-2.857142857142857,-0.05966386580369695,-0.6311561496615042,-0.782319595988547,-1.116477883355842,-0.5335845372049454,-0.5242540410937213,-0.5720998776554225,-0.6124604620507749,-0.7592953587778928,-0.11775147017702073,-0.8807224044206771,-0.24677906768525837,-0.6608531509347875,-0.5796314671606394,-1.1944145688858647,-0.703065138519475,-0.5445195724387977,-0.6799910967163258,-0.5232787310153778,-0.5881440054643922,-0.47546136191410837,-0.4486185849098852,-0.3788072362771946,-11.478188058522987,-6.949257040385566,-31.569129802824,-13.656318523458427,-5.191211952852835,-12.492083503533353,-4.221673347359068,-7.408115679533283,-1.8116895415701977,-0.391317098341379,-0.08414576866814232,4.737251792427956,-66.00462803024321,-0.6468379637277138,0.47630236116292785,-0.7592953587778928,-1.8160379773932878,-271.5091678420282,-84.63585808921518,-11.952473697889815,-26.785832408411935,-10.514905520533082,-515.495410959471,-119.29865850789325,-8.857010835897881,2.282898324091329,-287.20886187204303,-1
2018-10-30,-3.8200639029159364,-3.6452382384188278,0.26006152675144695,0.8616070021329895,0.8616070021329895,-41.24665315869455,-8.823529411764707,-0.035267725800041165,-0.47392751146685735,-0.6859950944009533,-0.4062323132069599,-0.16959515586982365,-0.580320089495161,-0.43043679896713016,-0.5870510282321767,-0.6972046621393182,-0.07291512438020645,-0.8617075035180394,-0.2747061226667609,-0.4666362009185362,-0.4562484932770558,-0.5256435681310809,-0.47172050855983483,-0.44749033964470414,-0.4688095107173093,-0.4407462016788536,-0.45783268636492414,-0.429164427842215,-0.42846100863462067,-0.3711345201352191,3.6350896597317273,2.017264303838168,13.360223572028628,4.489548938503781,1.4552397706103857,4.027285497300024,1.1636748832053823,2.1703516457366416,0.5368571574875025,0.25427130450638186,0.15222092221926137,0.3177830408863867,-29.50795566668822,-0.4589378886493388,1.224996471882153,-0.6972046621393182,-2.379545722736377,66.40625000000117,181.98105093136272,14.818017701277617,13.132723325921006,0.24953720636489463,-23.758073433256026,-150.12195121945132,8.702851121094385,-4.273787970227321,-120.16026551001727,0
2018-10-31,0.6413548096370766,0.023924191518349073,-0.6073450795558718,-0.4281651404819147,-0.4281651404819147,33.99188644096501,3.225806451612903,-0.04732919555063776,-0.4302791609556393,-0.684848597935881,-0.4752188209714067,-0.17089699380110443,-0.6024233047415591,-0.18895952115690012,-0.5318057444471256,-0.041409895854139435,-0.09979464760108059,-0.8888565255227642,-0.2700617203717808,-0.4616630395170707,-0.45381247679024017,-0.49349415668652813,-0.46519435711069246,-0.44613927593018865,-0.46316726540284336,-0.43998662304671027,-0.4551306627797754,-0.4291293782681804,-0.42845639778327305,-0.37149165412274443,-1.229686336584925,-0.7222588294158754,-3.936365015115071,-1.484875286196594,-0.5330751813044791,-1.3475219351620549,-0.43053239032013607,-0.7723306514609916,-0.1813447059240585,-0.038568078588258115,-0.008218885473055671,0.15095036873433562,-26.427297907022517,-0.3392097677540232,-0.1567836782664845,-0.041409895854139435,0.06329555530158541,86.31084754138836,-11.345416922133483,-38.8128107252468,1.985882866499384,-6.063788753672846,-7.509231340666708,6.326034063271889,-1.463380573669037,0.8616070021329895,-149.69378607903127,0
2018-11-01,-0.12807830478471194,4.047420965058243,0.45404877841782865,-0.4572086210504361,-0.4572086210504361,-23.049346933733954,-9.375,-0.03598985339481789,-0.20757462231437485,-0.0605554626856714,-0.4257669701652791,-0.4142228645944171,-0.5610743718344281,-0.19228754961569297,-0.5554414881276283,-0.16692070205713294,-0.057316422755508224,-0.9678496415329761,-0.39599853566452314,-0.4610870221994952,-0.4541071422799075,-0.4815189481850353,-0.46399736317746676,-0.44691329593164075,-0.46233979642000494,-0.4410265206148683,-0.45531996772703803,-0.43011425516007806,-0.4289044778265695,-0.37202812081699077,-1.3815147106908807,-0.7980973388750834,-4.7822695385159015,-1.6816144819162862,-0.5851534113549557,-1.5195333621128615,-0.47079993925878905,-0.8548768210178158,-0.19628692315405155,-0.04140084006631251,-0.008781737785664316,0.0851213398835925,-24.933681063548484,-0.25549896356674073,-0.4818818359072148,-0.16692070205713294,0.11828807573766643,-36.55172413793093,-35.36297271564637,9.745007171789535,0.9011522251595097,4.9980348624029975,-45.73193190385281,-229.9771167049712,-9.070332451966355,-0.4281651404819147,6.783242684306543,0
2018-11-02,-0.7819668029026614,-3.178347259425101,-0.5047998225808075,0.5969961006064692,0.5969961006064692,44.115407300120204,24.137931034482758,-0.052253154242598576,-0.13765235795142888,-0.13188554879522255,-0.7706132286180318,-0.6295694557270595,-0.5895257896015252,-0.33887446999467746,-0.44107623911174454,-0.13587513454674918,-0.14450904722341631,-0.9569913281421021,-0.3436817079042545,-0.32425705121667486,-0.36291131012894845,-0.12549285313199016,-0.30495261778897853,-0.3739258532708707,-0.31522365179091727,-0.3783588934396373,-0.35945429944336355,-0.3940982557879373,-0.4129211953922068,-0.36596858819892325,2.9142486692473653,1.5528482886229324,12.880662790633087,3.6688830745753123,1.1014193379885335,3.2575737481745644,0.872034183297696,1.6778166054527717,0.39109888818396243,0.18081330353989802,0.1068399490084295,-2.5101160033978998,173.9772566541537,-0.7018021483753452,-0.33577192782725757,-0.13587513454674918,0.044053585171106815,-36.5593645484952,68.76959784521175,-1.3371365023194925,-26.180640156791,-7.8835562311049046,-34.288972479529704,-133.80281690133535,-1.518657068539178,-0.4572086210504361,-230.57411280541587,0
2018-11-03,0.5506399613291131,-0.39020563217440485,1.0847759863288453,-0.20060390132795367,-0.20060390132795367,-29.36837061116651,0.0,-0.036820828472315784,-0.32923279796880195,-0.13886542554991343,0.07286493186710448,-0.37693673910383413,-0.6251529596833079,-0.5973060327045231,-0.5228941187065174,-0.07986240963536953,-0.26172714180945383,-0.8952745919189924,-0.34374753721126217,-0.30811858851917523,-0.34869352514096186,-0.15046695090775564,-0.28916905084456773,-0.36168953097913803,-0.2991600740916205,-0.3675223803425594,-0.3448441679389064,-0.3872457943324815,-0.40957979831134145,-0.3649245303150951,-0.6789952935384743,-0.37926082912225684,-2.738510100402059,-0.8399310802497195,-0.2743220398889715,-0.752451873853848,-0.21900164906826264,-0.40765268782896574,-0.08941169326237233,-0.018541940577361915,-0.003896418905326253,-2.6585468127364935,53.1048807826601,-1.082087455611053,-0.23620253897585847,-0.07986240963536953,0.06032633818411525,69.95057660626038,-12.817089452603359,-1.7880049526215511,12.919339128469806,-5.7709957837644055,163.46911248700408,-1079.1666666683905,-3.5123783861011733,0.5969961006064692,-133.60221300008013,0
2018-11-04,0.7629120247476062,0.9378821481128248,-0.07035228644932168,1.9681948094096384,1.9681948094096384,52.747135878892784,13.88888888888889,-0.055742275538610234,-0.4181815789589387,0.014693706308591854,0.29459518269922214,-0.11562043194146153,-0.5045154305283606,-0.1998504283977273,-0.46630551171529244,-0.33471649006146786,-0.3823286751554275,-0.858081890340979,-0.3921469898627416,-0.010707501330028226,-0.14543741160910015,0.5536251760689543,0.05257832688654414,-0.19693655925757694,0.01891630338565316,-0.22489103002573152,-0.13179643887167403,-0.30367328823880063,-0.3720804472902325,-0.35016969327927056,9.899779976560511,5.303376786276541,38.97586832837541,12.400032911393488,3.76083041854406,11.042008291576689,2.975037126104032,5.729118301372424,1.3269996440926848,0.6079819947175188,0.35661291607683154,-8.291889172192164,124.96539385415998,-2.4609519587965316,0.29639977809713397,-0.33471649006146786,-0.8989555168506724,-88.89104303993788,143.95099540581865,62.260239217514815,24.752348963337923,1.5510734054100697,34.00123553933386,-141.5957446808285,-0.2601403411520761,-0.20060390132795367,-1081.1348614760736,1
2018-11-05,0.9158230999004261,0.8572983295516405,1.1474445191661167,-0.8028829864783057,-0.8028829864783057,-42.72478674339823,2.4390243902439024,-0.0317904544008226,-0.24296341969177812,-0.35675330330265703,0.21633371718487787,-0.34889556507331493,-0.5167255703460115,-0.16864461691767882,-0.4406741291823081,-0.3033251272886723,-0.39897897116761066,-0.8315765325765837,-0.44488473406625423,-0.11625737890372005,-0.2043346779755352,0.09647670686742732,-0.07941149514452536,-0.24071436425061513,-0.09861681629172386,-0.2609621022092574,-0.1949081542275144,-0.3217891857860875,-0.3790341319266226,-0.3530992969960205,-2.8782655815933844,-1.605628194094943,-10.834785315567746,-3.555371044131924,-1.1586110071096285,-3.188029707113423,-0.9231823719154878,-1.72655204064118,-0.3741203429858788,-0.07683763364130332,-0.016020173637832702,-5.949983021528377,22.40515044835083,-3.0883343728698613,0.10454940459293093,-0.3033251272886723,-0.6723770287029867,121.81500872600336,-24.54488386691795,15.125208681135069,12.493228346773412,16.52643291898997,-34.455708194365194,-309.71867007684983,9.157823624150613,1.9681948094096384,-140.79286169437307,0
2018-11-06,-0.5364906114142948,0.1313190952216179,-0.15478911281944355,1.6974238488050928,1.6974238488050928,40.05516408801103,0.0,-0.04427238919844713,-0.035981413282221965,-0.20957060094527322,0.6482246679253637,0.024577186162285426,0.0726476935041539,-0.19201944950721964,-0.4289218342051277,-0.16715520220165564,-0.20774088709976346,-0.8495720634722327,-0.5448774315037355,0.12373725800814081,-0.034987456238660196,0.6311544557767115,0.19275290684805815,-0.10147878773595932,0.1564407531106907,-0.1394080566531929,-0.018029617388167628,-0.24886731539041948,-0.3456601377631959,-0.33988982186363653,8.089361230409013,4.538627499347818,23.54607281400036,9.870947753507478,3.2643870073903223,8.915990871466965,2.5993837322094615,4.882954293051575,1.1716978485956653,0.5360266342243033,0.3128697654728578,-11.165778856053423,41.14361195435625,-4.49789677526308,0.16589439359812733,-0.16715520220165564,-0.47086132148980014,-183.08418568056715,136.68299821582616,63.57104520168853,51.73955280864432,30.9370508541173,-85.59105785648799,-76.03658536583967,7.636313513124604,-0.8028829864783057,-311.41609392552965,1
2018-11-07,1.6212529836634748,1.6876264449030578,2.0465919613779864,0.39997150330255404,0.39997150330255404,8.495227719631147,14.285714285714285,-0.04742448496886349,-0.14920363388504468,-0.14007195090772986,0.6078555872455824,0.06569548847872651,0.007935797444051351,0.05390068441148702,-0.4391404566391098,0.0331291392252096,-0.31157083171340666,-0.7444445683577747,-0.5068087173126887,0.1608643553426639,0.004415872502767432,0.5531268249816271,0.22497001138070613,-0.06480597228097416,0.19155690564712166,-0.10531378376496013,0.02171181437915323,-0.22497795076272803,-0.33343023222113877,-0.335026200017641,1.7770730632202314,1.0438647252547113,4.056377130701109,2.116923888868509,0.762633555895118,1.9371021111141549,0.6120794301060631,1.1182171717163236,0.2802861916467811,0.12878275354809496,0.07508268369235624,-12.354834520330845,22.58121731740015,-5.773251514495955,0.01690886385753685,0.0331291392252096,0.04801494958560467,-172.91666666666626,-26.400225735243932,8.88063901618892,19.097915784389524,26.95692770204602,351.8740227826082,-973.0279898211074,-7.660052565734586,1.6974238488050928,-76.43655686915538,0
2018-11-08,0.33046590608667953,-1.1937254431480766,-3.1627888007504166,-3.477952356817019,-3.477952356817019,27.950543584707354,6.25,-0.061936427689473494,-0.2029459226151607,-0.1354500465290229,-0.06167230625642622,-0.17076505674797024,-0.12418732937433687,-0.21206995050642397,-0.5115018122345396,-0.12184214695675749,-0.37897054416972453,-0.6219305976317596,-0.5125115487347331,-0.32937614310727165,-0.3123028484815508,-0.8053491210403434,-0.3517433856356977,-0.31558222568415034,-0.3386722111828818,-0.31957716470285624,-0.31227686084611433,-0.3454982434567551,-0.38538644737117644,-0.35583920003078534,-12.560432137311686,-7.198907373588962,-37.81058109165094,-15.255164904299656,-5.230202897729497,-13.807115287148122,-4.178115964321313,-7.724302617538122,-1.6954909543303955,-0.34543968049233875,-0.07126689411675241,1.4382208428212557,-23.54413906029421,-4.684433263980782,-0.29731942804107575,-0.12184214695675749,0.03914830054016098,-106.23376623376701,-93.2867404809493,-17.284964583871247,-6.110007959303219,16.111781812955886,30.27481719764135,-58.35033517925318,3.862005983578778,0.39997150330255404,-969.5500374650402,-1
2018-11-09,-3.055609044197401,-3.0082263303281462,-1.2961169137466264,-1.5007509005555755,-1.5007509005555755,-25.62944405396898,-7.8431372549019605,-0.04673214369834768,-0.30271110369149373,-0.1858323882507838,-0.7423756844707896,-0.48589900377757594,-0.12935142296351987,-0.27160281492309835,-0.5443865712570423,-0.319714099453196,-0.5293980977108927,-0.6360342160242292,-0.5408360842592835,-0.4822045955652636,-0.41695886709621643,-1.033385793429796,-0.5250819214467095,-0.3998984030838755,-0.5012985852659584,-0.392239372141729,-0.4220964764530033,-0.3869541209160002,-0.40324322635148224,-0.36318344532240526,-5.307556650400044,-3.0454377878163883,-15.893996269658043,-6.43992881982115,-2.2121041235993717,-5.831810024823261,-1.766413758774494,-3.2676230382347278,-0.7151385567035827,-0.1451023608699338,-0.029821938507229764,5.564322323866658,-38.19232873849961,-3.0376351013936853,-0.537300366885673,-0.319714099453196,-0.12076245087016743,-4685.416666666047,-85.11262138213787,-55.59763847071789,-19.964464277593322,-3.1740234296947953,38.394353482157825,-255.84324702595086,-13.519427900200636,-3.477952356817019,-56.84958427869265,-1
2018-11-10,-2.0071924395751353,1.178851610749464,-0.07360392554271,2.3744535664782953,2.3744535664782953,-5.608397811837761,10.638297872340425,-0.04365739607983808,-0.087725277623836,-0.1963344394337207,-0.12434382726155054,0.07337081662759731,-0.312804937787795,-0.2717037654485262,-0.013017965472166161,-0.3646307645079713,-0.5951969086995077,-0.5932548618154547,-0.6269714596229697,-0.11331296516865637,-0.17381935029186477,0.07883809572636928,-0.09195017886570914,-0.20470486315605782,-0.10289576646058513,-0.22393495634885208,-0.16648358330433202,-0.28896985003878056,-0.35926285576408973,-0.34582286973408266,12.698376034977082,6.885441392947975,48.61121859909961,15.776297781483727,4.8820444373306735,14.110265401842076,3.853126905076846,7.43384755342436,1.6863041472112674,0.7500311275084919,0.43136919895848264,-5.2668847452842105,9.4106493855781,-3.427614718220266,0.5310576249846681,-0.3646307645079713,-1.1801947303031262,-119.85461154020874,5045.667419429432,-45.09472499585955,-1.9863314829775591,-9.793240096938607,-73.25960811836512,-168.1185451279491,13.561915628626931,-1.5007509005555755,-258.2177005923719,1
2018-11-11,2.2776734659042397,-0.9929268141793717,-0.22737947820145074,-1.5799285543184967,-1.5799285543184967,9.83320075798293,3.8461538461538463,-0.04825426159538446,-0.36485416215541433,-0.42171901869602624,-0.7795689442308534,-0.12921475388099876,-0.31756040645214284,-0.05372022570498046,-0.1341738889521688,-0.2796132711970696,-0.5534580310830914,-0.6065521035869561,-0.47267727941736215,-0.3074197929791192,-0.29942169103865074,-0.4749552608581163,-0.31971115678423917,-0.3039613177380555,-0.3125964193264138,-0.3085714011964753,-0.2989647957014001,-0.33600110629801666,-0.37912039607372494,-0.353862511513108,-5.608294526129556,-3.269631099724076,-15.775042721574522,-6.748256485034974,-2.3865657455642637,-6.1384740117337,-1.9097263100234205,-3.5031202513224122,-0.7749188191047609,-0.1565306799892049,-0.03195065468427547,0.4417620681785912,-22.13590260241768,-2.763607065126962,-0.18904924013922497,-0.2796132711970696,-0.36350382997041514,-247.13958810068678,-57.14100316729355,25.91809546557846,-38.58472648272461,-20.04876909059725,330.14353710940316,-40.013183915629924,-11.484911370083202,2.3744535664782953,-166.5386165736561,-1
2018-11-12,-1.2276913769544466,-0.41031836122596194,-0.3188427506071992,-0.9629629629629716,-0.9629629629629716,1.2236520533082786,-3.7037037037037033,-0.04900140416310898,-0.11767210196163176,-0.31134005930055525,-1.0581877802315638,-0.17268279645469875,-0.31320863354749884,-0.1923272559202052,-0.1635941421995951,-0.2663955177766112,-0.5985739565705811,-0.568164317328611,-0.5669292355930818,-0.39307359626564764,-0.3579320310021661,-0.6360719086332207,-0.416927235980216,-0.3509158680064224,-0.40375787046435807,-0.34889537467153325,-0.36040126905581454,-0.3585570351711732,-0.3885037429518327,-0.35778170291653855,-3.4791332398836605,-2.0133753672442922,-10.197548809512313,-4.201164884197057,-1.4649086856636306,-3.8142710958106223,-1.1699209678389482,-2.1588462882644053,-0.47190857321632507,-0.09474689395807773,-0.01925830182920033,2.7508951941683812,-37.15711002756509,-1.7860910866689512,-0.42730976801720577,-0.2663955177766112,-0.11707771382263803,229.86003110420575,-52.53311104936602,12.707284244734609,-49.41889483357667,-26.936517299167186,-61.41661914305043,21.53846153846912,-0.3401293422088588,-1.5799285543184967,-39.05022095266069,0
2018-11-13,-1.1257313029336573,-1.9209653975258465,-1.3041378199967733,-1.181750186985785,-1.181750186985785,42.54987651729034,7.6923076923076925,-0.07054376360996686,-0.26132968897519654,-0.3086161164442156,-0.5780823307603292,-0.23113458482699784,-0.2182970770820665,-0.24847671574136726,-0.15721361958872104,-0.4244391580221217,-0.48776122945007977,-0.6269589594941082,-0.5337406380609157,-0.4955331369917377,-0.4301343166871342,-0.8156359180660125,-0.5318828313623682,-0.4097500800173831,-0.5121962532630013,-0.3999001044330725,-0.4359370555348142,-0.3879930474902194,-0.4011790452265951,-0.3630512392633888,-4.334159701233297,-2.4994751604346743,-12.947139301394643,-5.241593263064657,-1.8153415111713151,-4.755017099863263,-1.4480249030420305,-2.681153674228061,-0.5816188333451514,-0.11617034399602863,-0.02351774283723021,5.152220111613244,-72.54047148814236,-0.49937141960654785,-0.30588265582340396,-0.4244391580221217,-0.5341100729599024,43.09288071664275,41.315516516376135,-43.65794909354489,8.80756986098822,-34.39293218167207,118.07282925979825,1351.35623869839,-13.550389121017062,-0.9629629629629716,22.72021172544926,-1
2018-11-14,-1.5198444909642495,-1.5662316615489575,-18.53833605220229,-17.356515721638335,-17.356515721638335,142.81522880807407,-12.5,-0.18691711768373015,-1.4305822442837897,-1.1985884884091207,-3.690200071856663,-1.679716803179784,-0.8393762662405747,-1.5054356921254768,-0.9413862661486496,-1.1206382123062977,-0.6925461710478834,-0.7568735884297646,-0.6478079913145328,-2.670892016444823,-1.902422906059335,-6.238580647444371,-3.0441629442177374,-1.6005057901690478,-2.844196048259442,-1.4301858959377547,-1.9803905105201494,-0.9899240715079024,-0.6699854234118027,-0.4708367714061435,-40.26186106403005,-27.538190974950787,-69.27717834814857,-45.17955816431574,-21.482671735745466,-42.63452250834929,-17.841892585841972,-29.006893025992824,-7.927606581596749,-1.6743926575847914,-0.3418601663056502,60.5902785826906,-2386.0715688424543,11.473282339444829,-7.442524270805334,-1.1206382123062977,4.740852929796674,590.8401976935726,-34.742653107398894,-26.207384664149693,8.673472342934744,-19.54622221548622,183.74437535864288,-93.62073261899009,-30.134763627022387,-1.181750186985785,1368.7127544196383,-1
2018-11-15,-16.72794317011009,-14.776382916499681,-6.203941044537006,-1.3397529830437476,-1.3397529830437476,-40.91038963111941,-42.857142857142854,-0.11548602693412552,-1.4958372747338362,-1.1290179735217811,-4.549217147915241,-1.782141192442179,-0.9847828459864557,-1.6584911594244423,-0.9366465639860254,-1.1827974527762366,-0.7721150452598541,-0.7423360956406203,-0.8512376363703075,-2.5250652219502094,-1.861191052143551,-4.822939492113389,-2.8272271649648526,-1.5851178462618767,-2.6670258528851636,-1.4255789858478438,-1.9310881583626445,-1.0002823508486447,-0.6788199926708762,-0.47541307373728525,-2.6781700031450137,-1.8071306426249756,-5.036170908250407,-3.027765893373024,-1.403176929712535,-2.8456351024404314,-1.1624496159092885,-1.905917627896852,-0.5131904554041905,-0.10776586437772462,-0.021912412357666413,30.72038427612935,64.27155362287057,16.907494562825306,-5.206886922867926,-1.1827974527762366,2.1142444950815937,1.1541946868888837,188.90802055389352,49.89813588211188,-21.73503069142594,-2.279638336593069,1.240626628745539,136.91406250004252,36.56968837392285,-17.356515721638335,-92.28097963594453,-1
2018-11-16,-1.7035464502936792,-3.7467749520214437,2.096588240317694,-3.217165287502649,-3.217165287502649,-34.29774670068519,-17.857142857142858,-0.07645250963412137,-1.74893216568572,-1.2604333935395426,-4.976249612639781,-2.2029786270382217,-1.2169943091443298,-1.8720273249371335,-0.9935258998804186,-1.289548634017702,-0.895537783878728,-0.5120108207300894,-0.9198591135193661,-2.6018070334264647,-1.9610833525961355,-4.341928051444544,-2.877617868486957,-1.6816708530072115,-2.7326962872003775,-1.5169269585306875,-2.0306592162306356,-1.065698190948635,-0.7120792309493872,-0.4897275949236136,-6.3654393114762415,-4.292683938616488,-12.524464237457778,-7.21063390688549,-3.336983323434345,-6.76886284362521,-2.767061601833112,-4.526545624544285,-1.2249457606757639,-0.2572023756779593,-0.05214594805392711,21.440568612873413,26.802775335110134,18.338578228424847,-5.1149375126054,-1.289548634017702,1.619981724339172,19.171106605686354,-46.27613409113807,0.3639428095326546,-8.331504802594031,-7.501175152936813,9.05865206487904,-25.886232481453632,1.4223170916370804,-1.3397529830437476,140.13122778750196,-1
2018-11-17,-2.941449260000265,-3.1993978846737994,-1.6729401923881313,-2.463621166863073,-2.463621166863073,-22.327406685620428,4.3478260869565215,-0.060072720168928694,-1.9058411859054718,-1.3334659094112613,-5.452961333281428,-2.346334596003884,-1.17496242270441,-2.2190807935023296,-0.9426183123413766,-1.523075927244507,-0.8658395983955008,-0.5670873564277469,-0.9554547774753244,-2.58658144025957,-1.9976301359058617,-3.7726634298039534,-2.8243051757249082,-1.7272090709021877,-2.700736629745604,-1.5643629133552865,-2.063774157574493,-1.1060511001663835,-0.7344501620877439,-0.49975071143391675,-4.811441884284305,-3.2254646404126652,-10.022440846414685,-5.472581538698704,-2.5039764857271347,-5.125640531443102,-2.0751573836020345,-3.4026728942697817,-0.9175142439186632,-0.1921586341521852,-0.038825483308202444,15.236396356839805,11.853165843607684,17.333553120441987,-4.891281258361518,-1.523075927244507,0.8689429158926858,8.668644906033606,-63.326384479099254,-7.916984788293892,-6.393136168128509,-13.136468870524375,2.369760960573136,-134.70522803116737,-7.993120793524071,-3.217165287502649,-23.422611314587353,-1
2018-11-18,-2.5705431859445973,-0.8020733869867567,0.8436126471005223,0.8766014834794524,0.8766014834794524,-5.8618024751479485,8.333333333333332,-0.056401909640464994,-2.0431463063928836,-1.434341923177626,-5.322144714149671,-2.4986939225120426,-1.1142694995094313,-2.1477236328378453,-0.9152888544465307,-1.2797128027150781,-0.8584201394672719,-0.4667579153346453,-1.0004905066270282,-2.2045194184968375,-1.789597139501169,-2.344427023246293,-2.345949597431247,-1.576707998939755,-2.2747993649191223,-1.4431709997681088,-1.8397987482344362,-1.0496048447395037,-0.7142320286123418,-0.49289975691030696,7.081944827613213,3.2099846393344746,51.65503743851922,9.493049711003836,2.091454824453119,8.156783577502063,1.5656274923681535,3.536515894685647,0.5806345397007266,0.226991938569755,0.12524506400763713,8.453368299930403,-1.7928688781111781,14.508028426958964,-4.1445886335128534,-1.2797128027150781,0.6386674828217878,-14.76370785698683,78.45250655799764,-37.38787296448703,-6.848977991852196,-7.232672998652231,8.89676306347139,-1887.3397435888687,-3.6716195909369413,-2.463621166863073,-135.5818295146259,0
2018-11-19,0.33207229928541554,-1.2953439124336683,-15.491036906854102,-15.531695632798595,-15.531695632798595,145.91636490407322,7.6923076923076925,-0.1459358287513878,-2.93103645008959,-1.8190710489646003,-4.289396270941297,-3.681457739054946,-1.674133380183283,-3.3266656109193855,-1.410343137061797,-1.960626561562825,-1.0912209471409438,-0.5341039531875105,-0.986050281646293,-3.72110958419056,-2.8112337996119776,-6.529124516390357,-4.1064964974430715,-2.4034161539670875,-3.9041380836175343,-2.1591189238819855,-2.911604651822686,-1.4699370746005849,-0.9031655019777929,-0.5687873784570279,-25.182795142132115,-17.833361382804387,-46.21826216384013,-28.07655572255105,-14.236801203058583,-26.56822123863049,-12.005236819966411,-18.689424364457853,-5.5731702031679085,-1.2005131720295084,-0.24262592831616053,17.591695244848452,21.8426750846169,15.437319269468542,-7.822944978438831,-1.960626561562825,1.778326907786515,41.536030071334004,-58.02536451854261,-35.884725615997624,-8.164090603301418,-7.09501576025662,8.656410178234617,-18.945575181566063,-15.112075953112857,0.8766014834794524,-1871.8080479569014,-1
2018-11-20,-15.833647548424038,-14.575090554471998,-17.52374931372388,-14.903965048223549,-14.903965048223549,-15.970366813575017,-25.0,-0.13059417914172192,-3.916283787414701,-2.3820464041706257,-6.7586645721898915,-4.386415832301379,-1.9721448420565602,-4.304400307855895,-1.8708287293620423,-2.488192897911374,-1.2435842554276775,-0.6269003353881318,-1.0008358926550394,-4.837575596733644,-3.59258362629492,-8.930738636964366,-5.3763962252485085,-3.044346756914669,-5.092488336850127,-2.7182632677870515,-3.7283443204034117,-1.8042034485797005,-1.0553329901042348,-0.6302388089513208,-17.9451855080652,-13.15150939975253,-31.01275694852017,-19.77777265076546,-10.701039533586965,-18.8253941992821,-9.136452247743835,-13.723216048771247,-4.404694305134981,-0.973234787986654,-0.1972524914588177,19.283096014108576,24.265537171811587,16.617908174350994,-10.887617683317655,-2.488192897911374,2.363549380676697,34.00331975252749,164.4519352873864,27.758635717044488,-27.299546748885582,-13.565840756161643,11.63354425614355,-130.97345132743746,-7.415893199765231,-15.531695632798595,-4.0416101333420125,-1
2018-11-21,-13.902669697522779,-11.185948661078308,0.09884213499011665,5.4247796183279995,5.4247796183279995,-35.954411070431,-28.57142857142857,-0.08421482573247992,-3.8655672207589484,-2.2636041703325804,-5.65646287517826,-4.142709095021901,-1.8866598010355764,-3.902134870572737,-1.6846606377887225,-2.3638115358274625,-1.2050762570704467,-0.5400217502328076,-0.99927233710128,-3.921389567838133,-3.078303710739476,-5.084085129544864,-4.233969487003555,-2.6632311561644118,-4.073732086872027,-2.4057603539675445,-3.1773346705234142,-1.64832715283112,-0.9947614633998548,-0.608010856209652,37.3782874822638,16.85340691780608,244.8393398342239,50.01205694460954,10.88020572841246,43.025059349003584,8.072629702300185,18.59457295732561,2.850392612317475,1.0498669440513717,0.5695997686754901,9.266362464396257,0.41862346761730823,14.30953007049923,-8.667991417584881,-2.3638115358274625,0.8062631376867585,-9.722535020944976,161.4000597293732,75.16925993495744,29.743769415908805,-5.172606419595203,-9.270970248756734,-160.14285714284227,40.02359865813829,-14.903965048223549,-136.39823094576153,1
2018-11-22,4.582771246868372,4.937659523678371,5.709046208411412,-3.0947349076541486,-3.0947349076541486,-27.480312786120486,-6.666666666666667,-0.06051550041079593,-3.8621978567383533,-2.386188776270882,-5.95878931919393,-4.751012523460893,-1.967039373519857,-4.08596051269801,-1.732465726244436,-2.5549085392676076,-1.191538179555046,-0.4233774758177009,-0.9453561024547535,-3.840409762446072,-3.0793230315598703,-4.492006885773526,-4.101321184462533,-2.6842625698270646,-3.969511397540698,-2.4343223824696243,-3.1719204700761034,-1.6817585526465946,-1.0156632927377098,-0.617693699652168,-3.4952187540498585,-2.5139111093732405,-6.941496254501472,-3.8967976071104684,-2.0358734640548444,-3.685771814123235,-1.7350549097869743,-2.627140192577435,-0.834923470777078,-0.18404065680078494,-0.03707666345297036,6.748407045808694,-3.8195472999159867,12.040090439154676,-8.717923961816316,-2.5549085392676076,0.25291391797276325,1.9308968442060543,-33.129655764562585,34.31368277062021,23.030713447222475,6.009880699856176,-0.8298137600323656,-26.603325415682104,-16.472807298486092,5.4247796183279995,-157.04812223520358,-1
2018-11-23,-3.3961082037296335,-7.221600055994958,-3.5820497178587747,-2.343972236445331,-2.343972236445331,57.40925721416499,-14.285714285714285,-0.0965704852013667,-3.9991074222941925,-2.548497593348215,-6.975043265664962,-4.955612096740743,-2.16239947154883,-4.619322467553612,-1.884349044798788,-2.6855823804713412,-1.2801068272150564,-0.46192589408636286,-0.8919020775868385,-3.69268069010045,-3.0337122834004684,-3.8433473702515797,-3.8945541524479745,-2.6677468389305634,-3.7948856923862295,-2.4306021932182804,-3.117607347810442,-1.6968445922137225,-1.0286067557854366,-0.6242479720833977,-2.6750874931440127,-1.896334393298257,-5.761544030721747,-3.0053437121091355,-1.5280242036400309,-2.830856697874539,-1.298830105747225,-1.9844668027573107,-0.6211794264416053,-0.13624463992501643,-0.027341625521990133,4.668507612608774,-7.576554604820005,9.932039834085622,-8.64681866309687,-2.6855823804713412,-0.212712704362371,0.31816735602924995,-36.56982330709236,2.0282370703274872,3.1301741170478103,16.596417862002895,-0.09578683909950275,360.2750809062305,1.046467061677726,-3.0947349076541486,-24.2593531792335,-1
2018-11-24,-1.7739628040057096,-0.8883272665547728,-11.402416117998289,-11.047674531507925,-11.047674531507925,107.77357409106389,25.0,-0.20502452106652466,-4.945356913512652,-2.940263205988749,-5.481135871190223,-5.793411485707393,-2.2766022109766837,-5.296862065552113,-2.0370627808644417,-3.2341679788973057,-1.4216081759940844,-0.5179503226141616,-0.9270971061324133,-4.42893771943339,-3.534320769997448,-6.05282015293008,-4.749758458839062,-3.075813143380226,-4.5857767492955075,-2.7857272728030473,-3.641971086744943,-1.9084656335634707,-1.1249382012308928,-0.6631384030497273,-11.65472437641698,-8.377914852779618,-24.140555202316204,-13.032577501431424,-6.806498339504865,-12.305329127549532,-5.818056026354233,-8.75138668061049,-2.833677769226707,-0.6293847863913384,-0.12631616290529638,6.115366655703666,-1.5702110144211197,8.892844948032078,-10.485023762010904,-3.2341679788973057,-0.480556777206617,-25.28239283710262,-30.255839864116908,-33.646409445905746,5.76955925112257,9.774531847756013,11.513171344404816,-146.73932149763397,-8.188435995392334,-2.343972236445331,371.32275543766553,-1
2018-11-25,-11.059326148169735,-5.954329210275927,-3.769247935728638,5.804916386499589,5.804916386499589,-32.94655572374137,-40.0,-0.13775383407062108,-4.769947311432434,-2.981864094661118,-1.2301708180050208,-5.665141599583002,-2.24285251802975,-5.183177215844141,-1.9700814532594517,-3.1193498547279437,-1.3481956459522364,-0.6747189417167277,-0.9099540699980183,-3.475445276850254,-2.996364716360117,-2.609554070007307,-3.5713104563764064,-2.6789285437816748,-3.5294449892760893,-2.461779808472446,-3.065318923168845,-1.7501662192676508,-1.0649956224895951,-0.6415285006026448,31.495203232041856,15.755387899230158,116.41379527012307,39.80760625458017,10.500516484624544,35.31964885669541,7.9020272874023165,17.22220637459731,2.8313044740506754,1.0233865615182463,0.5481421444987733,1.7192065122675344,-14.414299643941883,6.989443276997561,-8.438810539368932,-3.1193498547279437,-1.3022921523102287,-12.02572977208907,531.4468109838674,86.36086841207062,53.60163253042223,21.635777007835447,-10.115876866190547,-221.135765325288,22.346209983575836,-11.047674531507925,-152.5442378841265,1
2018-11-26,5.803493449781661,-1.0623014508002764,1.2035898981934525,-6.646033219849379,-6.646033219849379,-43.269640483807414,88.88888888888889,-0.07855082885422884,-5.260317494858958,-3.2267040172851327,-3.6261624596697963,-4.254866329420643,-2.429962847675484,-5.722731017105173,-2.1127129964155933,-3.544827392522766,-1.4656218047006224,-0.6339058818751608,-0.7843654471098421,-3.799252012918244,-3.225666088230078,-3.8829427809483397,-3.9479891994622482,-2.8716758114586,-3.876938193709565,-2.632938075506265,-3.30389204655246,-1.8583689203422737,-1.1166232442876722,-0.6628912552828283,-6.6792294026888435,-4.762608643612003,-14.773727004967284,-7.513379155998483,-3.867359031184799,-7.0708256014528725,-3.308025071664454,-4.977092258077703,-1.6202556574503468,-0.3611221934703345,-0.07213978057254526,2.157071874386016,-11.670557054272725,5.770416334998245,-8.715837829582407,-3.544827392522766,-1.9061974400946968,2.950673644360344,-60.2732035928144,12.284975992878131,-6.058907328996453,14.289917923624037,1.009294956238044,-110.33840422230024,14.135161565612542,5.804916386499589,-214.48973210546103,-1
2018-11-27,-7.072103677411365,-6.0598003926701445,1.2969752520623374,0.7360091945893378,0.7360091945893378,-22.965842494508003,-35.294117647058826,-0.060703180630888975,-5.38712611573816,-3.4191207252066813,-2.9350827312598358,-4.250592754713525,-2.4523832141924027,-3.9647152549342235,-2.236657032074954,-3.679262941164261,-1.4944210958395654,-0.6701583979040476,-0.7028228672996361,-3.34977994470204,-2.9855591580947634,-2.4676899261685685,-3.3902794936667995,-2.7032029071140564,-3.3774208501426264,-2.5008100859998996,-3.0440278920585873,-1.8038281499477937,-1.1004437134604816,-0.6582140316673838,3.282176174809933,1.8134919943096763,8.702194535757979,3.9608690040771894,1.2538284157199127,3.6014101605634363,0.9612274682040234,1.9626986266408568,0.3561699115938547,0.12912014654083362,0.06891616481623887,0.3151101153197786,-18.592732587784333,4.441259115168876,-6.932978530893272,-3.679262941164261,-2.71977631288393,-7.6826014853270275,63.91095124585462,31.678344424455133,13.695870353042721,16.099032160552674,-1.7210135535684137,1409.0090090078938,16.333156240903932,-6.646033219849379,-111.07441341688053,0
2018-11-28,1.3013257533699079,13.471795876602876,3.067456906302303,11.025297847598575,11.025297847598575,197.04435906605414,27.27272727272727,-0.17531812540659775,-3.135405071757454,-3.22888687135728,-0.3774510011116615,-3.3304711321964775,-2.2879735439269555,-3.3190390494858613,-1.8937689482059372,-3.21120297218186,-1.3712696701994007,-0.5308260043222497,-0.6942014994502022,-1.8648960352494626,-2.1038225409886304,1.8023796416194564,-1.6005498910255367,-2.039443390231414,-1.751412900372533,-1.9527133748651788,-2.1037437969493387,-1.5271497529785139,-0.9925800004523484,-0.6186019645190813,45.58911096312624,25.911621419101017,107.36398194009983,54.349790418139044,18.148613693746622,49.73696080833157,14.023477997750847,27.9553887629367,5.313847547809233,1.9534183764062363,1.043167134466806,-3.8962759708477694,-41.442092910644135,2.4901158874293814,-3.6466658873465203,-3.21120297218186,-3.088351103060112,-17.186706759870304,219.81648894549838,52.84697742580507,76.23534600238358,29.33747482300795,-32.468136240748095,-119.92039800994398,4.473314525836253,0.7360091945893378,1397.983711161412,1
2018-11-29,10.870947234583578,0.4585483778131715,5.467275361046486,-1.9781826805264653,-1.9781826805264653,-12.199758602984227,28.57142857142857,-0.15298817731623074,-3.2340125841649017,-3.167874868317714,1.610138569501152,-3.322521501792639,-2.3835416341156055,-3.2357707600137635,-2.009194044227405,-3.285916121356372,-1.4011878246578016,-0.5603351861177219,-0.7511749125177382,-1.878135138644503,-2.094855320797288,0.4975697432412409,-1.6534497303766962,-2.036086474991855,-1.7803436041459704,-1.9538820338986673,-2.094226867776275,-1.5381168545909982,-1.0024115763763062,-0.6237515935353827,-2.215136907760635,-1.5418395638885882,-5.5497730339120155,-2.5251144523901297,-1.2431707512404366,-2.3593586370956827,-1.0601241752916282,-1.6146905523679267,-0.5171062179142849,-0.11479191067564447,-0.022724364652201772,-3.6935833835918648,-53.35953911069515,1.1331839334151514,-2.765399730371109,-3.285916121356372,-3.431917100038353,-47.87324342167316,-11.599235724476896,46.11061828231271,39.22777015526953,43.22329225004757,-0.04184721460971599,77.82217782219834,4.353206300374749,11.025297847598575,-117.94221532942379,-1
2018-11-30,-1.7419329326162605,0.0057295645530864425,-2.414001207000592,-3.5886373258603737,-3.5886373258603737,-49.66900099088166,5.555555555555555,-0.07735642897243625,-3.2584371519593742,-3.2966843827564944,-0.2689058787668877,-3.819500839153262,-2.6363661984863063,-3.3413997179625787,-2.1108987596000195,-3.7056429631919374,-1.1450022733170673,-0.5510431771905722,-0.7405956966337602,-2.0778270380462347,-2.2015972010374774,-0.8779866573640349,-1.9236410220159519,-2.1212121971464675,-2.010576371404416,-2.028874185479783,-2.2076302521240003,-1.5877534905805208,-1.0279553953495524,-0.6348285145753707,-4.049460279378147,-2.7920943062282664,-10.588529061352245,-4.63875067722924,-2.2441398923670413,-4.32287508192917,-1.9107527962504307,-2.926609164154838,-0.9292049290458109,-0.20574255757867965,-0.04059451907930978,-2.99517619742462,-75.85819532615457,0.27050572439268566,-0.2733186988779292,-3.7056429631919374,-4.675029292848382,-65.67758277546584,-31.66168657288878,13.267097527830469,4.321752054306562,29.902530624829932,-1.1922267414467602,-190.61797752811813,-6.326682576757987,-1.9781826805264653,81.41081514803747,-1
2018-12-01,-3.432940939732366,-3.6838989362717953,0.17699869916617147,3.372995127663586,3.372995127663586,-27.147988448873317,-31.57894736842105,-0.05632822626660957,-2.9115725302837356,-3.4546050523867917,1.7542757855513247,-1.8576984141437252,-2.5769471289729715,-3.310571367271585,-2.0638567920254163,-3.5983280302455816,-1.1686122476228704,-0.5668087735582804,-0.7428060307366553,-1.4512910723413632,-1.8089005504566664,0.513904839728463,-1.1966780294882755,-1.82448342581056,-1.3361762149846512,-1.7850160450244754,-1.790124716345428,-1.4701109143147868,-0.9856124014985439,-0.6203002500932558,10.881656627648976,6.959594608812656,21.32449441870468,12.42499884831922,5.152690440900251,11.62369886652631,4.11005237620486,7.406237256894274,1.673011297540015,0.6294597169783416,0.33590759313064567,-4.632282384493589,-367.1228078544074,-0.7206331325293053,2.805300581667906,-3.5983280302455816,-5.4904076301627756,31.286241433842726,33.718292266951906,-7.724154875426693,20.62639036707969,19.56020142136568,-13.222539436608752,-94.66831990079032,16.273017577405042,-3.5886373258603737,-193.9909726557538,1
2018-12-02,2.567254995936577,-0.001982789388113178,2.9121253405994576,0.17396933284784308,0.17396933284784308,-10.12191504812167,15.384615384615385,-0.050432276831463056,-3.073066682844568,-3.4550858048821356,1.6224000658341384,-0.353403980391558,-2.732228489804257,-1.7040037584492276,-2.129571402489992,-3.6501458981620187,-1.1791251709545638,-0.5935161409014957,-0.7401847230829295,-1.255333022462214,-1.6618477574257513,0.39943432857662214,-0.9998561157615115,-1.7108378834010305,-1.1379709710179235,-1.6919366121159956,-1.6354591670327285,-1.4292056292249256,-0.9739645658233178,-0.6173053489939113,0.5382416543338572,0.3535445522453025,1.0018117075807595,0.6090156938101551,0.26539649132721627,0.5723782415781395,0.2134701383247159,0.3750033209898055,0.08868338890919694,0.033617644486158824,0.017931823473260187,-5.0051867302987265,113.90562667433586,-1.5526638281420666,5.8674698584846965,-3.6501458981620187,-6.709156989115199,-35.53503312587849,-9.197480635133145,-6.5547376007276625,11.66196792404488,12.271253926782272,3.6386261307216805,-3658.1395348724,-7.720870690932063,3.372995127663586,-94.84228923365389,0
2018-12-03,1.0666179069909139,-1.2809073424146902,-4.5589938772133,-6.179321486268174,-6.179321486268174,0.1631551097278567,13.333333333333334,-0.05109403042559391,-2.019257988480481,-3.7497941312897605,-1.6770724517973252,-1.3466822185468244,-3.0079911472036907,-0.8025519751652711,-2.311011161007644,-3.956402548313922,-1.2361363409436472,-0.6316897502121889,-0.7362879213070396,-1.8576129836686,-2.0031251623660538,-1.8109331191156037,-1.752434441134712,-1.969818903917055,-1.8084243613129023,-1.9091975229561968,-1.9998544831045424,-1.5493123309610497,-1.0268577696185408,-0.6384446641416961,-7.596141236452532,-5.094989483726911,-21.888117814493345,-8.819788997310345,-4.054830701243222,-8.160281012495558,-3.4349859920979857,-5.354835019222611,-1.6522011738803948,-0.3623698784822649,-0.0707604301580602,-3.01954393847116,15.875468410523426,-1.8275319106244117,8.367071662787502,-3.956402548313922,-8.451194152948743,56.80473372781118,-91.16417384952412,-25.137160683543364,-23.20881058966712,0.9661629638979298,-23.171219751342985,-127.84313725491263,0.0385991768264333,0.17396933284784308,-3651.960213397519,-1
2018-12-04,-6.5874643187392,-2.3761222809166984,-0.15821413090593126,1.8338355574687875,1.8338355574687875,-22.81363300050131,-29.411764705882355,-0.03944438310008344,-0.6247223375620041,-3.7340285797184563,-0.9426114744107091,-0.9298917557262183,-2.8467693295025445,-1.1147713879005612,-2.4152537060379644,-2.60638797767742,-1.4012026905306627,-0.6105780412328198,-0.7777399054916647,-1.4259744997154977,-1.7256107154048652,-0.6408246685391752,-1.254827388430233,-1.7588358419740053,-1.3455991882665905,-1.7358641358900595,-1.7055231700933378,-1.4677923937182749,-0.9993026770885104,-0.6295723573296894,6.122951343761491,3.8476203275554446,15.008908055239797,7.089198826445757,2.8409199306809088,6.580292253029716,2.263973285461297,4.098874755672655,0.9164290844754581,0.3396194918726724,0.17937388299653514,-4.224434874465803,22.006603280402164,-2.2712168201662952,1.4616686712906908,-2.60638797767742,-4.3627257701482804,-129.9106256206554,284.55145131829534,-34.77762650934659,-20.51446498736744,-10.707122053696937,-61.68989663505645,-583.2159624411399,0.590423279781766,-6.179321486268174,-129.6769728123707,1
2018-12-05,1.988422389119631,-2.4380709406633168,-6.234397725052655,-8.701809266148128,-8.701809266148128,28.743516160324994,58.333333333333336,-0.05159580478448536,-1.6391933766068982,-2.854022138700489,-1.9231168960743812,-1.4376352113237114,-3.0945938341770045,-1.5134874331024626,-2.63982989497906,-2.9603863491202835,-1.4887028006905831,-0.7149543752546907,-0.8164875848266031,-2.3048670369567152,-2.2484507373782354,-3.2931595729398286,-2.3204417608664634,-2.1580359389950896,-2.310484731187759,-2.0701635918662897,-2.262003756547213,-1.6479432206125755,-1.0756188349008622,-0.6592594521380916,-10.291547699867493,-6.901527909319818,-28.323829563048335,-11.945169123187258,-5.495454071989333,-11.054956760952123,-4.658808444460518,-7.2533114733786235,-2.25012106707446,-0.49437847851614375,-0.09604587608455317,-1.3389162333661448,-9.548617557538844,-2.1020900345457525,1.172546447708908,-2.9603863491202835,-4.853402018687125,-449.93359893758316,-100.0,-70.02108566402529,-24.5626256616506,-22.686300926098877,150.13496579578535,64.17294146223355,-25.42809178477442,1.8338355574687875,-574.5141531751675,-1
2018-12-06,-8.800877766758793,-8.424892975389609,-15.647644403287405,-15.647644403287405,-15.647644403287405,112.80875753851431,-31.57894736842105,-0.11351726173535598,-2.42030231870751,-3.444795064216481,-5.509471390846996,-1.6466416067847796,-3.760588707188374,-2.4267886265333267,-3.1376933809545835,-3.4610511003654074,-1.6565865704922256,-0.8764962885884721,-0.8749953837160183,-3.81108711181243,-3.1863737198934325,-7.13084953762966,-4.102891358081353,-2.881774127124233,-3.9454150329635183,-2.6776295709093865,-3.2565394149709626,-1.9715772892774535,-1.2088675937585354,-0.709919245820993,-15.327994637008057,-10.610519054236669,-35.81517932788324,-17.52234720785935,-8.566454975966419,-16.349732301065465,-7.324559816404837,-11.113776543657714,-3.631150997653888,-0.8130867517459215,-0.15821901734485702,3.215854142203182,-47.380876629113,-1.1298518518271377,-1.7096218935882657,-3.4610511003654074,-4.314068460229979,67.13472485768479,,-20.637643273574884,-43.53905986092402,-27.624029932989842,25.540803753892362,-91.06376682941608,-16.48996826281334,-8.701809266148128,79.82058586551695,-1
2018-12-07,-15.566146869649724,-15.065401621223298,-7.723130969370944,-1.6577011746624226,-1.6577011746624226,-35.02628754932483,-15.384615384615385,-0.07510661269317255,-2.3841343870630167,-3.4008997050417613,-6.140236763366761,-2.2572351058754614,-3.8476572235062076,-1.647307146644009,-3.2915751437817256,-3.4680039553609356,-1.608775420954708,-0.8790855191265644,-0.8348908788347903,-3.59791211598587,-3.0931419976573378,-5.586632964331298,-3.8152292874267615,-2.824733286011643,-3.6991420840187446,-2.6380786151463584,-3.1529628936044425,-1.9653336337351965,-1.2123719467176033,-0.7126407459112671,-1.4463577745413077,-0.9835621469324571,-3.6985844480828054,-1.6680291042642972,-0.788691612217626,-1.5490650889446382,-0.6718138702977722,-1.0320483255984816,-0.3298860325204741,-0.07333210585382728,-0.014207495595589223,1.7705830628758874,-49.57127932399543,-0.5762809554575344,-0.5706662387978405,-3.4680039553609356,-4.917534323346998,10.638056312443243,inf,-30.86277681092432,-53.571976232778184,-36.795424822562644,-2.2276630264167916,-331.9536423842457,16.395859802056204,-15.647644403287405,-89.40606565475024,-1
2018-12-08,-1.4742149394420914,3.0475570739113933,6.091249776931753,3.9099129269926114,3.9099129269926114,-11.700375828625248,0.0,-0.06567363493473655,-1.3368054201978807,-3.217469920622283,-4.409874065046545,-1.4644427951461667,-3.8439974244664934,-1.8861492630550634,-3.1417998190319736,-3.5136338138094145,-1.5877399230983396,-0.8167919490972022,-0.7282233591799282,-2.8397144376587478,-2.659708355857857,-2.7957377589151533,-2.88602654283234,-2.507135095024127,-2.862661371344056,-2.381602675591942,-2.6883487973386417,-1.8480958917729378,-1.1725590272528759,-0.6994936967222165,12.9667196664245,7.560771832497541,49.329341874490105,15.627554294249467,5.434496452062177,14.193162197893939,4.265767006898083,8.112015871091298,1.6467453639895018,0.5799781312414453,0.30029127603478256,-0.8457835424952119,8.507382981068751,-0.6289317975574096,4.557861808456861,-3.5136338138094145,-7.736392928606871,37.188301693176115,76.29546103891758,176.2954610389169,49.13431600069455,-33.34145348233777,-38.04682548936196,-20.199857244820933,-0.2263860882399962,-1.6577011746624226,-335.86355531109905,1
2018-12-09,2.9869840916675896,3.7020470452033853,3.563218390804601,3.002712647382701,3.002712647382701,16.80044198675152,27.27272727272727,-0.0760605904767552,-1.5984650689391346,-3.276060776082812,-4.480320787168542,-1.34057359333462,-3.8399088630796885,-1.1797688385617862,-3.1012326839124826,-2.349151981833754,-1.6485519349847342,-0.8603642851170887,-0.6065656163612164,-2.208713788562731,-2.285596407936599,-0.9741022731514186,-2.1281445685410514,-2.2301942710583855,-2.1729113872043357,-2.15711406449051,-2.288591661203828,-1.7456218812754623,-1.13843781379504,-0.6884754507320101,9.200534139670037,5.629478458359506,26.32752461356766,10.83717817740951,4.127994326530116,9.964448554895428,3.277355668734746,6.009445045562888,1.300263317579909,0.46331862022224674,0.23996678685717093,-2.6684514298446316,62.188171822728975,-1.0265090261403857,-0.19364165223378038,-2.349151981833754,-3.627116113714289,-15.850100979878826,42.208957927292,90.73907225035666,25.19818167304727,-6.172740311677056,23.845219808937536,-236.04651162785277,-2.746862332346328,3.9099129269926114,-23.202569892207777,1
2018-12-10,3.6213880637320957,-1.661888209474021,-0.6063723234346714,-3.9659982790539874,-3.9659982790539874,-34.40671961693814,35.714285714285715,-0.050085714352437395,-1.3513904191655188,-2.4119254909901016,-3.3316409051176312,-2.5897099833206907,-2.9213330638367694,-1.514962571920452,-3.416858859084236,-1.5946804437277469,-1.8012593327052642,-0.9693145195823013,-0.6666338796725685,-2.4086203666025536,-2.4026278766415925,-1.9517803996359693,-2.3770767459297626,-2.3221104536192483,-2.394928707855095,-2.2365092201481733,-2.412798266457584,-1.7947944564882827,-1.1625131756151363,-0.6985923303453726,-4.030486927573864,-2.655608557205925,-11.81254090162316,-4.719614082921762,-2.10427691409613,-4.347486382970779,-1.7810734153383225,-2.7953351637843413,-0.8617719801209822,-0.18931377943503608,-0.03628200481487778,-2.08474478366993,18.53340333936063,-1.2293757371772396,-3.4709130320123864,-1.5946804437277469,-0.44266424470317084,-2.3022222222223188,-4.515030938874258,26.449240611866514,45.42445029347874,39.354798547697285,-11.976619932158496,-63.0506245890959,1.1808544552555293,3.002712647382701,-232.0805133488531,-1
2018-12-11,-4.175028015949525,-3.6611796274317654,-2.5056513331699137,-1.5259299484116209,-1.5259299484116209,-0.8188756587787641,-21.052631578947366,-0.04992062806459903,-1.5156202173870468,-1.5920537358333733,-0.09096717601066166,-2.573814005115571,-2.9741370139482286,-2.5208088958139525,-3.4806559164336317,-1.9890174930948614,-1.7614978556484244,-0.9528583550155136,-0.6195002019467252,-2.3098089808690574,-2.342548366749056,-1.8154816628368198,-2.263667676759658,-2.2806597802211668,-2.2890625086998986,-2.2058723711411843,-2.3481737001068215,-1.7889718110582198,-1.1655197310910521,-0.7010620817988674,-1.5705540330728167,-1.0174966320675773,-4.9769212649741625,-1.854161612122528,-0.8009546023357507,-1.7005180433195517,-0.6754388190891241,-1.072866570277945,-0.32373629556850203,-0.07059988300966581,-0.013471189062667262,-2.353819166902224,15.939098054757633,-1.4430678676228494,-2.492781042020083,-1.9890174930948614,-1.6891125781206071,19.788918205804777,39.61002777118692,23.69698238861794,43.60827050860683,39.646185001122774,9.778160988532248,-350.17793594321137,-5.514662640847309,-3.9659982790539874,-61.524694640674596,-1
2018-12-12,-0.5983301150425764,2.8683146308149725,0.8855490683576775,3.8766957097165475,3.8766957097165475,-33.947108269344156,-6.666666666666667,-0.03277886496378575,-2.1372304284214874,-1.7647592101435066,0.9982982321124921,-2.0105331568560643,-2.765194945147239,-2.151750067202705,-3.462749862830162,-1.683827007659243,-1.720214948000921,-0.9295221422176324,-0.6436326307699533,-1.6117134566218962,-1.9127839016962498,0.011743292264769927,-1.4393336242526704,-1.9576202715959983,-1.5320494640324396,-1.9417971504074254,-1.8907588454391233,-1.6659450518403007,-1.1239574803922099,-0.6875101697839886,12.382345134131384,7.4605894957220755,38.68277652229527,14.717210407649741,5.446842827542862,13.465686613281012,4.31496040347363,7.974407256344154,1.6981573256552605,0.5961340625187026,0.3054312809003052,-4.191160136659955,33.89564549035378,-1.9604963287841621,-1.540003014110315,-1.683827007659243,-1.7687496190907048,-10.025824092359057,17.176795021152184,17.094231889508784,26.49611838962494,36.14103704717571,58.29650819045868,-202.6315789473331,16.886496694743595,-1.5259299484116209,-354.05463165277615,1
2018-12-13,3.2887356699225747,-0.4165581879718834,-0.290745971091546,-3.830227743271221,-3.830227743271221,28.58094032606661,0.0,-0.04226298906656495,-2.25857184606574,-1.7706009419597095,-0.5376805683745235,-2.669726718498805,-2.8152394882583422,-2.136933362342033,-3.6085754424679575,-1.736210638384989,-1.8470231704737772,-0.9643573384199325,-0.6641052409932774,-1.8760191181265504,-2.0531044499348248,-1.2692144668545493,-1.7776196096760493,-2.0617110957664,-1.8297117522627062,-2.0286483651789395,-2.04165252489337,-1.7155901830784328,-1.1473930695463441,-0.6972413916252189,-4.253285309717172,-2.7169220408045724,-13.800137226090706,-5.051232645961008,-2.126375739084356,-4.618384802005106,-1.7874989734122604,-2.8690725561771395,-0.8504319046502722,-0.18424757256099647,-0.03491156778684552,-3.3211582702990254,10.559632237059438,-2.210861387460453,-2.0838316921576885,-1.736210638384989,-1.5304756224031957,-13.650177275029545,-77.5826941250244,-15.706178810494709,-6.357156076386783,16.486236349966525,1.682321041541101,-48.995148995157436,17.191555941957954,3.8766957097165475,-198.80135120409756,-1
2018-12-14,-5.0038409578554255,-4.248366013071899,-2.818739759504574,-2.0314095663934215,-2.0314095663934215,8.83030294511203,-28.57142857142857,-0.04626678771241943,-2.1303255979550606,-1.7478946063250007,-1.5408353744726493,-2.9137287001757555,-3.0095034770941367,-2.6261549128068995,-2.7243801980145306,-1.1935519717742975,-1.8242866019453587,-0.7628126565582635,-0.6056244774213142,-1.8941630741283082,-2.051545601630178,-1.5167473325062528,-1.812777776837703,-2.060057168833232,-1.8553034921734723,-2.0287730209568826,-2.040870157432042,-1.722678700506626,-1.1548406557814386,-0.7012422195265497,-2.271539433416039,-1.4309764959441993,-7.788622320322721,-2.715285920799138,-1.1137248910477198,-2.474038883140747,-0.9333088438516663,-1.5132823858105473,-0.4404878761105676,-0.09482494880882891,-0.017892424137469415,-3.173809634069744,5.537258839701818,-2.3860344187263065,-2.9702631266894803,-1.1935519717742975,-0.14793760488228938,15.524489197379971,10.898788914627419,-29.11102427034053,-11.762552467009511,1.3107040722130825,-4.000950862460331,-143.88586956526672,-7.935814642116172,-3.830227743271221,-46.963739428755666,-1
2018-12-15,-0.9843288160169515,-1.7228668941979515,0.2228953534891942,0.9099873221580613,0.9099873221580613,-33.55483568564137,10.0,-0.030741356976226285,-2.4045024378786817,-1.1105341749435984,-0.554526624949316,-2.277255053849938,-2.122279966299194,-2.6511259836273204,-2.7085271742105106,-1.4816402895565561,-1.8460802692475475,-0.781214436774322,-0.6627625749440114,-1.5671982897620278,-1.8387060334709837,-0.7327519855816489,-1.436426099592863,-1.8978979143107577,-1.5050685634526637,-1.8961048197845245,-1.8154589309942317,-1.6637745431517015,-1.13759933624356,-0.6964752787821156,3.0284948358611388,1.8024972858580943,10.270705209334109,3.6276447784677237,1.3120416040730494,3.3050369722989728,1.0378771644089262,1.9284407251811175,0.40551872460331956,0.14007217850167542,0.07098206208831687,-4.005594363195733,9.56973323274026,-2.6782761379190343,-2.199162986116841,-1.4816402895565561,-1.071305659905271,-37.5729880680376,81.22630616986237,-37.30785405320859,-5.472195413860133,-7.924654185191766,16.406182971414314,-259.7523219812222,-4.481559260543041,-2.0314095663934215,-144.79585688737583,0
2018-12-16,0.7660029851586961,3.0282824915263675,0.6158759124087418,-1.4406164498297016,-1.4406164498297016,122.99169721971926,18.181818181818183,-0.06838511489350017,-2.5726719200948343,-1.4799881717879204,-0.5322724617876851,-2.6298790168062687,-1.424142768719319,-2.217695052023785,-2.649621331983214,-1.1822568715261927,-1.8756198508630777,-0.7888142707530049,-0.65901448428732,-1.5520673679876849,-1.8092949858068745,-0.9652233546534444,-1.4370190955239777,-1.8722165423929789,-1.4967052942138002,-1.8749539679510603,-1.7860304972465373,-1.658650846155759,-1.1401819340693196,-0.6987124908773787,-1.7767199748356173,-1.0820279860866346,-7.022848996240672,-2.1580728989030225,-0.8308231621949913,-1.9496132023455344,-0.6909280507896242,-1.148251164131832,-0.3196393949747533,-0.06774238006886263,-0.012667295664514584,-3.9131072132779674,5.307981365873233,-2.898056491727803,-2.5266751823997944,-1.1822568715261927,-0.42218048517506424,-84.62789751931675,-62.621359223300885,-6.039974108434689,-24.669553487522478,-13.682379304980335,2.582414737293427,-772.093023256184,-17.27210309530717,0.9099873221580613,-258.3117055315941,-1
2018-12-17,-1.1179117408680517,6.231798080034518,-0.05951031512128821,9.823806016656276,9.823806016656276,425.6566985302843,30.76923076923077,-0.3538736711547474,-1.428207942619055,-0.7388420471197418,0.6071349434965603,-0.9951311661587926,-1.3855579605153887,-1.7362600284159646,-2.3413584126089906,-0.8191414598456119,-1.8729020563321788,-0.7089143258620687,-0.6580340141430185,-0.19071638427992624,-0.9466089267408008,2.561017639501092,0.15649442350175516,-1.2124674382687695,-0.02692581754216691,-1.3293110706453015,-0.8713505394572102,-1.3944297831808603,-1.0470204613641223,-0.6673135772207941,31.986490713877668,19.33780543260844,91.04294188510194,37.9349887677542,14.147406638761383,34.7542229761814,11.221853977466832,20.660641083622693,4.413044144089776,1.5246729295615684,0.7685100629966176,-7.797750249392976,26.015902256352565,-3.7610081775947752,-0.8265724950233816,-0.8191414598456119,-0.8150290602612499,-359.08289241622487,851.5853834872163,156.06188107246012,28.804855750559827,-3.1160090381412533,-46.80250673538588,-83.76585928488416,47.54339637870879,-1.4406164498297016,-781.9168292724661,1
2018-12-18,9.259206918967791,-0.10153572788424514,5.4385119233277655,1.4521537271085916,1.4521537271085916,-43.773754716439115,35.294117647058826,-0.19737808689418374,-1.5033528215892422,-0.7178975397867423,1.707999295216299,0.6580501544612029,-1.2032298071940537,-0.7988664453339211,-2.402004147941272,-1.3672901108367757,-1.7572160471293312,-0.7258586683696434,-0.6952542349401734,0.025612315705116854,-0.7493795046698557,2.172936949892225,0.3575396340710943,-1.045369751628056,0.18402980753225207,-1.1849165966086075,-0.6685431222691565,-1.3214753674567654,-1.023451961676893,-0.6603211821972501,3.664865477568364,2.530330240340527,5.536811888101409,4.082490247351098,1.9568425518910213,3.867780850935692,1.6027516198230483,2.665903208324646,0.6824330257508906,0.24492743700549943,0.12430485416117627,-8.376151666614092,16.165903394647525,-4.539749475256253,0.9369073323864021,-1.3672901108367757,-2.642304636025996,-28.522804628999065,14.90995762711867,62.612593164446785,60.0273077656251,20.294239316590467,4.980204254046286,-149.37833037293242,15.047710775027317,9.823806016656276,-85.21801301199905,1
2018-12-19,1.9349665002457657,6.751365773091093,4.698130966787679,-0.7067856507258548,-0.7067856507258548,-34.72663245546659,-8.695652173913043,-0.12752207241864694,-0.7919382976769881,-1.3372043200026202,1.927262096817884,0.7273145776588509,-1.1308011507992481,0.5461108110756857,-1.6369576535727584,-1.2973050106038142,-1.8238184228211631,-0.7156099286835879,-0.7743031703748902,-0.07220327772642814,-0.7457996994142904,1.1722002376999867,0.1905888131893512,-1.0236013432758615,0.05536786670133911,-1.1594329315644696,-0.671952392484295,-1.3052788282866519,-1.0203909411548686,-0.6604777342357674,-1.013232904030727,-0.6116382721370941,-3.752956177274358,-1.23233991855953,-0.467268210821983,-1.1128081969825165,-0.38742300754898934,-0.6498543070170181,-0.17788107200354075,-0.0373885762424897,-0.006920143994665904,-7.973026203439683,7.152375525868935,-5.095785291700385,1.0101531959270218,-1.2973050106038142,-2.621064221001415,-66.4761904761904,-41.78799548097053,25.012389041057066,19.096313271436614,33.4503396372303,-38.49010915223648,-1116.9064748212004,-13.866358598448722,1.4521537271085916,-148.6715447222758,0
2018-12-20,-0.7765511990864121,-0.3094353994096881,-0.24915236823178838,7.238509793880434,7.238509793880434,39.24306819006684,28.57142857142857,-0.17619977553938634,1.050078283470988,-0.9060167540913756,3.220769287967825,1.041535979926497,-0.360772848257506,1.2546869296877405,-0.7498915573444143,-0.7401822102022915,-1.7520504974768776,-0.6995098954134477,-0.806366885125843,0.8979803951033477,-0.07449374021753241,3.241160362628312,1.2862287305166404,-0.49070950344602177,1.0849381005280254,-0.709785326204343,0.03300741295902095,-1.0787922771011902,-0.940304229733138,-0.6338762000518169,18.099068665432586,12.65408406844698,25.531433373851208,20.02621893448434,9.835606890799799,19.042942930729794,8.080244888639385,13.315311257146863,3.467762288756197,1.2459330438010237,0.629120561552114,-11.563224466868984,13.820259353386403,-6.111463071405475,1.0726735196465857,-0.7401822102022915,-1.8189759076257652,617.6136363636332,70.88229125004416,5.07646239038099,26.899047857591853,31.47985470195085,-262.39633235193804,-114.39688715952259,30.078102906433674,-0.7067856507258548,-1124.144984614031,1
2018-12-21,6.887644185273283,5.162122152714764,5.01094373632032,-0.9717778520605619,-0.9717778520605619,-36.468341928423044,29.629629629629626,-0.11090422377529098,1.0767563359373051,-0.7516713019335688,3.1763592018194924,0.6926691041641637,-0.6449880552641476,0.8688314401464886,-1.0045117638108558,-0.9993332755756547,-1.7822984303765135,-0.6767923942789128,-0.7645424421200775,0.6342574136569044,-0.15545691511423884,1.7486734355790932,0.9145802229071789,-0.5241476319054678,0.7722004507998409,-0.7249360227244072,-0.0629863903554997,-1.0757169196156264,-0.9406346287329987,-0.6351043121027464,-1.5104199855929983,-0.9142135916074856,-5.147385766136278,-1.8301872264393382,-0.6981296304342337,-1.6563205400662113,-0.5785833000007554,-0.9713364774494616,-0.265329705552875,-0.055593657282892256,-0.010224578710000895,-10.79177496029716,4.524727272335404,-6.803801951450536,2.2634638407995196,-0.9993332755756547,-2.9981428569384168,3.0680918448138437,-27.879668318152074,-10.966453305246377,17.689617450450893,21.032091415413905,4.849310089699862,-497.29729729761345,-6.906715772984416,7.238509793880434,-113.42510930747267,0
2018-12-22,-1.0887251148545272,-1.0966306420851815,-0.3800789583384307,3.8987341772151907,3.8987341772151907,15.418993603374979,-20.0,-0.1275081534210708,1.1060622936398372,-0.7568868106923651,2.155449716978804,1.3788912058802272,-0.19986050628233287,0.9626708684952008,-0.7558529791852514,-0.8152477196400172,-1.7791715976331248,-0.7250154837275004,-0.7851212793331173,1.0873523796088647,0.20736742658512097,2.4899946041485004,1.3965651741083889,-0.21810507259300882,1.2393836428170142,-0.4582198487301243,0.31206121453248836,-0.9326120144432829,-0.8898486114019898,-0.6186817949483597,8.607564050070529,6.411186505822767,10.295265760349304,9.277574249600843,5.136179216458872,8.944432917638432,4.299165986653173,6.697664293416569,1.9403407249729123,0.7138173942627911,0.36078398967375047,-13.253503429256162,5.7056065619762455,-7.717053133766017,2.8711930156359564,-0.8152477196400172,-3.1960814075440838,4.052237372767486,21.758855755024275,12.700770663932134,0.07836227625575283,13.146725511984265,2.4916300011545363,-50.03092145948433,5.266062049867397,-0.9717778520605619,-501.19603147450897,1
2018-12-23,4.5407262258993075,5.006772112669595,6.114311032343819,1.8750580154089,1.8750580154089,-10.619009047617551,10.714285714285714,-0.11249590920541985,1.0360807803187604,-0.6758349327291662,2.22957766419157,1.6577069690157062,-0.15605821334280987,1.421891497812886,-0.6001063519617978,-0.32734731038150566,-1.7769746850215107,-0.7941127164714534,-0.7542942288395206,1.1997230683328892,0.36211301704147564,2.275055817545389,1.4757559706815502,-0.06729231957131483,1.3368645492591253,-0.3177335993995635,0.46531730668857385,-0.847901959262529,-0.8594307958443727,-0.6092383528650656,3.861880137551156,2.9811402286579227,4.0192985654831155,4.098272236566381,2.4287533679394513,3.983833542197229,2.054366015472418,3.1018752346054925,0.9546415030522732,0.356504849460353,0.18041986605645516,-14.62829500820701,3.2833138783531237,-8.63694591576072,1.0753849882947535,-0.32734731038150566,-1.2900616446713071,41.546696197859035,-14.85016206879625,-9.705364219527887,-6.147340882082954,3.142261470629685,-3.5089240552062186,147.40099009896093,-0.4887952147711096,3.8987341772151907,-51.90597947490163,1
2018-12-24,1.5434812792150876,7.378339381749805,1.788448155880308,4.55353075170843,4.55353075170843,74.03124986523896,-19.35483870967742,-0.1927502953132867,1.6759528759528537,-0.0679222804451737,3.2683234322171537,1.7573772453299132,-0.43833568516634375,1.9097948621342418,0.007392604533793757,-0.18127376572193657,-1.8049516658476927,-0.877218329096001,-0.7516716396093044,1.6813555742827941,0.7568990903750629,3.0683364613705697,1.9871335431834443,0.27210980342712476,1.8327612948026504,-0.017983717443136614,0.871802685994025,-0.6804601802963263,-0.7982381888648206,-0.5891989980232248,8.815283815684165,7.0191239075718865,7.809358604375889,9.2116370766197,5.791600769471119,9.029287268360733,4.93590921074866,7.280191160944133,2.3415152189932127,0.8841768547208106,0.447464739551945,-18.964575521659313,4.9504280146085,-9.921419327361134,0.8493931534195287,-0.18127376572193657,-0.9055854677099505,35.66305906897905,-6.312187814010091,-0.8809244598730858,2.9329060802925713,-1.1289037064851166,58.82670944742527,-362.23111555773085,-9.488485023316555,1.8750580154089,142.84745934730032,1
2018-12-25,4.457510084091062,-6.677932284137871,-10.077254392561722,-11.420728120438362,-11.420728120438362,-36.27583127061892,32.0,-0.1258957128877555,0.79771862288575,-0.8062923515507555,-0.5664792275535436,0.9293399292810953,-0.8372814937760695,0.5804337589458757,-0.6206149397467675,-0.3261913115898168,-1.9973145470600435,-0.9497899967687949,-0.7556099067045843,-0.2533522156233993,-0.4333215094838752,-2.0489106258454117,-0.29666440649101883,-0.62340690860634,-0.26505126355233777,-0.7517259634667433,-0.3950368066888839,-1.0309488475685042,-0.9248020338453006,-0.6334166762587334,-17.725064500810113,-11.333361390441894,-42.904446175284036,-20.807383670468766,-8.811564086123346,-19.160461696084905,-7.373116554104266,-11.98237249079172,-3.4665973613738292,-0.7350853937669131,-0.13401161204367615,-5.235905106848316,-14.681154956516854,-9.397173355548471,0.41181553004879906,-0.3261913115898168,-0.8540183892651894,-53.48904267589395,-81.94504019341426,-32.309785028113474,-21.58126445069003,-8.346602666674393,-62.07409169647586,-82.08698969859279,-16.604615302052185,4.55353075170843,-350.8103874373404,-1
2018-12-26,-11.082749743656874,-7.570303466631762,-3.132365239869217,-2.309565388493975,-2.309565388493975,-13.785131760619477,-21.21212121212121,-0.10960982945523111,0.36856521025709477,-0.4246831670591202,-0.8171218892862575,0.8785507137834455,-0.7649571640981173,0.6745868228256641,-0.4419742797523069,0.423192823516218,-2.131945420682147,-0.8638385156938597,-0.7428805480493166,-0.5229876376906522,-0.5964659063133013,-2.1321606828638604,-0.6012735869110075,-0.738513490677385,-0.5524674998167837,-0.8411936008554172,-0.5705029252778725,-1.0682937975407645,-0.9395531896945712,-0.6395164041292261,-3.2899641645482474,-2.0825281990924074,-8.443834589920286,-3.8811181788013056,-1.6126906932982399,-3.564480578936202,-1.3463967853659,-2.204050586928541,-0.6294047856346477,-0.1328160459118008,-0.024119722426196446,-2.7768545507627853,-16.866876207917343,-8.622428292752524,0.7730755207789894,0.423192823516218,0.16975965902250242,-8.74147551146917,10.632876592251888,-38.596828369203266,-18.31326362392429,-12.008937420610591,-52.4014997420703,249.84025559113113,2.385103833695752,-11.420728120438362,-79.77742431009447,-1
2018-12-27,-2.441298427264035,-5.190360422026576,-4.6830442403788295,-8.270809204894514,-8.270809204894514,-34.080292157358315,11.538461538461538,-0.07323412279725304,0.036290011084631105,-0.0003679848292329051,-3.122391754897686,0.12683001272425304,-1.2368099606915015,0.18024735009494583,-0.7345917689410081,0.07716851883951122,-2.3152553360054378,-0.9860296392608098,-0.6012257272303068,-1.5207284253064586,-1.252270287145885,-4.089218626646347,-1.7419458124194085,-1.2445716088261065,-1.618334985402933,-1.2615623034223504,-1.263890753360667,-1.276020488130583,-1.0165691321425232,-0.6668209133358055,-10.977961590487894,-7.091217824530938,-26.170884921311572,-12.82302657296964,-5.534573594828263,-11.83929332373471,-4.641340435579801,-7.489800603171065,-2.1966146797528356,-0.4670983863818041,-0.08473054753783896,6.307930531988871,-28.323517403138514,-6.763424765194818,0.2704411063085465,0.07716851883951122,-0.06366924561544367,-152.92119565217382,-100.0,-72.44818587182908,-33.86810575027474,-23.770319887957616,-90.90860764161896,-205.78386605785545,-17.821073604687683,-2.309565388493975,258.1110647959513,-1
2018-12-28,-8.399979880287702,0.4804819757020482,-2.36049735130239,9.538056157878843,9.538056157878843,1.1026830162640298,-27.586206896551722,-0.07354717786910567,0.7925233779131159,0.49997056110534854,-1.932170739616756,0.9486814028785835,-0.9258590347832731,0.7845258509899761,-0.8654701370718892,0.3432056822031106,-2.107048790764018,-0.9528487925783105,-0.6149707623664031,-0.19422538608498013,-0.39572936389434515,0.0658678113097966,-0.17577049043801568,-0.5716813638442829,-0.18186571835387474,-0.6938951660814904,-0.3602375232474387,-0.9862311128362066,-0.9138171691249586,-0.6331032661185274,19.795724644730843,13.886913212237367,54.59642413170218,22.475059856586785,11.094124673729084,21.037982163363125,9.324692990862514,14.54791850718353,4.301550741659018,1.5798270553193419,0.7891042735279485,-6.128260774740446,-8.006492624743329,-6.673252041401441,0.5388359011349738,0.3432056822031106,0.20017331430218108,-124.60419341035514,inf,75.02693371345576,-24.574378482694193,-25.138902894427613,1852.2471328965044,-109.9568345323657,23.600945755565302,-8.270809204894514,-215.3219222157173,1
2018-12-29,9.966503761462835,1.236342013329698,10.325246675849648,-0.8669940863987149,-0.8669940863987149,-14.763214441561749,14.285714285714285,-0.062148016198143065,0.6670919140050107,0.2842587303679675,-3.127606544431591,0.16159241984651235,-0.6706469925400458,0.8107737750844967,-0.8195536906039783,0.15484131641968257,-2.110256505048183,-1.0482683430036566,-0.5163286751490884,-0.2827932130584139,-0.43686948203391546,-0.24549552209465778,-0.2810827228469905,-0.5919842000608618,-0.2786712419357906,-0.7039313539418082,-0.40684241408384175,-0.9826962416686293,-0.9133132518545389,-0.6339551609135405,-1.1667075608333601,-0.7542676766697641,-2.893319868637359,-1.3631692604824945,-0.5891239274132652,-1.2583126787966727,-0.494333284594224,-0.7965464824806383,-0.23458577567742672,-0.049912926519873065,-0.009004979274547213,-5.232155181843627,-9.55117940157072,-6.4674682221712185,0.20583017233309517,0.15484131641968257,0.11743550891779059,-11.826086956521516,21.424195922007307,54.97675837992739,-23.525197016287123,-28.634513939976458,-15.2354760923053,-155.4913294798908,-9.09469398105466,9.538056157878843,-109.08984044597541,0
2018-12-30,-1.7602117247578084,0.01713166911404812,-0.7644091117566165,0.48531419038472434,0.48531419038472434,45.426527142369004,-4.166666666666666,-0.09028318907813727,0.7879841270403141,0.17075334721592003,-0.46006174915172543,0.08575840167522054,-0.7397757181687599,0.1857711390187097,-0.6640074541359828,0.3732915274057775,-2.236646528910466,-1.1281722826804492,-0.5256932466978388,-0.182266766236312,-0.3567131632615886,-0.0030912982056844466,-0.16500343591793998,-0.5181245178974351,-0.17136042920794559,-0.635092730561298,-0.3251725221271794,-0.939125116652619,-0.8982539702988784,-0.6298880345021799,0.9338330452769529,0.6858613367067122,2.1255636327815886,1.0402787026112754,0.5610212054026605,0.9835960658058175,0.4789568852160654,0.7146321992397519,0.23158829207006135,0.08721221997110648,0.04365067956177585,-6.063760961274349,-7.312185374131687,-6.4090587978438265,0.7359012628274713,0.3732915274057775,0.10704343749394568,-519.7238658777112,58.34604922146461,86.83351710539942,50.65598173747631,-5.619399629146062,20.424322396145143,-932.2916666653299,2.3488979479860443,-0.8669940863987149,-155.9766436701557,0
2018-12-31,1.108089562101301,-2.3955758925294264,-2.4161659733990413,-4.019721285908341,-4.019721285908341,-37.22316595009177,13.043478260869565,-0.057029191987759,-0.1078256105142295,0.16110689916602242,-0.7994881637875891,-0.1829708854447423,-0.49689232750518486,-0.22179592513584803,-0.9345151632915752,0.24013451602974745,-2.2911106014693736,-1.1113447980951026,-0.5801103579146512,-0.6878544829822524,-0.677792802878288,-1.341885180873776,-0.7526461650977199,-0.7606158318469938,-0.715464076543307,-0.8332186163508278,-0.6661293496730437,-1.031873177531414,-0.93233261293781,-0.6423440233388678,-5.787556586727594,-3.6669753583064213,-15.88063465147409,-6.828324270313374,-2.841178603366865,-6.270218693595529,-2.373236441548731,-3.880527921860054,-1.113178591748753,-0.23453906937935445,-0.0419866595548528,-0.8936360174451757,-18.10497064353466,-5.608128860067948,0.7205914795119823,0.24013451602974745,-0.1148596159461559,55.968045112781915,-20.7159468142849,12.67596387873628,23.99718565799918,14.694417380414784,-114.88547218286682,-192.0525657071663,-7.106163024698133,0.48531419038472434,-928.271945380723,-1
2019-01-01,-4.029359274061786,-0.38106698756518087,-0.0526246546507017,3.855225914666089,3.855225914666089,-33.54654115985788,-7.6923076923076925,-0.037775816958991106,0.05168558288679855,0.4074567372892807,1.6479802696413761,-0.45979495795576664,0.31623365812276305,0.10802827621246033,-0.8274845656939841,0.24780678937312467,-2.245744725123805,-1.121101689679277,-0.5359789408999056,-0.10938115744059657,-0.29382214130375095,0.3433599756990085,-0.07331074875264819,-0.45145895535069896,-0.09074033449871548,-0.5675900500117984,-0.26295650819438715,-0.8891784690081083,-0.8816933166191451,-0.6263794075944047,7.976409449783634,5.638005450402238,21.98351066965955,9.064029689699753,4.549633432682454,8.478791866979009,3.8563420216424364,5.8960834596838705,1.8318974624658573,0.679848852674136,0.33750138780809974,-6.772037403716351,-2.621246390564418,-5.7855892872907555,0.46171380318530875,0.24780678937312467,0.08843586553778802,4.398915335944785,56.94928377855181,25.277891607051338,42.260838688105494,37.89017228741695,-146.1069836473737,48.742352141392296,15.65490772803146,-4.019721285908341,-195.90779162180016,1
2019-01-02,4.174960712414891,5.742903160861685,3.7093589574831998,5.521487874429058,5.521487874429058,36.838265944143394,25.0,-0.05103941146012583,0.4849609395591174,0.500277260640692,0.9679859091301343,0.0696462992209982,0.5910566013504702,-0.012640006942578321,-0.39176558501692815,0.7067755013182307,-2.1571034046464157,-1.0112991423503759,-0.5511537143177675,0.636057640005659,0.21926329578736198,2.081215128274214,0.7839543796902162,-0.03409964682811186,0.7066375411930141,-0.20726212795465399,0.27414472650257465,-0.6930380150333497,-0.8107283769519694,-0.6035727170658518,10.254525689913558,7.626596175347486,21.609896858652693,11.369921771943007,6.287181274449062,10.777156238163965,5.397977647564478,7.933466980396534,2.659339360748414,1.0089335443649172,0.5023337125451212,-14.689985470619824,16.091308330823736,-7.129022245593456,1.2085565022173357,0.7067755013182307,0.3315304625924505,-39.82683982683978,24.0140082601714,17.8841697385867,24.423945399862887,29.841195385667273,770.8410847857513,-198.94881170015844,16.543736771380498,3.855225914666089,43.22086426697057,1
2019-01-03,4.812188867099107,-0.6640011423675602,0.09392293242626366,-5.177567858424012,-5.177567858424012,-20.391510946048143,10.0,-0.04080615052563347,-0.39029303452835085,0.41099579026835026,0.044240224418574836,-0.7045756477203445,0.23737083078806115,-0.3443422214507342,-0.6487650855663655,0.5222138852336213,-1.6004225790899878,-0.9739779779628746,-0.5567632733618157,-0.17093748147108376,-0.28209170059999217,-0.4370397879872107,-0.17244080049169946,-0.4134727525258601,-0.1693531554158548,-0.518270054014216,-0.2585512205797982,-0.8388328474629215,-0.8622146528890343,-0.6215864457305005,-7.749504012543571,-4.9775204829026265,-19.985031593217943,-9.079545809797898,-3.8757941548303596,-8.368689911453249,-3.246559334148297,-5.260491385278006,-1.5354929178313996,-0.3245528043572772,-0.057652682310024295,-5.514951512984093,-10.043120108914724,-6.905328374851686,1.706471565217569,0.5222138852336213,-0.37114662058389564,199.71223021582705,-56.52741514360324,-3.406941740862448,0.7546376204900637,18.685523534228047,-182.9500740069868,-111.31639722865074,3.943404626917165,5.521487874429058,-193.7712438417592,-1
2019-01-04,-4.5408750719631685,-2.400632501976559,-1.0651517841292302,0.6179066834804595,0.6179066834804595,24.253085345847502,45.45454545454545,-0.05078748119159567,-0.27736524086891,0.5267562232057937,0.07085355926072671,-0.8256387103956419,0.1512754064791875,-0.6052963907522277,-0.2812457653336452,0.5097486140388868,-1.5703391486836364,-1.0179905056200695,-0.5769736932277267,-0.06692890017642751,-0.20258821369238778,-0.08847814692985304,-0.05200407936263142,-0.341039255955671,-0.05803218795241907,-0.450505589880817,-0.17713462825633355,-0.7935455318421486,-0.8455232266151747,-0.6169287504475846,1.168758720598758,0.8527099209844617,2.862708707577545,1.3131830146589332,0.7014316221272295,1.2356641481071187,0.6027031573081926,0.8880723028755669,0.2993532386742948,0.11380122836325138,0.05649573555402758,-6.804416850196068,-7.096688322826189,-6.89113418676888,1.6883100340007797,0.5097486140388868,-0.3978549976080151,-87.80604896783488,14.714714714714889,-13.72843126605294,-4.388029975014478,5.678296484116617,-28.762985297230927,-196.7346938773416,-12.4505782016475,-5.177567858424012,-111.9343039121178,0
2019-01-05,-0.03518029903254209,-0.3142106684341093,1.5482812540052635,-0.5940594059405968,-0.5940594059405968,18.408651267187622,-25.0,-0.060055139299138874,-0.6045072227522805,0.4573056361728647,0.7542318836213228,-1.2973056120264126,0.2766584588715153,-0.8080400172198864,0.2753726119630705,0.5418698989778331,-1.4970531987584583,-1.079787501936826,-0.5725926588470518,-0.13690700053465543,-0.23745406350353235,-0.25670674988807374,-0.13515855936800222,-0.3589797754651994,-0.1343407199960032,-0.459159394307647,-0.21617238116401222,-0.7872556466484906,-0.8426455990182901,-0.6168417455841628,-0.9555629152393348,-0.5909908869479333,-2.9758324220224055,-1.140485653593678,-0.4534034388106273,-1.0407983854865392,-0.37662598490303834,-0.6269857282267681,-0.17426576109533487,-0.036215974442350314,-0.006373616529593463,-5.7266872332032035,-9.106238180858286,-6.72719084230222,2.232701301136398,0.5418698989778331,-0.7875024415039236,-92.12598425196789,-12.408376963350875,-29.128966914247183,-2.3653152959164108,-2.001122332107125,129.74076535444848,-1205.0632911405744,-2.6490763876374928,0.6179066834804595,-196.14063447161092,0
2019-01-06,-0.045247731329019346,4.622128099682345,-0.32815852581092564,6.603963891270352,6.603963891270352,9.084280545025381,-13.88888888888889,-0.06486490460431196,-0.28744385723799143,0.826871485796173,1.3207406115278422,0.3411725806757214,0.5862284603234712,-0.6955593280229074,0.5493180189094901,0.43390630741652625,-1.3183596644971303,-1.0038659774095342,-0.5631859784147335,0.7538665922989883,0.36968948538733515,2.0184120427165526,0.8939118859313557,0.13356641113222728,0.820504683730578,-0.03395263837672071,0.41999637686060853,-0.5537534338767919,-0.7572166492093474,-0.5893643849819508,12.715276603449416,9.267894604615682,30.774431742771835,14.288811378647418,7.620500498652308,13.444552911849664,6.547063868577789,9.653415886693058,3.2530276629079666,1.2342509851308268,0.6091711827825369,-19.182665077244092,17.847573924209115,-8.499616632646896,0.4732523168231158,0.43390630741652625,0.40202981855433234,-9839.99999999926,126.56543408429263,40.499994516581864,5.770656803591397,-0.4369497990525526,-56.02923251215862,-25.96410843833215,16.737385966543393,-0.5940594059405968,-1211.6672550305093,1
2019-01-07,6.493473832457313,16.77964505954902,7.210333037862486,4.586418146983018,4.586418146983018,224.650299873663,25.806451612903224,-0.20484025452164306,-0.2989295020150321,0.6403171721637434,1.1810423276519455,0.9440595399756024,0.6345074274807304,0.6882481483630479,0.5919211201320884,0.601542847146751,-1.275198244522685,-0.985140754969651,-0.5511842695907979,1.2897261260536441,0.7671478951628256,2.9082857047782356,1.4896719545384076,0.46890689246516576,1.3847620594928283,0.26266777205931835,0.8325644995175973,-0.379678005739973,-0.6913663617995957,-0.5682438029801328,7.439173712503451,5.865986195590128,11.979629484254765,8.047565469648603,4.985227156716829,7.728562650100139,4.369305414666363,6.060094601263683,2.2998896537269595,0.9052787750309248,0.4499604411679476,-31.90519050137035,23.16923198216353,-11.441386519474102,-0.01799412799175862,0.601542847146751,1.1038218064671228,-26.283367556468,-47.773653796889384,0.9440392740186327,-14.379302189307722,-3.8485730831348803,3.9367023747399026,-143.73388344505508,-8.791064912523169,6.603963891270352,-30.55052658531816,1
2019-01-08,4.4491675522493885,-10.269071853270185,0.38268921855805416,-1.9178577890356465,-1.9178577890356465,-76.82509723575981,0.0,-0.04799484889785821,0.4829635541556625,0.47139943128316425,1.8075217797137617,1.4419348332782396,0.6878519012546488,0.7010211862046494,0.42276866708632516,0.5281468084038144,-0.8092596493691958,-1.0057422735043435,-0.456634655441076,0.8266516158812184,0.5044736050232166,1.2086436134909153,0.9231154281212323,0.2817951842482595,0.8742945576486472,0.11664472118548376,0.5500724089540399,-0.4343662906189819,-0.7072838195450166,-0.5740366173349389,-3.3779171493229274,-2.121928190092268,-9.537229399091535,-3.9973713062639313,-1.6364453865229802,-3.664896835321254,-1.3631475617669977,-2.247956213277517,-0.6355804711899355,-0.13239728294828632,-0.02311508022602894,-30.033001545751763,2.465883086164723,-13.23814508123319,0.4429732527890094,0.5281468084038144,0.5964336152385502,-11.652739090065035,-16.29202689721425,-0.21375824141155517,-0.07179246578327007,-3.207022710103173,-293.9301367230523,5.8962264150955,-3.151993490767334,4.586418146983018,-141.8160256560395,-1
2019-01-09,-1.7251124827601791,-1.2219227313566843,-0.694215653974671,-2.0706511713706024,-2.0706511713706024,4.883177888642128,7.6923076923076925,-0.050482556969462,0.48791125404893554,0.39709440846887556,1.2296217062851726,0.5251226720996068,0.667646200159858,1.1513982899723236,0.4732663264295779,0.07162503562981555,-0.4315994002443725,-0.9969364071524862,-0.45259872080415287,0.41975757344988723,0.2586207903874204,0.08943757716547594,0.4393655992185953,0.10141910919770158,0.4317100172468198,-0.026855123052543284,0.2875081034881693,-0.4916757883572564,-0.7247619360581294,-0.5803735652808434,-3.691127112971284,-2.2999031457279018,-10.809432337135856,-4.38474429971187,-1.7677726408697902,-4.01184872838125,-1.4697163570168574,-2.438573077165818,-0.6818359309657258,-0.14140552540924783,-0.02459433737828729,-22.940840040601937,-8.28214745213107,-13.994332413762297,-0.00226823823085049,0.07162503562981555,0.13077764563856115,-28.638991066736903,-28.28383640626865,-35.034201818404334,-6.553948125097955,-7.39298041839507,1.7058847602526888,457.5723830736334,-12.220783161266054,-1.9178577890356465,7.966877586463425,-1
2019-01-10,-2.3673675976625455,0.02728761142440905,-12.140098106590209,-11.7894984695079,-11.7894984695079,93.73333829876037,-11.904761904761903,-0.0997290912758147,0.18172547455930185,-0.5118066461897667,-1.0354310836883185,-0.4279760545460724,0.15641491313983152,-0.4610110944346617,0.09980306641792148,-0.4883570898202052,-0.8035197121131576,-1.0824032508877517,-0.4680383326953331,-1.252373611891597,-0.8649160201708743,-3.877284264410836,-1.487262584093259,-0.7905446413296456,-1.3592055288852554,-0.7827794710218168,-0.8940084155219028,-0.8810936729255423,-0.8646867528816836,-0.6271236738458406,-18.066873612609303,-11.843222646332332,-41.96994333058369,-20.939533641020386,-9.285296272522581,-19.41310162952546,-7.8068175254023275,-12.493060004214906,-3.7330062739376992,-0.7900313417573468,-0.13762721563905903,61.12701089121223,-46.23265598521368,-8.748703501354294,-1.2896619595732322,-0.4883570898202052,0.15224646671623013,-125.51546391752603,-89.5259854580343,-38.44759910162184,-15.050987041480512,-7.0490915939407195,-65.34733666465044,-119.61254244058969,-11.55064073930203,-2.0706511713706024,469.3618815430074,-1
2019-01-11,-11.815161297923975,-11.171228516868242,0.6392275326356703,2.621252969596679,2.621252969596679,-45.57188776504831,-48.64864864864865,-0.05464094858688579,-0.2576525265973855,-0.35273861370230986,-1.826553666930435,-0.26804600808027557,0.2983856038202598,-0.21158869582185885,0.06432756832614886,-0.5684278511299193,-0.6826372370346753,-1.035633819579327,-0.485466999717858,-0.7784672668120506,-0.5756420234990375,-1.8858587186771667,-0.9076675831442513,-0.5629917685161137,-0.8375812667055279,-0.588288103486981,-0.5879118202281473,-0.7736591012251799,-0.8254615271890345,-0.6150974377628863,5.259615282081185,3.5860486943895307,18.381114640175454,6.146924404644633,2.905731784081074,5.662123716403577,2.487686684558836,3.7547118342647305,1.2447535157292169,0.4723318081224298,0.23129737617555934,18.16501917898724,-43.36117764817754,-5.430238061651316,-0.6400028406622672,-0.5684278511299193,-0.5120310072239841,70.56277056276842,253.7467700258417,-40.96916041129742,-38.330830836573384,-18.710019996682497,-259.11637609126046,-24.23625254581829,-2.2699074117590063,-11.7894984695079,-122.23379541017974,1
2019-01-12,2.6240547257034357,2.2444592312023413,2.1333047463350527,1.935232149824429,1.935232149824429,-2.4406740582465916,15.789473684210526,-0.053003926639488365,-0.06585963598865409,-0.45597765323971484,-2.4407414960041316,0.21209756898815688,0.03966007810860227,-0.10725255033273876,0.24663893993615793,-0.5795507528254517,-0.5920672799353557,-1.0685706078294097,-0.4515510108241122,-0.43509288242026833,-0.3605964894502568,-0.661125397687789,-0.4923326118584179,-0.39103483658249416,-0.4615399786982157,-0.4394503196724773,-0.36111287836276756,-0.6877207858801879,-0.7933174528846445,-0.605348067778784,3.7951368464605366,2.632848415036415,11.876910399431068,4.396891696603048,2.1489950712059187,4.069273037757823,1.848182563750762,2.7517403842074546,0.937692887841342,0.3587446750102378,0.1756254284763731,4.224604567783514,-31.334951090072288,-3.942777844137072,-0.06252525963209855,-0.5795507528254517,-0.9864121352136835,122.16582064297855,159.9875711865053,-2.4882043068771984,-15.488803863791933,-23.480103365512136,-74.98460341930543,-337.6344086020289,6.659274736227901,2.621252969596679,-26.171484695648722,1
2019-01-13,2.359067829709666,-0.8585517258641913,-2.2750531370542206,-4.511470055372695,-4.511470055372695,-22.593192149148422,-4.545454545454546,-0.04125209301009896,-0.4122031933821024,-0.7603924606248371,-2.959663572797219,-0.4519815683309682,-0.1809069379514413,-0.1396730320829739,0.1601953618202731,-1.0490496931301097,-0.4058225493109117,-1.1078029596335033,-0.47092619002613056,-0.9631714441092888,-0.7242922014162532,-1.9274902702857575,-1.0938353189605636,-0.6812748626840927,-1.0240053744778315,-0.6853473619555244,-0.7427757499761257,-0.8122313038111926,-0.8378003743514569,-0.6206620219763836,-6.839432098946978,-4.404225274946539,-17.72633665166725,-8.000467590121756,-3.4299038387402154,-7.380200565726793,-2.8731500624513835,-4.654055371265351,-1.3617501464154267,-0.28580644826951834,-0.04928169433416346,17.266303300942795,-90.3181561005318,-0.39740228543439876,0.5012743930835151,-1.0490496931301097,-2.280425397721498,-15.118050266564934,-82.4158154545934,4.493908107462439,-31.959820155304786,-30.188647590781603,482.0617352759536,-205.54298642537003,-17.173106687376325,1.935232149824429,-333.12293854677733,-1
2019-01-14,-4.660273205972866,0.4746515855382768,0.36786423929971057,4.986504903663736,4.986504903663736,16.541064114878136,-23.809523809523807,-0.047828672334293616,0.20065643573137537,-0.7819475603165247,-1.632408148193754,-0.5203069975939849,0.021990833992925115,-0.06470102417916093,0.2880731567968078,-0.17131809894436412,-0.44601268643190545,-1.0675071336225381,-0.422916779789677,-0.22002911328530733,-0.24300576618104486,0.2865842748661869,-0.21529751369742284,-0.29743749576208667,-0.21866224033412845,-0.3560363750499768,-0.23592088576326956,-0.630452570839849,-0.7707014933150443,-0.5995397740940671,10.01680700913413,6.822733406922074,32.895944755223454,11.703280113588683,5.533709142176649,10.783429778728006,4.745178771703551,7.143627212513157,2.3953923354757856,0.9115627793372928,0.44381782159220096,-3.3112968748542166,143.3358008505598,-0.9708803344982648,-0.186110325767611,-0.17131809894436412,-0.15923462959109602,-72.72319425751472,540.8695652173963,47.56774736771584,3.280401312657872,-16.78099407044808,-147.9129103945087,-189.4962486602082,14.802270936757136,-4.511470055372695,-210.52949132900324,1
2019-01-15,4.984124443021411,-0.9523570208061046,-0.05885657722250778,-4.25076997480082,-4.25076997480082,107.20240504177438,68.75,-0.09938809770081232,-0.3558901591944538,-0.3623495027825833,0.0802898777404439,-0.42061575829801773,-0.4041822677231265,-0.7993845614810212,0.19169032779462633,-0.26318031045501594,-0.37230103714173063,-1.1233293522803778,-0.47741679182886604,-0.7497579825114034,-0.5984726739254753,-1.2345112648414889,-0.8287719541329541,-0.5793567791857136,-0.787103901137865,-0.5942911157334757,-0.6096974150373771,-0.7503573610544041,-0.8131197186138143,-0.6140669417082548,-6.44043914265499,-4.172079192410561,-16.451108443444294,-7.5150311203025195,-3.2575219560214115,-6.941372333158971,-2.732997422487869,-4.4059001546178145,-1.3017305094696818,-0.2738023109618252,-0.046970044011750145,8.865154430740962,-193.75579514946054,0.9191807224311778,-0.652747445219461,-0.26318031045501594,0.05496349890784384,235.6907894736848,-56.7249827576103,-22.248380886757488,13.552406812401408,-8.478057761473998,-276.1928556844149,-211.13772455093192,-9.365199917280483,4.986504903663736,-185.2454786854347,-1
2019-01-16,-4.625511474826549,1.5779993403861214,0.15793559439998794,4.93393944227343,4.93393944227343,-7.972173245754273,-11.11111111111111,-0.09086870204522889,-0.41615506129490404,-0.029308709232465657,0.5355310248542535,-0.08767810914470879,-0.19049395215005327,-0.0339759979729526,0.05809955768303379,0.3818083397491031,-0.2990714282914581,-1.1173433034672446,-0.49687919210378045,-0.029142764228621464,-0.12580731964732098,0.7702376026184892,0.017049222774866597,-0.20071242013752513,-0.008715827383522397,-0.26854900638044493,-0.11250001095309987,-0.568733472192319,-0.7454971860440561,-0.5928007827625749,9.452604256896754,6.542107865244991,27.286681346360766,10.949646128375889,5.3461753323351635,10.136935055121544,4.608693483369115,6.838137740876002,2.3703309541935527,0.9118045352045437,0.44345481070903564,-7.7123529350419675,-195.52163672078498,-0.8700194197009027,1.293404836317886,0.3818083397491031,-0.3573900914460792,37.38363547280754,476.2153736145862,147.12691619568162,76.38945988826077,33.33718457820124,18.2108020569545,-115.78663793101815,14.339465599567927,-4.25076997480082,-216.07166399317154,1
2019-01-17,5.324166600047965,-0.024975648742466407,3.180457558263835,-0.7422795328452401,-0.7422795328452401,-37.38685571712793,16.666666666666664,-0.05673996972616594,-0.08386432536502274,0.32871276702674357,-0.004663526558792058,-0.09940027116725639,-0.37294437294435356,-0.13729432254372584,-0.01263736944482537,-0.09108527859207985,-0.5613107406825014,-1.1136505661880525,-0.4969516324895006,-0.12404749680615476,-0.18114429892246253,0.25835793806376545,-0.09988010989082378,-0.2398200038794701,-0.11345583526144397,-0.2979189401960643,-0.17183726542480657,-0.5745854677821693,-0.7454571592546269,-0.5934056077161833,-1.190423064175267,-0.7603194652309458,-3.2961439919750606,-1.3991648446479936,-0.5904988075281523,-1.2872969643778809,-0.4939685117957113,-0.804052441096741,-0.2336119168275173,-0.04882993792052953,-0.00831841015337604,-5.471310201021284,100.30312832592996,-1.7579708020747469,-0.14484926286879884,-0.09108527859207985,-0.046766691155140545,79.60057061341004,-13.133124159569789,29.69926121092783,25.729969230991717,36.68752630538802,-78.14034669950836,-41.63822525600894,23.5981909218604,4.93393944227343,-115.04435839818927,0
2019-01-18,-0.7514231499051199,-1.883634365085325,-0.1761384240791551,-0.4364471669219104,-0.4364471669219104,-43.103840807277265,3.571428571428571,-0.032331313780220076,-0.1582258701083371,-0.10722408880399759,0.8228917285908353,-0.6802579484852707,-0.4680212585571054,-0.12479233325133228,-0.003799950765867129,-0.06925285808924057,-0.52346033374549,-1.120454599340839,-0.6009331666263777,-0.16536451491084883,-0.20393246342925042,0.025562597500869453,-0.15137492665952926,-0.253947307750355,-0.1592829951439509,-0.3064690156152597,-0.19662610647230094,-0.5699352828283333,-0.7416130302814752,-0.5927714693627866,-0.738877139262072,-0.46271520950084444,-2.2563398284108653,-0.8768685512250929,-0.356604197487822,-0.8025872636529432,-0.2970136176356274,-0.49030638960457057,-0.13887373454297627,-0.02877471633441767,-0.004878807615705471,-4.3063881479693755,24.686327122238904,-2.2311725876226616,-0.12891341889554359,-0.06925285808924057,-0.02012187888148762,-13.443208895949072,-11.10241498381233,29.315196212687695,28.320027437055877,37.052262968764005,89.17815610982508,-2022.8070175469356,-1.2180234734809525,-0.7422795328452401,-41.201778089051466,0
2019-01-19,0.08922198429693155,10.095480585614268,0.7654782292801823,8.428824117511361,8.428824117511361,315.4705265052741,6.896551724137931,-0.13201760145090405,0.4720313805173782,0.3265546868657096,1.5470328834431795,-0.4021897228893652,-0.34629720606798825,0.0038504856425388917,0.03428346727293098,0.31868365978670987,-0.2744345624596851,-0.8648779127065249,-0.5827374181295121,0.9681900614293238,0.5648263450020398,2.828081466138693,1.1576489594578416,0.3687526113801769,1.0558455484249414,0.23197748811955443,0.609470452768611,-0.26660105336562456,-0.6271807274266967,-0.5562653962295577,15.427190508205065,11.016094199144794,37.375683257720674,17.593796553971714,9.121754470739397,16.425839338221596,7.928629789727576,11.477415706929463,4.1858694125778815,1.6354582925596026,0.7927742278175955,-32.15235541362918,236.05802859694035,-7.669146507131804,-0.04663455634876531,0.31868365978670987,0.6191989603954993,-96.03119981647168,36.32541582653547,1.9970390074804951,20.267905471618107,24.294600152173928,-359.91001193564375,-167.36618004864795,12.766397982229078,-0.4364471669219104,-2031.2358416613918,1
2019-01-20,7.569467437536619,-1.820074005550423,0.8060155022789915,-5.236778022081948,-5.236778022081948,48.66999921394594,12.903225806451612,-0.19681785795122708,-0.3907696470789459,0.03903521142684785,1.2476211685629963,-0.691470669312482,-0.05547274840937875,-0.7958647376476471,-0.1150373561723325,0.24059571799583832,-0.46588971884212566,-0.9411490387266849,-0.6483487863030074,0.08929447900776262,0.00778509202746055,-0.008076955712607175,0.11197122232594926,-0.06554095172498788,0.10054543197212681,-0.1326857929668962,0.02064245932326148,-0.44874500764759534,-0.6899430088654925,-0.5769164638024948,-8.705350977462754,-5.675694493545731,-21.677541536875662,-10.129652823839983,-4.443570629292896,-9.37002387547944,-3.7342641528533482,-5.989703731948683,-1.789312770567539,-0.3766797584071241,-0.06372903183776467,-10.975860818262001,-2.352438881922211,-8.110760639036997,0.5378295118420585,0.24059571799583832,-0.0022944924828229743,-1613.8728323699481,-45.48567007385332,-10.943386194614035,10.352446620393692,18.37316368411551,-184.60262213456534,-73.22799097066344,-1.2474426331788386,8.428824117511361,-162.1294020265799,-1
2019-01-21,-5.275245649342964,-5.403622829953119,0.035763551831605074,-1.4794670924604643,-1.4794670924604643,-79.48597554912867,-14.285714285714285,-0.040575810789363495,-0.844835813746497,0.15857815000090977,0.007998360336135699,-0.631657459851293,-0.022104887207135177,-0.7527639185640844,-0.297887257568696,-0.017197568911738733,-0.5020545648376719,-0.9589137205549783,-0.6697585389875961,-0.12108668922536513,-0.12752490196054714,-0.49846109920896375,-0.13437156139491632,-0.1694176025053047,-0.12653095842709572,-0.21790099007650138,-0.12250522733815154,-0.484701520720858,-0.700200654827821,-0.580712000980718,-2.43623415124357,-1.5669115125030262,-6.510790533586547,-2.8540548034375566,-1.220312651373805,-2.6304467887651395,-1.0224990701425054,-1.6558617811465086,-0.4862398319873846,-0.10174955116189163,-0.017143910228173177,-2.5917098334257127,-16.200916296869234,-7.396669233671567,-0.0305081148565653,-0.017197568911738733,-0.006261854365830976,-60.13745704467374,-55.816601959933024,-21.621097134246497,-17.49101911090766,2.6926653445119295,128.4106561060206,-105.22765598655899,-4.419637650095921,-5.236778022081948,-71.74852387819426,-1
2019-01-22,-1.4822406078936268,-0.5054906745685943,-1.7926455566905037,0.07850287421814492,0.07850287421814492,34.26352068148352,-10.0,-0.054534566011621564,-0.6935957749779113,-0.012708925228769317,0.16995156380429657,0.4386376430849882,0.29804748484419674,-0.5768230541509698,-0.36320967895749096,-0.2860522422383254,-0.34910176718936453,-0.9463050956659826,-0.6723234180569524,-0.09468445423505457,-0.10903426067354817,-0.30806667355029177,-0.10186401002227471,-0.15144269101169242,-0.09746306229226165,-0.19938367766985876,-0.10358466537279411,-0.4652506554879638,-0.6901629863547027,-0.5779648357631151,0.15105034214596005,0.10491810381473557,0.4390626612966794,0.1748663776297943,0.08627392651592805,0.16194453597591063,0.07485643226141588,0.10956873169224589,0.03972348543143964,0.015569158553612206,0.007521026505156252,-3.6646409414522103,-13.755745935657412,-6.888739479883096,-0.10813848219670195,-0.2860522422383254,-0.4321876700017208,-68.2950191570882,9.803719785157195,-41.182593681505566,-16.76308647597223,-8.033169836349867,-15.484853805350692,-1661.2903225656023,10.352682150605462,-1.4794670924604643,-105.30615886072722,0
2019-01-23,0.1395443243517519,0.09760736810490883,1.102501430131574,-1.2246963562752995,-1.2246963562752995,24.19043369816353,22.22222222222222,-0.06766366565344933,-0.6232961001339644,-0.33011768535115876,0.013473255587682491,0.12547530938897627,-0.08394074861287341,0.3093582340816901,-0.5711860245435836,-0.07674942437930429,-0.4177647968040893,-1.0779351261031047,-0.7020146559230906,-0.24442454282382803,-0.20935101325839753,-0.6117215299681373,-0.27363866240275286,-0.2294357130119805,-0.2575537832357321,-0.26361664667083423,-0.20930541805796193,-0.49162220755040326,-0.6971065761790476,-0.5806777743312709,-2.228718595953084,-1.3829968463935551,-7.08140334389802,-2.6569342672344525,-1.0619845435139066,-2.425946607941832,-0.8827624344984899,-1.4668348764669794,-0.4110928513584255,-0.08463984223030628,-0.014130820844723791,3.0186733389874076,-25.74540707892569,-5.493648598039687,-0.1442846011442775,-0.07674942437930429,-0.021096606460046168,387.91540785498944,-45.574387947269116,-38.19201485933236,-21.177856469289775,-18.259942040709497,-8.996824980705332,-19.62809917356461,-7.981172727861701,0.07850287421814492,-1660.0656262244256,-1
2019-01-24,-1.1553371000025288,-1.8827353419177315,-1.4222519417725372,-0.9965160364791485,-0.9965160364791485,-23.602972538598923,12.121212121212121,-0.051832357685107064,0.21625254790800733,-0.1195410956781666,-1.8211391849279737,-0.1149279050042378,-0.08815402579686696,0.03960434863592505,-0.1682470167543839,-0.15611865017412643,-0.23054194084074908,-1.0723705442719897,-0.7385206159679417,-0.34310631491988447,-0.27941020158333996,-0.7384074597372293,-0.38317222029226866,-0.2846231411730117,-0.36148427107683306,-0.3090883043356124,-0.28278397803885175,-0.509025353088344,-0.7009752420698978,-0.5824108517117081,-1.8830707927049013,-1.1510675189495148,-6.393116296278734,-2.2610737069501132,-0.8785781032276038,-2.056579156225977,-0.7278068504433459,-1.2227333855188574,-0.33587925087522563,-0.06865974256554934,-0.011412692717635127,6.725504807741253,-37.7591512008032,-3.6180568467001057,-0.2974133577951475,-0.15611865017412643,-0.039827257396489006,-139.6284829721362,-36.20447779728123,-22.9536184842097,-41.38536267483505,-24.731538553347114,-144.21714141193013,-87.91773778926802,6.06701857051155,-1.2246963562752995,-18.631583137074617,0
2019-01-25,-0.7587214518237451,-0.49181998878752037,-0.49309921991182043,-0.12161357932051241,-0.12161357932051241,-39.67758753439745,-5.405405405405405,-0.03127818094183085,0.028248999438632624,-0.15452741459526823,-0.7531482817852081,0.2502876503530196,-0.11127814618707826,-0.11543428966758644,-0.09373988606996919,-0.13255753347769045,0.10994845531057491,-1.067056240876745,-0.7442240078265342,-0.3142348459028136,-0.2654669952242718,-0.535868388007951,-0.3437837236483751,-0.2729791803418381,-0.32796294991554076,-0.2975369192545778,-0.2678479436087552,-0.4957371181738056,-0.6935115974133444,-0.5804983992131341,-0.2431760171477291,-0.1454856455979811,-0.9184067958114803,-0.29508128527727595,-0.11011350013750967,-0.2668810703048256,-0.09078422381741189,-0.15488029530575761,-0.04137632095249579,-0.008377904679626664,-0.0013857868124331,4.428115418237574,-40.04974994353132,-2.2504569381133517,-0.2649464939083311,-0.13255753347769045,-0.023876721009395377,-253.5937499999992,195.46976677538453,1.3694994880422104,-21.28786001666215,-28.27881067005492,-86.11473336781246,251.0638297887474,-2.2958178485141025,-0.9965160364791485,-87.79612420988299,0
2019-01-26,-0.6689567890074186,-0.09475274654921333,-0.11798636601993541,-0.42746113989636914,-0.42746113989636914,65.70969691696926,17.142857142857142,-0.051820229290906836,-0.13737890523227025,-0.14616178902986465,-0.539704647399789,-0.18041788339326453,0.026933439651220283,0.1989569476001588,0.16801729520687209,-0.48200570578330354,0.1321079052091503,-1.0208938146692215,-0.6569472975667892,-0.32902235614150077,-0.2798017487000183,-0.5001220052453407,-0.35641292008627035,-0.2840307533634731,-0.34189635626716236,-0.3055564154764594,-0.28266135715764196,-0.4933864450374899,-0.6900644559741015,-0.5798603151869461,-0.9063912315371758,-0.5322210390996172,-3.724914709454772,-1.1097959408668197,-0.39983162562211866,-0.9989149087015297,-0.32825320847103373,-0.5676741932359479,-0.1479432465720201,-0.029697089163675205,-0.004889082194789977,4.302205228804193,-53.93185431655111,-1.0606124062768914,-0.19030586530636565,-0.48200570578330354,-0.7208906773259662,-205.59511698880974,-21.457665903888888,13.63912186836948,-2.7415078944044993,-26.92435315517063,-605.4362100904201,419.393939394683,-16.502002838452032,-0.12161357932051241,251.49129092715742,0
2019-01-27,-0.11181028654636584,-0.8125704911309286,-1.6117600735004505,-2.229738519578518,-2.229738519578518,-47.735130740062466,-4.878048780487805,-0.027171138224708846,0.02864477378837811,-0.5624035781267286,-0.9998043637187568,-0.008273491943942982,-0.19774823725153917,-0.3346570792994318,-0.19521660664940427,-0.836816918879955,0.01748639862299445,-1.0393539850070164,-0.636847167367677,-0.5770133426153197,-0.45209484979709363,-1.0708650621829587,-0.6389470722196869,-0.42302563434556006,-0.6060367165819809,-0.4241801970967532,-0.4631036833841718,-0.5532069035143213,-0.7100663336908676,-0.5867499751861198,-4.801804906636956,-2.8144529067018538,-18.841957513757272,-5.877537350632572,-2.111048034984933,-5.29173326095911,-1.7312576071806858,-3.002921517319311,-0.777681140154978,-0.1555450106862584,-0.025514053264322253,12.647000148825501,-245.8378615023931,1.5633555955438492,0.6046012595742114,-0.836816918879955,-2.0235621206591814,54.33526011560728,-78.43839206326967,-7.961617449279104,-22.19265038867649,-15.840383845459765,-122.1845144269516,187.28121353565314,0.04833069334867597,-0.42746113989636914,421.6236779134963,-1
2019-01-28,-2.3402316803331957,-2.2457681871042814,-6.880819615271751,-6.551705785299906,-6.551705785299906,97.16271747851154,-10.256410256410255,-0.05418260177740641,-0.7607843137254626,-1.0953007984862924,-2.038523942255709,-0.9243740267234657,-0.6477990401473123,-0.4913913192117884,-0.37323205866946396,-1.0490639532370245,-0.1639379984969404,-1.135953843760768,-0.6279520701645714,-1.3435874640269971,-0.9814219685883702,-2.858260151000205,-1.5164295084986206,-0.8528945092730765,-1.4243443190356604,-0.7950859873888371,-1.0173407016791205,-0.7563820226444253,-0.7847934595167657,-0.6112471296284836,-12.876821420845982,-7.808961905002143,-39.37751071376661,-15.463535970210504,-5.924764242284857,-14.068345580779765,-4.888144275131443,-8.305815855053265,-2.2280415210076954,-0.44929236344635226,-0.07360934398038993,34.574651474171255,456.88798789899846,8.57212669735045,-0.9706670436390804,-1.0490639532370245,-1.1153409210389111,143.0087390761545,27.79609482636088,-40.08533687701695,-11.123272633798722,-11.996801067428049,-2647.646786094893,-186.31194151098967,-17.499608034869794,-2.229738519578518,193.83291932088972,-1
2019-01-29,-6.373280733553677,1.5174747528155188,-1.3351670391381418,6.051372593689491,6.051372593689491,108.36557902809733,-40.0,-0.11221803765827958,-0.0691076112108672,-0.7456293004203438,-0.7463795812630012,-0.41521320630678465,-0.23447126680667846,-0.4407043371467202,-0.21175122391029205,-0.6718022904745632,0.02086218168676872,-1.1659432505497422,-0.6448772514773701,-0.4448755655646116,-0.40544564100844016,-0.06315157723785195,-0.45075240415489143,-0.39646053114989044,-0.44897204972111115,-0.4047103933219227,-0.4098626879958882,-0.5392616257908391,-0.7024272138592903,-0.5855202228510168,17.842151775021943,10.293090378773442,117.95430888799197,22.56973407185418,7.872184883727485,19.935872395610478,6.56153813496223,10.954193813031548,3.143609302165651,1.1426472046346716,0.5335696016579601,1.7248907042308987,-14.250692100059576,6.770190046819281,0.35217537215315553,-0.6718022904745632,-1.5387424152460447,29.87413305933743,1133.176861004322,160.81423735058723,92.85909233571296,13.511147593966705,-91.25925703934631,-87.4823529411638,20.328814307931715,-6.551705785299906,-192.36331410465618,1
2019-01-30,5.907473309608522,-1.8489583333333397,6.0982692531072065,0.7142665341961691,0.7142665341961691,-45.873677782564506,4.761904761904762,-0.06047370970524811,-0.36159447345335005,-0.6085128035360854,-0.5845857624218016,-0.3229760240834197,-0.23297356413456952,-0.33179303095809587,-0.05480229375885387,0.005691188358917097,0.06287798473773917,-1.1177574083213302,-0.6832837270821751,-0.294812431351486,-0.3077975393151067,0.19566028521427517,-0.2759822917215857,-0.31827808411346836,-0.2872918262616129,-0.3367719956501211,-0.3069885054294846,-0.49663357836620775,-0.6841970611835008,-0.5801661866400616,1.7890263951735492,1.1333189535177788,5.533461152220294,2.1448692866692114,0.8949316923757697,1.9512016048199594,0.7590931971780018,1.1957821170098202,0.3807214400963882,0.14220343119331647,0.06672009623604973,-1.9355597841259202,-27.653448855896674,4.587421828721359,0.01680968707943532,0.005691188358917097,-0.003902954575248561,-49.07041139240501,10.36830927539473,90.88583693567735,40.19756832999132,38.94383317970547,484.97954356889414,-271.42857142825244,7.872324121301055,6.051372593689491,-88.1966194753728,0
2019-01-31,0.9327956989247501,-0.1247015123374675,-1.2918765053645727,-1.215773055696265,-1.215773055696265,-4.337559449259563,-22.727272727272727,-0.05791714152620774,-0.39299512494069144,-0.05082454183895658,-0.7445784039983339,-1.1317058859061007,-0.25493315705427494,-0.38960754700460715,-0.2176396239295888,-0.18029693378808379,-0.03159674639730847,-1.117263095674472,-0.7579940673341602,-0.4152471313228778,-0.3877922635728824,-0.2766549762020629,-0.41836478054712917,-0.38210581299165264,-0.41763902807110864,-0.3907031370289556,-0.39100747946296777,-0.521386570045432,-0.6911337518015261,-0.5828184444671708,-2.5192895200750054,-1.5166028256403463,-7.900768937819268,-3.0329749076173846,-1.1460514031043785,-2.7557907218351145,-0.9430911725039505,-1.6145855577707253,-0.42662082873297064,-0.08528792488241059,-0.013827249376766574,1.0278066647704693,-14.491215988278336,3.7505930967988794,-0.4432213128752094,-0.18029693378808379,0.0466272797321619,-5.3203883495147615,-8.510711012570962,42.50600972095278,28.13987618545173,43.758995320692286,6.988161803279517,-384.4298245616752,5.279645987747837,0.7142665341961691,-270.21279837287693,-1
2019-02-01,-1.1452313100913516,2.1146029806338444,1.902173913043476,3.5005802812339732,3.5005802812339732,-15.949837993146904,35.294117647058826,-0.0483669923155637,-0.12249633066964483,-0.0119720569721736,0.4173600082387841,-0.3783531383236701,-0.3851907914989341,-0.7888549517677828,-0.2935568214917058,-0.10896958310388943,0.10740201278576447,-1.141498029130749,-0.9111317415185175,0.09271211555411776,-0.04806522313621496,0.9754375098098872,0.17061845686343075,-0.1082891354660791,0.12802146568549314,-0.15393088367961075,-0.034201334181241015,-0.3839156197408206,-0.6367238185720172,-0.5658877370244041,9.192129257600062,5.754947035736757,29.60883854363871,11.071436970970106,4.519881668778238,10.047681866282566,3.8217590339094776,6.080264703048628,1.901105517605095,0.7044427991225481,0.3282148352099155,-10.79823204910995,-88.37969594252041,0.4200750172099844,-0.08383134911640583,-0.10896958310388943,-0.1305596073315441,-51.92780968006557,59.16559712147047,19.50185318501823,47.38285055753653,39.245719585457536,-71.33480299234412,-75.63608326906318,8.95074911658707,-1.215773055696265,-387.9304048426374,1
2019-02-02,2.8962470027211236,0.7700512500325309,2.20952380952381,0.8240325440700866,0.8240325440700866,-49.77982231274362,-4.3478260869565215,-0.024208663782549395,-0.6740922576802624,-0.06480497405946993,1.915115268564182,-0.18069597518879776,-0.546410979396406,-0.28551293667571814,-0.08373210820632128,0.16123299789606985,0.16060076545090443,-1.0987129933722972,-1.0193077706216953,0.19080858135493636,0.030835139962202267,0.9239941251395137,0.2720854247068469,-0.04016410139137162,0.22821439486787176,-0.0922469060406085,0.04726956234903727,-0.3410179142001035,-0.6169731766556961,-0.5598891275056732,2.003555802971428,1.3144043517930426,4.952926415882756,2.3529968795878506,1.0496024503348995,2.1649186978433415,0.8956726689291027,1.3825820521339762,0.45657782998125496,0.1716096467890925,0.0800635153575373,-13.479683248402344,-675.2547327588235,-2.4063927628254556,0.3102964961607592,0.16123299789606985,0.03314960290147561,-68.25938566552863,0.6362111129661363,13.807389668191448,31.995126054009436,35.79913335272611,589.1993247396817,-505.06329113870885,3.929620090697487,3.5005802812339732,-76.46011581315281,0
2019-02-03,1.288227901131107,-0.05937782367368576,-1.6692401895532603,-3.310573142975368,-3.310573142975368,35.62593937645277,-13.636363636363635,-0.03294903748091227,-0.5040032579009617,-0.00457016939273526,0.07573711277414179,-0.46868520196690866,-0.5921627497568119,-0.42505330834841737,-0.2134153337769905,-0.24644608684279098,0.07923557404048584,-1.133321495121239,-0.996039830881357,-0.28182143339225907,-0.2738656224099837,-0.5133742509958296,-0.28731865129868545,-0.2811999024503232,-0.2842332252966546,-0.29710102201460353,-0.27396037458104777,-0.4477081780367589,-0.6539209584747057,-0.5719257285955053,-7.347449052444537,-4.426909391268373,-22.129752281095342,-8.82633140728621,-3.3405944122208173,-8.0300149000468,-2.7454707341924136,-4.713795456264429,-1.236022801689892,-0.2453049181382472,-0.039363570492899555,0.024015549412328727,-20.17558236979126,-1.9682529042632062,-0.35395199720719006,-0.24644608684279098,-0.15381528284042692,239.51612903225424,-49.75041149428296,-4.652769230802364,-2.954582423084826,20.09191292273859,-19.287889124334807,-102.65625000002723,0.11406323218037166,0.8240325440700866,-501.7527179962687,-1
2019-02-04,-3.391583083445336,-2.9267410622029395,0.33301746311086533,0.09094799914401698,0.09094799914401698,-5.554877178472328,42.10526315789473,-0.031167017402147664,-0.3888354837256251,-0.23086586433878295,-0.04710141092538823,-0.35669643546061625,-0.5029122521649112,-0.42625936117875973,-0.1907896305835799,-0.02583496262369417,0.10697939433283511,-1.1326527905663788,-1.052866954304696,-0.23303188714685527,-0.24161151390354765,-0.31401246369210384,-0.23004605779494008,-0.25460508615990884,-0.2315525612638603,-0.27314733224536186,-0.24011417530423904,-0.4289118614930726,-0.6439769061103398,-0.5691049829374557,0.25422542688771027,0.15703956438269445,0.8826625483471859,0.30769544497357626,0.12260251452497664,0.2785475175388475,0.10334968950962288,0.16617377636941238,0.0511257079790254,0.018806837573411356,0.008693309401979358,-1.475845531682674,-6.479342506222803,-1.8776805593495043,-0.06803712579887161,-0.02583496262369417,0.010454990687089015,-6.413301662707658,2.575757575757506,-19.158886744689593,-4.38988203997235,6.240653856935106,-19.03636531698795,-1023.5294117544944,15.130066843421139,-3.310573142975368,-102.74719799914405,0
2019-02-05,0.1632238039173674,-0.38851486202400354,-0.704301365427161,-0.8391683147148294,-0.8391683147148294,19.005020465132848,-22.22222222222222,-0.03712573901304674,-0.45538078768058304,-0.06351430991024883,0.02806237259417998,-0.3413799893360263,-0.035918066787583046,-0.3934626546509684,-0.441447038302549,-0.3076323734701166,-0.08413856702829525,-1.1941689692752082,-0.9119454517371997,-0.3126230591435287,-0.29461916598966553,-0.4879615811162111,-0.3225687573278016,-0.296524467217397,-0.3171460558460804,-0.308214528883875,-0.29586239596002767,-0.4433024341372856,-0.646601999922181,-0.5702618200077341,-2.023017209825607,-1.1763948157615451,-7.203408587865676,-2.4720184321918337,-0.8751985405443912,-2.2285430707857734,-0.713477896744943,-1.2571985158752563,-0.31436462635687173,-0.06134421381294781,-0.009752127434558644,1.0149492091203953,-29.795720412681593,-1.3434375758308237,-0.4074956261421638,-0.3076323734701166,-0.22182661798677714,12.605752961082576,-64.81982669132165,-40.56957943448496,-12.183231720715398,-6.389594055865463,13.511994054747161,147.45222929952791,-2.6406967207694594,0.09094799914401698,-1022.6902434499699,0
2019-02-06,-0.8922608393663372,-0.7159458232041364,-2.2039840204364465,-2.094113842173369,-2.094113842173369,21.383069284317802,-33.33333333333333,-0.04520744520684434,-0.5129428605511139,-0.3897524588721992,-1.0697763050635842,-0.5046109855565475,-0.2119827291124927,-0.47434741449987633,-0.676206762067612,-0.37162663832248866,-0.15194088559396302,-1.1412632288998434,-0.9579336506826887,-0.5453132557742616,-0.4533756619546076,-1.018095110117216,-0.590263202676435,-0.4247291015246143,-0.5661527283426027,-0.41826864102714234,-0.46229650458384186,-0.5009777252276661,-0.6660315923710617,-0.5767717038019265,-5.0905379920982705,-2.959384542398338,-17.620887381093493,-6.214965526896564,-2.1995271457439323,-5.605858448832852,-1.7916806858129821,-3.163188059816821,-0.787214090118702,-0.1530809039649878,-0.024246635605469,7.800456679956406,-128.326363356805,0.3857290380396114,-0.7192859185613408,-0.37162663832248866,-0.07346233838267532,-6.010518407212398,-30.443633329430824,-31.383141523189295,-27.17083637448895,-13.896744942544755,9.081275502215592,-226.38352638361897,-6.786709085507872,-0.8391683147148294,149.54634314154202,-1
2019-02-07,-2.2722984447020043,1.6386385039688023,0.7447340632468109,2.7032234976738976,2.7032234976738976,36.87669659138283,28.57142857142857,-0.061589814570233097,-0.25465342012103426,-0.23270189158902102,-0.7249982610742899,-0.25124226582146014,-0.18856191450524104,-0.26521602471791705,-0.5228838264153545,-0.22226493195423297,-0.08838738581397779,-1.1512601926117507,-0.947357578201961,-0.1276119428877353,-0.1794815852403196,0.1968269248652575,-0.10012004646979919,-0.2053826055605905,-0.11505474090883626,-0.22914723866228193,-0.1741202687879301,-0.3908232603759094,-0.6214570928743868,-0.562973435328039,8.895888415414374,5.1655452367190025,40.71503672910642,11.086307197236977,3.9344517366847387,9.880742131029645,3.2709364315844933,5.500907654052801,1.5611226507564382,0.5588304731980032,0.25477551921533154,-5.028640552968281,-285.7629932750451,-0.7137885174115686,-0.2552487850363628,-0.22226493195423297,-0.1941596946958178,-275.29976019184573,291.2500026894314,-2.668914130953123,-21.782253987142873,-19.849185856042276,-53.18324282625068,170.36659877795006,3.9658376846891543,-2.094113842173369,-229.08674988119918,1
2019-02-08,2.816085613415694,7.777836607190121,2.534892701495016,7.1162454099547165,7.1162454099547165,-4.9862041667078385,105.55555555555556,-0.057684667191462216,0.2602646150793287,0.11905325856872537,1.390520744629288,0.5337246419280345,0.25554193379825135,0.31494473533524164,-0.2174012997231649,-0.30570540900711596,-0.09718040036501144,-1.10381729537374,-0.9523113173223751,0.8302139773162258,0.4718408407632611,2.5123614364777627,1.00397041118022,0.32300808257864455,0.9108485344885133,0.22896705307471418,0.508695187837645,-0.12472781821229646,-0.5156643053829175,-0.529607417889069,18.653727460734864,12.09592634917594,43.98449759974094,21.90683150704151,9.575850860880857,20.164126456307656,8.127396580717711,12.747809477290398,4.083282317808401,1.5065369390771048,0.6897232063342547,-32.498759297197864,858.1003468652127,-6.887975841845348,1.1867155531680333,-0.30570540900711596,-1.576605190026035,24.167806657546954,73.43512944746364,84.21751971546243,19.427740031641182,-13.91138358940104,-182.93362762720292,-99.51035781543062,2.92037315072189,2.7032234976738976,163.25035336804882,1
2019-02-09,7.315502856989585,0.34633523285518336,6.128103731202741,0.03252927634871165,0.03252927634871165,-32.03454292079953,13.513513513513514,-0.03898196669062851,0.29346498022632267,-0.2888744728352126,1.3602874730228012,1.0815850193466152,0.06916024428604264,0.49259667646107647,0.21857049333115297,-0.013800899029953144,-0.07597385241699367,-1.1071065257393287,-1.0088943401976358,0.7181637836740992,0.4300278651331677,1.6452337511260937,0.8463474353809681,0.300625162587406,0.7785789720345637,0.21587384945863713,0.46116560105306026,-0.11874956011970098,-0.5075942109618712,-0.5269772057793292,0.06943671978117343,0.04998602131075318,0.10632075501484975,0.07744032741573104,0.04117553432073119,0.07327958322491863,0.03573649056545383,0.052136206186236954,0.01906253546528439,0.007300757162842039,0.003367981019769777,-39.05775768214741,54.35076342463792,-11.418120691195249,0.034455379571048154,-0.013800899029953144,-0.056048198218042175,-9.29122291590147,-2.5797319818277966,47.96141398250413,14.655104557287302,2.6151464550657177,14.291979851587113,884.615384593755,-6.898476970366632,7.1162454099547165,-99.54288709179127,0
2019-02-10,-0.21247875212479184,-1.637578635595924,-1.069681376897921,0.3201841058608778,0.3201841058608778,-6.045514626165217,-4.761904761904762,-0.0366789303254168,0.4795175601721489,0.0028721386318865385,1.5738327363502427,0.6304287531862374,0.24920545727900142,1.019390694918417,0.14400784235478234,0.08097644978734687,-0.15160643436585483,-1.1284296450314966,-1.0074710787890713,0.6626404293422062,0.41961449047541366,1.1892523322567112,0.7616627873409736,0.30212825363536394,0.7100585110166997,0.22281374057579276,0.4471532539521537,-0.10203786190874457,-0.4953421250607943,-0.5229910810315773,0.7250957706403357,0.5124789686588402,1.217639082346963,0.8159590435709938,0.4190937414749324,0.7684106813048935,0.3622363396257077,0.5355235082498097,0.19112585655229897,0.07257711270886745,0.03332485170959578,-54.54140977748829,20.993418155354178,-15.59593747748326,-0.16296601367055666,0.08097644978734687,0.2947360472032012,23.643724696356326,3.207216236532274,16.812967379474923,27.27040319144819,20.8417988340124,72.99422849765214,-907.8124999977225,13.116461935743507,0.03252927634871165,884.2952005095418,0
2019-02-11,0.9494225807259634,0.28369500298627065,0.09480130159625486,-2.5782321406308615,-2.5782321406308615,-15.776467550806423,15.0,-0.0309346955142956,0.7469099081234487,-0.052196498588966786,1.4167552999246382,0.3421136674847536,-0.04016541757550926,0.3701463797458888,-0.010221981591763855,-0.058975662359736884,-0.2454700632254384,-1.1585904883021483,-0.9727128183531197,0.21203465083238096,0.13569494723506662,-0.09609470274239709,0.22647042270171638,0.08073473424664342,0.22043056093141983,0.036275620538327696,0.14683608038821613,-0.19671346916449953,-0.5264240018670644,-0.5327435177674773,-6.949407441035563,-4.119665156926606,-20.96588935361116,-8.377202499542404,-3.074139037881442,-7.609292872426879,-2.5068516946960018,-4.397103722280557,-1.100246219708528,-0.21204426828824427,-0.033030982308745065,-38.471769147327336,-9.136140297992421,-16.789560034474345,0.06509957513007754,-0.058975662359736884,-0.16720297214848878,-76.32612966601198,-27.6242642444043,-9.138656718165068,15.669334668107638,19.07692392076568,75.64952956981163,-261.2185686654568,-5.982776505246239,0.3201841058608778,-905.2342678593518,-1
2019-02-12,-3.1043724254305305,7.047496153655273,-0.760251881431438,4.266591589670092,4.266591589670092,362.1776391856531,-17.391304347826086,-0.14144989586219459,0.6555195231222424,0.15217353279977558,1.745695580014901,0.80375477958328,0.15572852060903744,0.6511106767238432,0.2873710100956882,0.22368777287408928,-0.26299201443933756,-1.1765942040572144,-0.9515769352326122,0.7600772680755953,0.5163199347814993,1.3553364994701111,0.8557520679946511,0.39392479226589466,0.8060815866476395,0.3106342795125586,0.5446588880326507,-0.03013413646617453,-0.4563756351061964,-0.5104382564309715,10.326467643584285,7.058499597614761,23.26611717579425,11.845865536692582,5.7086658317942645,11.038382361665722,4.906157798695909,7.398449212669789,2.5551443413617982,0.9606686151074967,0.4379744342629595,-198.61578221309753,17.978603590074982,-23.804811614740547,-0.4404215453197644,0.22368777287408928,0.8043194357442871,186.8603042876923,-2.427900773682456,-9.757530351927132,3.1150734690234625,13.832025567549872,-7.9706665221282575,-120.63587282541161,-5.309787618982702,-2.5782321406308615,-265.4851602550473,1
2019-02-13,4.37677670499653,-1.93796652603274,2.638706182774906,-0.8444204428297833,-0.8444204428297833,-57.68916888203945,26.31578947368421,-0.0598014786774394,0.5376494272459849,0.1694069509243547,0.21515598809135777,0.4424654364426209,0.13822120782380454,0.6693228686981499,0.0956310352513088,0.22908951669586727,-0.013437179398095975,-1.1813991878156502,-0.9340290303725823,0.5356546032472354,0.3862620052761221,0.6024738982566346,0.5819806098233712,0.2976964340574416,0.5589830056519971,0.23276850188916157,0.405557502449319,-0.061831106255540495,-0.462315858481081,-0.5120649929020058,-2.3147681414554246,-1.3868466171211273,-6.669197449588428,-2.774215711612171,-1.0380418638605118,-2.527800159994121,-0.8475827399117126,-1.4788796436397067,-0.37266558542688577,-0.07166365034298097,-0.01109202850403047,125.58342871407433,0.07246668964902332,-31.264522968622867,-0.24001835557323467,0.22908951669586727,0.6341666886804552,45.130183220829295,-37.76678543236362,-23.06713824750098,-12.634726125441386,1.2547739855876625,-18.0135332175233,67.44186046518233,-6.206193505703976,4.266591589670092,-119.79145238260527,0
2019-02-14,-0.974089704583378,-3.8745212992293547,-0.5654402895054182,-1.4259543496558897,-1.4259543496558897,-20.418507391497815,0.0,-0.047800655756704176,0.5125459846551222,0.1458321398594131,-0.07938687370496741,0.24846325262941077,-0.24705950356886092,0.2923610240989207,0.18995737394502402,0.15935504382266333,0.005109880311278541,-1.2426440021306466,-0.964403516350592,0.2650488066125629,0.21517600091731146,-0.08176722760164983,0.26323677432979453,0.16528154570885525,0.26596299589103845,0.12215062361616831,0.22443452634257474,-0.1145152581103038,-0.47701069178299454,-0.5165014293053363,-3.987163640495342,-2.3749641844596043,-11.816915931461923,-4.791191234105559,-1.7729657961325709,-4.35946752279401,-1.4453194225362818,-2.5341859876735864,-0.6324527298871107,-0.12104819466842912,-0.018662079002922133,19.413455821875463,-13.00538443444882,-39.56974293281051,-0.060029195246001796,0.15935504382266333,0.34714889919293845,-20.265780730896985,-35.44615384615383,-23.53959694706834,-17.852001611208305,-8.866085101466018,-5.163939954392674,-190.27777777788083,-5.408634483535936,-0.8444204428297833,68.86781481477095,-1
2019-02-15,-1.1447260834014648,0.5188992450139017,0.3487754947304552,1.305942036265005,1.305942036265005,21.193690253177788,-10.416666666666668,-0.0577763750196099,0.3667384786066086,0.21612910045276038,0.11642665120972365,0.6344379082019591,0.025576392989284134,0.3319630438274314,0.07451231046738298,0.2485797773885585,0.19953063037882468,-1.2555454405303876,-0.8933373259958408,0.40621927500775096,0.31646566527046543,0.38004544704911414,0.425969380108734,0.25151768424706156,0.4168959637993551,0.19987533052058717,0.3296264308778581,-0.06037569276176848,-0.4500811153515277,-0.5077353330140659,3.333034991839602,2.247355462446439,8.857113608545363,3.8597403858646766,1.8118212288425386,3.57757774502805,1.5556089494093701,2.358063851318033,0.811274826835938,0.30463563407732797,0.13798335753655414,29.0338225499046,-5.640936696929053,-61.78633121040538,-0.11739067265859912,0.2485797773885585,0.5605808986430701,34.749999999999794,49.57102001906567,-19.718393403264123,-18.256907474720805,-15.950793180971418,-22.828971144883937,83.65384615379693,-11.118510648874517,-1.4259543496558897,-191.58371981404204,1
2019-02-16,0.8471814923427776,2.4465430346919823,1.2038786047097148,2.3674946700381887,2.3674946700381887,47.60771819173897,0.0,-0.08474081089832396,0.48272987508517706,0.35464029076041226,1.109009328255803,0.8269965831702416,0.18018755886809956,0.772610569881821,0.18188125297504965,0.4840693619926531,0.07062730303651088,-1.1758718407411743,-0.7827137413887787,0.6745995273869216,0.5088049622710575,1.0475449302681323,0.7316338447762304,0.4131721868839226,0.7024942414176251,0.3437666725455505,0.5297667572498754,0.03342569939044618,-0.4067739947923638,-0.4936531376015096,5.695105658409758,3.968233717973657,12.716065669033302,6.485374923238874,3.2375238864177063,6.065804428986774,2.7976413857169153,4.150486410855183,1.48269554481537,0.5615840672128315,0.254205386428676,41.306268405956935,7.935586704435021,-174.51723743744716,-0.12574534260015918,0.4840693619926531,1.0004502177882382,53.5559678416825,60.86679413639284,21.1878387933067,-1.5961714620981338,-13.606798799965969,24.625966965780112,-21.98952879580443,3.300384565530296,1.305942036265005,81.28635148380995,1
2019-02-17,2.609668199328948,0.9098724745665553,1.7619391284871895,1.8041798852105577,1.8041798852105577,-31.809643541286135,-11.627906976744185,-0.05750505775825905,0.850449528543224,0.5514717247092507,0.6417186211934778,1.0443698432386797,0.2510511145253948,0.906138203728115,0.26025466980563094,0.8976006494053935,0.12617312726412233,-1.1418943637389902,-0.7822798564499784,0.8317701134877084,0.6325277431413391,1.3049858635813798,0.9032325634495612,0.5215094317305279,0.8664652958081132,0.44266730630308904,0.6572156712265177,0.10343552570785271,-0.37184423006315037,-0.48207529786912456,3.9709564534022177,2.8967707369871607,7.115334994017738,4.4206762614549335,2.404765824727613,4.185203680922102,2.098153120800346,3.016033797372677,1.140343298701969,0.43840137870578816,0.19868225853434418,35.46334947739872,11.39918366797715,260.8936999689743,1.1741799576800624,0.8976006494053935,0.6660093879710866,-4.772452678211841,56.3896864325508,56.36475467828825,14.247270793382175,-3.0899978200251423,85.8405105208601,201.47651006702927,3.0660288023911044,2.3674946700381887,-23.793708681022878,1
2019-02-18,1.4097129708126417,5.8478286593302595,2.1618449047467556,5.342785099195961,5.342785099195961,184.7115832550671,65.78947368421053,-0.16140542900929225,1.2440794790303789,1.127391002268798,1.9079757309411087,1.666834250856774,0.5219288692900271,1.395594741056948,0.17028183486177123,0.9051663755688567,0.2305508944916722,-1.1546601326766883,-0.7549704886628462,1.465488968673927,1.0876478807435601,2.685594898605757,1.6198672521768487,0.9018011130035453,1.538898907180784,0.7790062948016041,1.1311399704547311,0.314101660015698,-0.2795897296397037,-0.4520519659911034,9.942910085289322,7.81444137208415,12.886426051935477,10.67851506421235,6.676277472649837,10.305488813668951,5.918480734380401,8.075291605117782,3.350514071126323,1.3204785401128678,0.6001892712587523,49.862207140067724,33.6846227174464,96.64196369376731,-0.9127897676436502,0.9051663755688567,2.435100475593563,-8.64876295199844,1.201030225474865,30.169160293609192,22.117068191722872,11.996528705477656,22.341128009474954,-17.14158504006866,17.257330073018018,1.8041798852105577,196.13372496792047,1
2019-02-19,5.813647980509706,6.175378974198454,5.350089766606824,4.202420738867315,4.202420738867315,-4.272487831681832,3.1746031746031744,-0.15184378138805663,1.6180471043023916,1.0827203714129803,3.045179548637711,1.8206206511459155,0.741826111131448,1.8820832119250626,0.5187034381747863,1.100197164298493,0.40565881093069245,-1.0918719162323933,-0.745787917488158,1.8646726451288422,1.401275644914831,3.217650452597328,2.052016861406651,1.1736053465786271,1.9540029034906228,1.0246269564070656,1.4547232058429445,0.4782823416740566,-0.2031545832271015,-0.426664676375751,6.044079736040734,5.290348265067101,5.308572003807225,6.1833823953357205,4.726789644729696,6.122837206379175,4.300261409689537,5.405224418182358,2.6143286489712603,1.0809605088804848,0.4961375193557011,41.78660634986424,30.4343210180543,64.10345319719536,-1.4739501284907228,1.100197164298493,3.195715762118652,42.77777777777786,-9.50210270853628,10.42527186872461,19.612600801533357,18.90476912531862,17.6320762426904,-94.68027941965052,5.241835207608162,5.342785099195961,-21.344005778938428,1
2019-02-20,3.9773368546985393,-0.492756064690023,1.3269711429220659,0.2145411203814105,0.2145411203814105,-41.09276206057598,-9.230769230769232,-0.08921342949969481,1.7465626161278514,1.0510335303394602,2.7585498229782557,1.2708305930205483,0.7507019416703338,1.6811734910832716,0.5749234641117691,1.1581440467641644,0.3346350571311953,-1.0808902996567888,-0.7147499138944144,1.6184763130036643,1.2784819444944509,2.154202485821393,1.7380653125533638,1.0922625662289065,1.6769331797460412,0.9646772570171032,1.3205216705596388,0.4667333577437692,-0.1957168390230506,-0.4230047020139454,0.2852056284189194,0.25824767196829757,0.2324586938689843,0.28794703090475504,0.23450795894319026,0.287085328111263,0.21551217851357216,0.26282994401284154,0.13518623080337194,0.05721259086956254,0.026376991864512873,22.583099730265054,9.628929121326015,42.824162380927135,-0.49789514293023235,1.1581440467641644,2.445261382276286,-0.4701686121919506,0.27328129716313754,-2.7886975740773416,13.137224950044907,17.723888371734972,15.068526281618944,-1374.7474747430178,7.747268059398743,4.202420738867315,-94.894820540048,0
2019-02-21,0.4037948027701163,-2.0590849451898285,-1.3006234022514331,-2.7290026814289403,-2.7290026814289403,-29.90774953882233,0.0,-0.06285194234254897,1.3281566438989032,0.9441509308178558,1.676787694769257,1.000109902187064,0.6381769603203962,0.9285559640938518,0.4622177991933654,0.8261899987919735,0.15962741841589442,-1.0963015343882656,-0.7606466403633968,0.978802498509697,0.8681758818765347,0.45781688377896734,0.9862505549351591,0.7709769142677741,0.9852285943703746,0.6933605656077816,0.8871012486295783,0.3271463090146869,-0.24101149740975977,-0.43625151028102543,-8.248422452566967,-5.196300597114152,-20.308342652300006,-9.653277922586609,-3.9586011204658265,-8.907196729801505,-3.260417203311801,-5.514078091019565,-1.4578702541971724,-0.2796325223779091,-0.04223339102545775,6.716597301804626,-10.146576696995634,26.94150293524769,0.01372222027049063,0.8261899987919735,1.439519802531254,-3.7139599283269744,-25.258995273083546,-11.440677657801643,1.0468149128012951,10.351918557468712,-24.16373518065943,-188.82725832017434,-1.1145851768467872,0.2145411203814105,-1372.0184720659793,-1
2019-02-22,-2.8714134359661894,0.08858926989477187,0.9883218975780544,2.4921079542928215,2.4921079542928215,-7.852476813730893,3.389830508474576,-0.05765932464200301,1.048700782895539,0.9145640342238972,1.81722271148403,1.1866653477099536,0.8257154424769453,1.1231567194143164,0.5952882350760971,0.9188522190670311,0.3247344705665651,-0.7077236123329492,-0.7429210458923046,1.1932894274724086,1.0285126517033394,1.1420944968251654,1.230364872215955,0.9106606956929197,1.213098243752324,0.8209956181782543,1.052727789535414,0.41882941989313316,-0.19336261297498253,-0.4198169214094087,4.059454064316814,3.2936929278209197,7.591670843003478,4.372408678713647,2.8928562660680903,4.207194369013029,2.6160096463987172,3.3843433680015718,1.587204061585208,0.6593804232917563,0.3014797705237879,9.266400547044729,-3.8546955036722563,20.40545403515027,-0.18887433130311462,0.9188522190670311,1.7433184911049588,-9.237015733378502,22.163096572064788,-3.068307906275889,-3.56288750797596,3.1296804453444933,-10.22907518554089,204.19268510252934,3.202582653512924,-2.7290026814289403,-191.31936627441948,1
2019-02-23,2.4643262616593664,9.01299598462933,3.1631757744831095,7.396481790772842,7.396481790772842,225.38471939015773,3.278688524590164,-0.183414771769929,1.6120906801007622,1.2678508823185837,2.295857884245593,2.041654283524416,1.3830462754199488,1.7057290958439246,0.9098803154854682,1.4845123103510711,0.4824401903075249,-0.6085636980179836,-0.7043477367158667,2.0837776790571247,1.666354026091809,3.273973205161757,2.2424121071781085,1.4452870790845769,2.1599628695368223,1.295310878387444,1.7166876090121215,0.7204241397337494,-0.05748184323887197,-0.37466740417862227,9.528539875229965,8.450713222799054,12.83554434061708,9.867874997743813,7.710437257083959,9.694091003262177,7.129326968820814,8.600688505798978,4.59856818763697,1.9922209387447682,0.9174910981873776,20.746615968810957,21.080999053914525,20.519940566840567,-0.7381502587142345,1.4845123103510711,3.1073942210971826,69.9720410065237,11.977969161699047,0.8429044500986117,-1.6715507930258566,-1.401115978353106,22.289145810761273,-205.1319648093656,4.81540495889816,2.4921079542928215,196.796203311815,1
2019-02-24,7.647518901538199,5.887478464067179,-2.331261585432342,-7.240522691010451,-7.240522691010451,98.14289926666896,9.523809523809524,-0.3628298545651284,0.9687788029933231,0.9859800195949819,-0.09313824376468707,0.9944624346126927,0.8231314432989544,1.222366617287116,0.6080878673691149,1.0263337212738413,0.3129940451260632,-0.6396945431364679,-0.5483051095229108,0.6755835743076535,0.7239221142327001,-0.4530778845089521,0.6075137421500008,0.6873137668054605,0.6466758019916713,0.6425022587066027,0.7268451449859475,0.35352082370929044,-0.1956707651275568,-0.41742043208887025,-17.761977222834183,-12.368733366954864,-33.19039855963724,-19.94952546659968,-9.855531933989049,-18.807096091559632,-8.334249644833791,-12.979753163754667,-4.002125882664309,-0.8036424996515086,-0.12144856124304483,-0.9488241525051329,-21.873606706737682,13.301939409688332,1.2417694970784356,1.0263337212738413,0.874899593185666,-32.99703914902955,-76.13953764029038,-18.76535436897506,-16.095983430025385,-7.017016246087575,-49.803892099194094,-148.56345885635864,-22.90532337527688,7.396481790772842,-197.89144211837387,-1
2019-02-25,-8.103253410833949,-9.717598653450544,1.4915375340508237,3.790715903152775,3.790715903152775,-67.90657795293247,-31.88405797101449,-0.11685881839451139,1.4167335377639034,1.171418352106574,0.6121922928212461,1.380245882977871,0.9550330013617803,1.22063759866715,0.7616191458879189,1.26122899692601,0.26832505350824853,-0.5595942269579909,-0.5649593804504962,1.109051436144148,1.0227593988361336,0.9486432420223514,1.1135015963556345,0.9368106899567522,1.1131396257377575,0.864414369860784,1.0386456490778013,0.4999463432635398,-0.12439313907912089,-0.3930121645306774,5.599733550537881,4.416973098778823,12.299863200136436,6.171966687708801,3.8964073171744764,5.863837672717278,3.555888585562305,4.542078702349714,2.2819146511742217,1.0087751831835186,0.46808133363875004,4.616421315465005,-8.442603878857138,10.74907404107624,1.3137947383541742,1.26122899692601,1.224145101948583,19.983633387888858,90.96133751306205,-20.518978474591307,-13.602239713751787,-10.227019654106556,42.47043700141664,-132.45261344052867,1.8780467469828925,-7.240522691010451,-152.3541747594989,1
2019-02-26,4.724046296092944,-0.7561005924514175,0.5500066000792014,-1.1852566657576264,-1.1852566657576264,-38.11874690731265,-14.893617021276595,-0.07232841967544049,1.0343029178520475,1.1295044638016496,0.9060825380559125,1.3635130203703787,0.9358514032185825,1.1674661460915947,0.7797644335411895,1.270513062340857,0.14333253097555101,-0.591197560352809,-0.5020994724472361,0.7813331961177011,0.801708789743483,0.22397469469694672,0.7384262392513627,0.7613841759591788,0.7631092651499585,0.7157449973063106,0.8061616489367741,0.425805504345772,-0.1441052166571056,-0.39780039546100976,-2.8575676994648114,-1.9730285205337366,-5.936902238763656,-3.231508768922505,-1.570646683920288,-3.034743992367423,-1.3283275028241592,-2.0714792505536153,-0.6393510571873712,-0.1285280291038387,-0.019317126976161322,0.299290728084037,-19.14384134647363,7.84773004712807,2.4076710153168426,1.270513062340857,0.46756435032073884,-20.73386986768527,-23.85701034112393,-38.5457396870477,-11.5745206853205,-14.001555305312523,-21.671947807828257,152.56637168149604,0.20787253594502614,3.790715903152775,-131.2673567747938,-1
2019-02-27,-1.1827866789698749,-0.0417458097643432,-2.1573604060913723,-3.0294667119565317,-3.0294667119565317,-21.475596630843622,-2.5,-0.05705010516913163,0.8495576928952553,1.0442913561714895,-0.18026633716578816,0.9857082458676241,0.6759436372389539,1.0076376838263639,0.8577970511144908,0.9741367167355297,0.11443252321977283,-0.36057394281514854,-0.48486458922855297,0.24762156314831757,0.42571957560139223,-0.8653528416215233,0.13538033954353437,0.4540574050909989,0.19669356897947768,0.44921990995010486,0.41311096880691467,0.2762287996727938,-0.19715958553022328,-0.4135801227568497,-7.177735279748037,-4.961487535580395,-15.249599207293436,-8.123572661695073,-3.9565109485930274,-7.624949275369675,-3.3505829041558877,-5.207387593365577,-1.620392301251258,-0.32679332532833616,-0.049008479463035305,-5.988303725315328,-41.24954153383753,4.275080597301177,2.3680885629629085,0.9741367167355297,-0.029141539132269273,-37.3773877129582,-62.76927824084133,-10.510733606228678,-26.03296996179366,-16.549353745499186,-21.48079186713828,-155.01051156275227,-4.538137406076182,-1.1852566657576264,155.5958383933705,-1
2019-02-28,-2.710101867572157,-2.606026436133557,1.200858714611572,1.7185892243361165,1.7185892243361165,41.10689165898986,0.0,-0.08038942091343738,1.0594193285028781,1.0117233009172162,-1.2933939828141034,0.9450071300595991,0.7143701258072028,1.0427059957297482,0.7425882110396967,0.7491483020803871,0.19761476209998846,-0.12450002476472487,-0.4841655521512199,0.4468995624592039,0.5482356044952382,-0.019075752893955814,0.3807620921180399,0.5530187876182124,0.4166680292942653,0.5364252205001753,0.5423016044208488,0.3366093799171215,-0.162933568072049,-0.40113124990235477,3.02522828209432,2.209792179922122,8.823412839338703,3.4528222800136716,1.8919130898335215,3.220412791375643,1.699907243552237,2.2904698751318224,1.058060899223722,0.46211811209435333,0.21307133455606025,-3.1561451688273316,-37.92145822898242,2.5451025107229435,1.0641432898180936,0.7491483020803871,0.5169984323099533,-40.14839241549852,81.85610010427656,-23.691132384404046,-35.25227894833499,-22.71245763729617,24.468489646801913,-126.4968152865747,4.307747111972442,-3.0294667119565317,-156.72910078705507,1
2019-03-01,1.5967541391270128,1.1963722904740377,1.6263396309800031,-0.44767767207610487,-0.44767767207610487,-20.52911854370729,7.6923076923076925,-0.06366180073142283,0.9334469374231045,0.6882990259857596,0.14001030750729038,0.7635620095300241,0.8068117836362011,0.835970490797746,0.6992235556880934,0.7182883749884289,0.43431991952902865,-0.19742116337448046,-0.44233519377279906,0.3241731996857129,0.4527615057283212,-0.16188854285992338,0.2506508504114707,0.4737971948001888,0.2901159219272457,0.4680226637560508,0.44318669206213435,0.3033250792326499,-0.16811656629644048,-0.40140879947471636,-1.1391543093504195,-0.7657307984675296,-2.8258888527528097,-1.3081568976308622,-0.6044948955345565,-1.218245297297632,-0.5091315272583565,-0.8058489491723164,-0.24292530639284868,-0.04847935870943001,-0.007212631329720777,-4.506647436674548,-59.92091792430564,0.9947366565619423,1.2506176253117647,0.7182883749884289,0.3238286034719792,-94.99540863177207,116.76556485485222,22.818726534236426,19.254740629502223,-19.330548025116915,-9.568882024971796,-214.42307692338613,-5.859309341059103,1.7185892243361165,-126.04913761454826,0
2019-03-02,-0.8416532474503415,-0.8114578698701127,-1.039333782696628,0.5145500929649223,0.5145500929649223,-42.979470526693135,-2.380952380952381,-0.03632651718982061,0.812729796653402,0.7080467365185812,-0.5047905783862114,0.39686177239762366,0.8187616793547116,0.7443144502951866,0.7494605884230005,0.7256635157244096,0.3958433253397212,-0.15122498540229173,-0.34558706360809605,0.3500899212571224,0.4586318264081799,0.0628597675289376,0.2918090362341507,0.4769938683363153,0.32273443412822783,0.4712271943664592,0.45026809569117343,0.3122221245749568,-0.15572525853359276,-0.3959496065575281,0.9828786798092953,0.7000630716852789,3.2045851746166547,1.1358186023946055,0.593770461248971,1.0523429019888693,0.5308901855205969,0.7274386500479859,0.32704097481196764,0.14195566488633468,0.06508642156953899,-3.862087676917001,-101.51254222566683,-0.014897619878793714,1.344125287165105,0.7256635157244096,0.2631453101531681,127.52293577980456,28.705571659876238,60.25510656826184,11.91670825425839,-5.614019693637621,-8.85371408709657,-375.2100840331468,-6.609814629923894,-0.44767767207610487,-214.93762701603995,0
2019-03-03,0.34211722928349914,-0.17942583732057574,0.024168918770470112,-1.4088445323926608,-1.4088445323926608,16.619856540820077,7.317073170731707,-0.04240475952139577,0.5890881461323163,0.618570941410586,-0.5461465845363422,-0.05514050983488318,0.7815933119311607,0.25760669611533427,0.5900813696128173,0.7631857081463453,0.3257351334347919,-0.1373500328445749,-0.36897016015008677,0.11024714059535684,0.2811105763546429,-0.42832468494161635,0.025983069080673143,0.3290126626879939,0.07059136127980223,0.34168328115064606,0.2656699457067752,0.23958256040655365,-0.17862373706621393,-0.40204173130378024,-3.9027843522127466,-2.5553515790341867,-10.981083993943448,-4.5414141751192405,-1.9974706137255402,-4.199325571326323,-1.6732240307335604,-2.6962203665370095,-0.787387248105912,-0.15540282060869665,-0.022933386640962772,-7.0780875661305105,9475.228487196962,-1.4266936859510237,2.17496853681697,0.7631857081463453,-0.30400275430392015,244.7580645161323,-36.52436806643619,12.939928110055623,3.68137816279747,10.880950660597238,-26.58578514206567,336.7938931299264,18.79127846206928,0.5145500929649223,-373.8012395012221,-1
2019-03-04,-1.1652748106428408,-1.283916802191225,-7.125911607064414,-6.241682483583136,-6.241682483583136,62.61074529968279,-18.181818181818183,-0.06991840321180495,-0.20163590228983022,0.41881885575042915,-1.1706729310598951,-0.5853850769795532,0.590462725985875,-0.524312966363884,0.337762682550061,0.250528090378174,0.271297196188641,-0.06879378006991954,-0.3890167065262007,-0.7427392369874225,-0.32849321135646903,-2.3494391789503943,-0.9396508003455808,-0.1776569083063199,-0.834978710922685,-0.10402135592040261,-0.3696780556773403,-0.029468078550010292,-0.2880497049437902,-0.43680959798667746,-15.443969130706495,-10.468974976517272,-36.53116615834334,-17.688476044489786,-8.307690075258895,-16.495030073717594,-7.02185666003735,-11.004927888074862,-3.3891516516940077,-0.6809097634077235,-0.10057124292221721,-20.22742515364897,243.3292395016037,-4.969151147662066,0.9107577857549709,0.250528090378174,-0.2609594637563369,-465.73099415204575,-59.90422866523464,-21.663209194377615,1.9348297687776013,5.5745403323206215,-133.3616643224854,-232.9255505068406,-18.910669245553063,-1.4088445323926608,343.03557561335685,-1
2019-03-05,-6.1112202790332155,2.521026619266447,1.634342478713333,8.849125093075207,8.849125093075207,86.4260353655453,-2.7777777777777777,-0.1284746458373806,0.09793230004975081,0.6452067684229976,0.13902228303533168,0.3237855339758673,0.8360443712672534,0.08898262094568636,0.733441170133363,0.712968887310722,0.3649071537290649,-0.0410127772072281,-0.4922242370891915,0.4739704473084148,0.47833825892265125,1.2037931544649563,0.48774696522082794,0.4761183854654963,0.4785723563099096,0.464879589771494,0.47735459819355924,0.31619755603823374,-0.13298850223658437,-0.3847466760298692,19.623156985028942,12.906221694678724,80.49416852399034,23.429943697125584,10.56910279222267,21.34061019968645,9.26606603291985,13.530060612723174,5.459993035141784,2.318922066067276,1.053670048107221,0.8560721809100952,-22.58947477659334,-4.047786638765269,1.689457210218066,0.712968887310722,-0.052415065421228965,-12.567956507834916,534.034133232485,32.48260592352439,41.50027128562012,16.015838314447805,-144.1450941041586,-100.5259006047778,15.007281683570566,-6.241682483583136,-241.774675599891,1
2019-03-06,9.08097297800102,1.4187546252246643,7.830862674827226,-0.04275422732423977,-0.04275422732423977,-29.908148405006287,20.0,-0.08909964964261478,0.0794728557760502,0.67545339742977,0.2211633630845301,0.11781736153764819,0.5949123828451632,0.29529260056898604,0.723916044028605,0.7695667985311527,0.44365352707466327,0.03686823899772035,-0.4398604324347421,0.40296126431464685,0.42871101608168627,0.7783924530092434,0.40395259815228,0.4354067647155001,0.40196880856456896,0.429931600987023,0.4255847865170459,0.3010339656500582,-0.1313194664966655,-0.3826515095878811,-0.10148767425123131,-0.07005113892534756,-0.2318081145354528,-0.11552563201072563,-0.05615390745182158,-0.10806916959335644,-0.04778028186266605,-0.07346903447083594,-0.023560776722627377,-0.004811400031290664,-0.0007091398671842459,-0.5885776624092677,-17.680431977196896,-3.4726874542974415,2.3819066858122357,0.7695667985311527,-0.5162305350802256,-130.39502560351127,-12.192997591914343,31.249943841522292,14.952617088940166,19.009410437356202,-18.473733779900698,-3920.0000000587443,0.7279136757575313,8.849125093075207,-100.48314637746148,0
2019-03-07,-0.17907774958960027,0.6212734019930777,0.8114640883977928,1.6339100494022707,1.6339100494022707,26.732259396553896,33.33333333333333,-0.11235095746609607,0.39180614770214645,0.81216829434118,0.45052721734988294,-0.35698268903041397,0.6567564274400148,0.2352734556865643,0.8016564026332773,0.79053601312389,0.38893417059667407,0.047339373928246206,-0.4616025792780425,0.5713693962428168,0.542951623518006,1.067970218075891,0.597363976215201,0.5289956578086834,0.5821880089538903,0.5124292303571315,0.5452963572400603,0.35714710611342976,-0.09863960153627228,-0.3702551889830457,2.981395258655761,2.1415684071761376,7.390690743944527,3.409466452373691,1.818558418554532,3.17842923193795,1.629260441061978,2.2247339936756534,1.025373903177071,0.4593998759382594,0.21122765686101005,2.7769350104822768,-33.21606779802452,-2.402633175938113,2.376617909818256,0.79053601312389,-0.5111688034007491,-117.569193742479,11.227984008558195,40.22709976838385,11.70799789153745,20.21540656190049,404.9975594094569,-258.5078534030355,-3.426601930509374,-0.04275422732423977,-3921.6339100494183,1
2019-03-08,1.6017769045127406,-0.7438256257251745,-1.6740880287720603,-2.548239799675954,-2.548239799675954,-36.389300012148865,-3.571428571428571,-0.0717556185827631,0.032100707137087264,0.6246340443329154,0.20663493914056985,0.06913189068519189,0.5366935114298906,-0.5291145224662902,0.7621538153870143,0.5478886800238444,0.34324617902800125,-0.10431131554075367,-0.40621664987448275,0.14006137327259593,0.2467587315071109,-0.1629077569928014,0.09761952331353749,0.286058973150048,0.1194530484151851,0.30036960504198046,0.235494265651735,0.23327626059459974,-0.14477576880979,-0.3839131459045146,-6.343335591246177,-4.332066551442686,-15.447980723981674,-7.265665731457277,-3.462601117566227,-6.773799461956573,-2.9427738991596004,-4.547486456427576,-1.4494209845747763,-0.2957580330626358,-0.04333828261199474,-5.778405529824022,22.322199986603458,-3.0113043558987864,2.1097495517553027,0.5478886800238444,-0.7711444323943977,442.46575342465695,-23.0974632843792,-8.71970509702866,10.503152637724101,12.202360350431016,-91.80968986355994,-237.9851362510911,-4.447092979428929,1.6339100494022707,-255.95961360346598,-1
2019-03-09,-2.793601412565959,1.974741676234204,0.5726104942303492,3.6081361202280164,3.6081361202280164,-7.484425724094444,1.8518518518518516,-0.06587941892109068,-0.23492019622744392,0.6951559372967223,2.1736582316398345,0.0564906700441445,0.7664700322429859,0.34149146188259655,0.8085824581391322,0.6454372633894173,0.43041985360735513,-0.03938273765522202,-0.40767378222836037,0.6066752268787587,0.5598603806659028,1.09000463723039,0.6405958983805992,0.5409128292728057,0.621404086850318,0.5230405856168043,0.56386733023332,0.3731701138017059,-0.07579412022617567,-0.35942324463268216,6.961367601689601,4.874013641747516,19.323795568383858,8.05330899247654,4.095689259635183,7.461734520150543,3.648811402634166,5.077042509378852,2.2722317565296284,1.0154425770250692,0.4652589906657966,3.9490363903477608,-42.27904236636814,-1.7921198959785989,1.864730372505962,0.6454372633894173,-0.41418408829150155,-391.1616161616161,26.50415721844297,2.765836999147578,21.055313072120168,14.749183161436966,-897.2282899695693,-144.64392579291194,-0.012034964427996038,-2.548239799675954,-241.59327237125945,1
2019-03-10,3.9075339503503073,-1.34285889746371,0.8074816530643285,-1.5547172957088902,-1.5547172957088902,22.879367213724635,0.0,-0.08103786826372614,0.20146055051520154,0.5364970734646957,0.19459882051018693,0.0239140675851146,0.5546902005300283,-0.07154367062092425,0.5465289811401458,0.3185455424119716,0.2359217064684943,-0.014220383312380267,-0.39314934368037846,0.3071938038131087,0.35692352686375245,0.18941948776445794,0.2910316151647836,0.3752415730422744,0.29901046357231537,0.3788782008387979,0.3513496769069403,0.29068021399071703,-0.10398015420828514,-0.36704795810901925,-3.9396073797680247,-2.6823122098030123,-9.83857690197358,-4.523872070661686,-2.1445317293255814,-4.211690103599544,-1.8238439212775182,-2.8159752107356755,-0.9021596016235764,-0.18475000995183022,-0.026941424467518328,-2.4122278540157778,4.508156875026945,-1.907088789915919,0.6962024617550129,0.3185455424119716,-0.017166083737895976,-66.39202081526466,-47.50592415928568,-17.845889371205338,-11.00169608632658,5.534262179403992,-200.10435592825942,-102.54691689012122,5.876272910866568,3.6081361202280164,-143.08920849722918,-1
2019-03-11,-1.5025701858441938,-0.37970743853097333,-1.2541339174505028,0.04022270677646376,0.04022270677646376,-16.270149477307307,1.8181818181818181,-0.06788978318583337,-0.06343462393866423,0.30505110016495557,0.21075932726639096,0.28384424698581895,0.5824415351603783,0.025190795415942546,0.5440066963868645,0.11946506318960279,0.3418054129513483,-0.05304178050882388,-0.4151213939232043,0.27088906478227276,0.327108580042535,0.13949917845101492,0.2518297857591243,0.3492657029261867,0.26137950207121835,0.35583367811652916,0.32073296500851106,0.28016089811467787,-0.10127177819424245,-0.3644809702652682,0.08198864831353284,0.05651095252911917,0.24322948540017728,0.09550879575942073,0.04718068279272239,0.08816909504346654,0.04189147648138141,0.05896377114105809,0.02596467557142999,0.011620085407258547,0.005315442198054243,-2.965344289248082,8.1327808208972,-2.1022804969496067,0.09055186475004924,0.11946506318960279,0.14535033457884897,29.29032258064506,1.4537107880641462,-11.139016571226483,-9.175756924250049,-0.6534595461281677,-135.17936563889577,13310.526315581734,10.00252374183341,-1.5547172957088902,-102.58713959685646,0
2019-03-12,0.010564347440239858,5.867283179205199,0.7698664694880608,5.39190790587439,5.39190790587439,92.99781817700558,0.0,-0.12906762870752128,0.41496900796278946,0.3744237568240879,0.9652534160492211,0.5990642981339597,0.8426961551249754,0.6837909889370769,0.7209469313483677,0.3823475711263266,0.48978432870582067,0.006920045935452596,-0.4155955178355612,0.9656817395948845,0.8025570428321542,1.895179994301456,1.053536346810237,0.739045607210033,1.0057765794072648,0.697446168677827,0.8183708480071583,0.494342627954025,0.002045647782862944,-0.3280516330363689,10.186395143416307,7.20518045810894,26.260592801101502,11.722032748489228,6.083448218252903,10.892437093943474,5.438348752399762,7.497182897251202,3.439641537168535,1.563575745036863,0.7156847321694499,11.79221073956452,-120.39273086718039,0.4379186828788076,-0.4441366508335016,0.3823475711263266,1.1218735694926942,230.53892215569007,74.19681487618521,-3.5128216867596,-2.584824180765711,-7.878035563252259,-677.29677210411,-143.99529042384512,-0.8449958926361866,0.04022270677646376,13305.134407885973,1
2019-03-13,5.355558372417296,0.36593283361860096,4.944319751381203,-2.250823227050044,-2.250823227050044,64.81480188916412,-3.571428571428571,-0.21136082650323523,0.4600895996179798,0.2486507206691183,0.993746646995719,0.4328132684261985,0.6983310348521095,0.3654920236837342,0.7093658880025487,0.395977103728684,0.43296363918152336,0.05416266781474251,-0.42759641238373364,0.5101521754125972,0.5028770031613552,0.4617703889799053,0.516023598479581,0.4972642221338099,0.5127526368345712,0.4881324981539821,0.5035258603986995,0.3737148544887825,-0.04261078931409493,-0.3409182141137801,-5.927682237049494,-4.038246503101202,-14.66224023998256,-6.810757600866984,-3.2347746586220256,-6.338674614678566,-2.7559777449656258,-4.23827566294142,-1.374475616696712,-0.2833842949257954,-0.04103938165243916,1.0932517401416466,31.022692199487462,0.5712711448790235,0.4182424953152871,0.395977103728684,0.3763628877887759,-14.07004830917898,-32.13505884394808,5.271820839411591,-4.261143802325294,-5.475643738803038,13.379459459459339,-313.73773416600625,-5.952194831789099,5.39190790587439,-141.74446719681205,-1
2019-03-14,-2.1135374681665953,1.136920513574447,-0.14600941863572642,4.92163588932482,4.92163588932482,-58.38973206408172,1.8518518518518516,-0.0871870551857334,0.7034281648553896,0.6200341084861491,1.2848445611982184,0.8138158863531925,0.8132385192178345,0.791119782913452,0.7577906018136942,0.5302919696360999,0.566594229047488,0.09173203822402864,-0.4005761399395766,1.117755582071761,0.9246821177929894,1.9620586736492065,1.212947810444493,0.8452657868220257,1.1618713930693187,0.7943117852597834,0.944325032816875,0.5683336361729443,0.05361682376662301,-0.30637774239842286,8.365244267271544,6.129222447229937,18.501513253816366,9.46368287795654,5.252660761662291,8.874682271655331,4.740025859965089,6.354310885590854,3.10102973994738,1.4601253052152454,0.6737229314634978,12.459866888779866,428.67538382752304,3.0030145622146907,-0.5830108177897737,0.5302919696360999,1.511441210631785,184.71539002108275,69.20840728269185,25.492311817748504,1.8073901125564598,-1.737370546858386,40.04273365540913,-84.14023372286105,7.190268808661491,-2.250823227050044,-318.65937005524705,1
2019-03-15,4.553928095872176,0.8489194689407906,3.639097124969103,0.7439456528123208,0.7439456528123208,-45.21093005923419,0.0,-0.04743420665587244,0.7874742425572095,0.541321771120751,1.7299095710463643,0.9893915822521854,0.7765906672282842,0.8080101509630652,0.8047471719300687,0.2062911376436849,0.5993777923323178,0.20105622640527623,-0.4396987496249855,1.064333109489256,0.9067461430465644,1.5403942120002112,1.136037759721587,0.8369742527827224,1.098053438823472,0.7906910531360836,0.9235452781196273,0.5761738853102281,0.06764931018767585,-0.299122491975276,1.131970284860561,0.8680262838983587,2.0525883560377585,1.2537318798507313,0.758499007770506,1.1890939412195314,0.6925940874948023,0.8955754787441657,0.47019511066533837,0.22889767129240907,0.10655759140466893,9.339223490805985,51.53821252213716,4.418040198824455,-0.6176986722625801,0.2062911376436849,0.9174870133986404,-42.24361347649014,-0.32276172447856694,5.115898221808633,14.590496580424745,3.987091804653135,11.68359695600602,-53.94736842101332,6.277494810847725,4.92163588932482,-84.88417937568342,0
2019-03-16,1.0325639719424735,0.5016047508312382,1.5797945273533058,0.34007656580967666,0.34007656580967666,-8.102750181524755,-1.8181818181818181,-0.043430833324228334,0.7718646189687651,0.2132116857293876,1.7633246200877324,1.5087566437222235,0.60120535539008,0.9354722626099684,0.8525061849266001,0.603635140324535,0.606130502678148,0.36901273917053135,-0.49981965459446714,0.9611552245312228,0.8506015612289015,1.1281489091731403,1.0060168582480906,0.7963481411026494,0.9827145202351675,0.7583121989953505,0.8631460458440756,0.5656156694819473,0.07322443293597367,-0.29466094500541434,0.5360278649641953,0.40687035804048866,1.0284571810690606,0.5968095619317195,0.3542356879847703,0.5644401875246426,0.3228423468279543,0.4201973734472934,0.21832411761099285,0.10607302375344563,0.04925532658394588,6.3099321730441265,14.874326742034652,4.860456989930312,-0.28491419457063705,0.603635140324535,1.3588865706801587,4.166666666666828,-1.7583004346109277,15.003671572996197,12.109022709326885,9.667557699243845,-0.8715751624860463,-468.57142857066344,-2.9086599887630733,0.7439456528123208,-54.28744498686291,0
2019-03-17,0.060118297294682925,-1.1186751826213637,-0.7140341953910642,-1.24917689894257,-1.24917689894257,-25.20583738766582,7.4074074074074066,-0.03258674534194088,0.7674421029581988,0.5076702240028395,0.4690115927000346,0.7227368551161547,0.39385508019389354,1.2810879255104664,0.7619574960635855,0.34911391313584733,0.5802913567372437,0.36666420724019233,-0.4990463272066351,0.6482074657837195,0.6436125140068842,0.3180265841357036,0.6400579514397444,0.6298640600187349,0.6452560215383807,0.6146630476372852,0.6456175883608238,0.4846405900672587,0.046089816241113864,-0.30136578700958666,-3.6988361097077433,-2.4535555607500803,-10.524843634232749,-4.310150304451353,-1.9483881932921938,-3.981041863310931,-1.6531211188791959,-2.5814343446242027,-0.818663494117061,-0.16811892445732496,-0.02405707394510046,0.8845551591112605,-15.475642406904273,3.9178448814330946,-0.24241506134975557,0.34911391313584733,0.843749169675641,-28.902564102564334,-26.80332443206737,-9.516889304120077,-3.4713508217733855,6.9978999383458484,0.24904901240473562,-92.55813953492678,-0.415015976171439,0.34007656580967666,-467.32225167248663,-1
2019-03-18,-1.102798666563313,0.021272892533209155,-0.9299942860520565,-0.09413795132283323,-0.09413795132283323,312.2658735182401,-3.4482758620689653,-0.1342439080268311,1.1774305848126907,0.32655733516438257,0.889522698980504,0.7127785409685619,0.38040458785588305,0.6569881151765471,0.684984998203773,0.4020752405692443,0.6141225671545845,0.33039987350896904,-0.4637747417546292,0.5450845886093663,0.572255299531011,0.179767314090205,0.52315371126018,0.5720382767637324,0.5355651141816664,0.5648831914891286,0.5708712633652737,0.45926139451054643,0.043249707045316076,-0.2999239872018794,-0.2940565665839384,-0.19091975104783268,-0.9311412810762688,-0.3462817088385075,-0.15034673085982955,-0.3180383754658427,-0.12696233329553913,-0.2013060204627372,-0.06210367817338466,-0.01263469097542555,-0.0017992129720787527,-0.6463668518083804,-23.945970952377095,2.8673409148983473,-0.04643275868110282,0.4020752405692443,0.7730771824422269,33.55452971725347,-1.9728729963008114,-10.923146334633968,2.6062804969929134,3.445789689509715,82.57276972609978,-18.750000000106628,-0.12495877638443516,-1.24917689894257,-92.46400158356077,0
2019-03-19,0.07838987202854433,-0.8662026295436911,-0.02585469660507771,-0.07655915667145188,-0.07655915667145188,-28.42002372182372,0.0,-0.0960330475985325,0.6023920355094323,0.3778202220365439,-0.0691130877540945,0.571839566762568,0.47763698782108677,0.6497203050533475,0.6250414273283306,0.545329681798839,0.7210481096124596,0.3015168331483937,-0.4999741432511538,0.4592779901976306,0.5099160318024961,0.09401851427211419,0.4282492691026616,0.5205781683711127,0.4453237668985656,0.5201292218327592,0.5058862101378749,0.43589531830798706,0.040826485352174,-0.29836670561943274,-0.25533312428229876,-0.16224541029496428,-0.8996947555090593,-0.3038738382025653,-0.12669433599445576,-0.2775113101280054,-0.1064819540683986,-0.17144476084876895,-0.05144194692722896,-0.010367268367734822,-0.001469148258285218,-1.8077273594185508,-34.416813011046415,1.828076372056979,0.4699182374254659,0.545329681798839,0.6072020909393401,-36.94102397926124,-50.95432335611944,-26.457907698858346,-14.910676193140803,-5.319747081708399,-31.70038186351536,264.10256410453496,-9.925446554940168,-0.09413795132283323,-18.6734408433336,0
2019-03-20,-0.3838095051598914,-0.21844281479170108,-0.6505132489854398,-0.2789674276059807,-0.2789674276059807,13.372658459623246,-1.7857142857142856,-0.10882584866425023,0.5810668916770116,0.5037471334082482,-0.2731268926443363,0.7484699947331086,0.3739495967013089,0.5043611581141813,0.4538160209108748,0.4461463563503016,0.6130790499655547,0.3336390293954319,-0.5619113072518483,0.35792018320506136,0.43456095804457345,-0.030543697320870238,0.31689492421173243,0.4575185832832911,0.3391011898059762,0.46470653370039294,0.4275639995780621,0.4048806234957677,0.03436600959046248,-0.298231154524884,-0.9862558752921071,-0.6150637150779119,-3.782293051883408,-1.1844168924614844,-0.47675568258709367,-1.0764375921846168,-0.3990283606507935,-0.6511783828072366,-0.1906831813354263,-0.03811043526379846,-0.005375663518013986,-3.169412350189467,-57.8442475883169,0.7568043871172203,0.34999390498544586,0.4461463563503016,0.5249283752309779,20.69201781432,11.227495337854023,-18.904098917068605,-16.40274303024915,-9.317873214590385,-3.9534666012958395,724.6478873254867,15.599907140639266,-0.07655915667145188,264.3815315301877,0
2019-03-21,-0.1297399304122125,0.9401876465988961,-1.8201477743737613,-2.306934594168634,-2.306934594168634,26.808291906021058,12.727272727272727,-0.13820832629706928,0.29831264204502833,0.3083458482765137,-0.8012506562811056,0.26823577356624856,0.006079941632568657,0.5080312973323959,0.2402534799781759,0.3446462028462676,0.5445732433433782,0.3179918555317933,-0.5519143935083366,-0.005630618517181798,0.17455052415758537,-0.7888769920176427,-0.09378451580263043,0.24108660335775406,-0.046568849325123715,0.2738976808577594,0.15660236492495025,0.28802842622894004,-0.012784786345758883,-0.3122695408092753,-8.01559186316083,-5.04553733791144,-27.23500573761242,-9.568721620923437,-3.922617902359793,-8.725522554144806,-3.2884489355304023,-5.337475642846941,-1.5785948176682294,-0.3164153038376966,-0.044532107188375324,-8.706792311554329,-258.8003927125669,-1.1927813174687836,0.5658178864217663,0.3446462028462676,0.1637456696210151,-33.7780300879931,-40.46615173847248,-33.164837036878176,-24.021554169969022,-17.935545444215247,-50.0698858748598,-232.02391118707882,-18.114245133936357,-0.2789674276059807,726.954821918099,-1
2019-03-22,-2.36787717744317,0.4492554365717221,0.35487028879099475,3.1176268930609585,3.1176268930609585,-18.57932535763408,-9.67741935483871,-0.11178719337054399,0.6943284750974861,0.4798239957217775,0.05766625457675212,0.6493063016692456,0.41653067624039936,0.4861826640095387,0.3403784457141124,0.4781697930162325,0.6313713184202218,0.32031528485240357,-0.5317583566192688,0.41065129689072516,0.4467649248955962,0.4925825992107497,0.3977279337994355,0.46056947134157,0.4041955000959515,0.46463057702798216,0.44279355320592145,0.40680102108391747,0.04881122221464813,-0.288778384201619,7.82884301492794,4.983003941984944,37.12798222204199,9.500348482543245,4.04696703656539,8.57891203839168,3.54710740755858,5.239318078213908,2.1749114383493007,0.9913536482597207,0.4478851417034308,-1.3769978055418621,1.7118582215462093,-1.2278455549032117,0.4612507753184589,0.4781697930162325,0.49206372924076347,-42.94899271324484,257.22521654890414,49.21594394294084,4.142034700890805,-13.699494515233171,127.26263248744469,80.72445019403357,6.300416748835291,-2.306934594168634,-235.14153808008112,1
2019-03-23,2.884964315954991,5.218514448749819,3.5503800349550843,5.463967928033632,5.463967928033632,56.64335817915705,-10.714285714285714,-0.17161829557626185,0.8500952890195168,0.7275989625575556,1.1795031717898243,1.104378954406519,0.4986875594979569,1.0272185280013528,0.6205347265714727,0.8294068388140129,0.6940979622092742,0.4197934335464262,-0.5200744758161062,1.1023379378301204,0.9231610213833589,2.165956472700677,1.1941318023731395,0.8524309109051843,1.1444793112745706,0.8087978144018333,0.9410279232792966,0.6248070478172791,0.15863164755354142,-0.24803214889121444,10.547134183837937,7.47688413934301,24.804643623487035,12.091701064155695,6.32170456084644,11.261420298274977,5.668096151230899,7.779335894592439,3.7002091863876623,1.7706644124147253,0.8085125065666958,11.024006330379953,-188.54265474286913,1.1006817220514618,0.21673422414729146,0.8294068388140129,1.332380728761701,294.13974455296807,19.241000856743064,41.26496101242397,10.888930729873758,-4.80532739104823,13.229925416384763,-144.8103078024182,11.74470068857617,3.1176268930609585,75.26048226601513,1
2019-03-24,5.960848862500741,-0.9252473433492096,2.286420819186308,-2.3215709544030045,-2.3215709544030045,-45.389732407616414,-12.0,-0.09367176441955342,0.7711969288216372,0.6643576031065784,0.6925072664495074,0.47028665715072476,0.4417564038032621,0.8236599003281861,0.45313930276928494,0.9861455746450575,0.619944124068464,0.4058502719093141,-0.38415276841942475,0.6134627620544287,0.6012034729645896,0.6066891575667249,0.6181503086732852,0.5924793956796744,0.6157126699267372,0.5833436531389979,0.6027852125358425,0.4916853885323134,0.1056683550358895,-0.26355984663667686,-7.328429576086718,-4.907275325901937,-17.529743453475277,-8.474500846505626,-3.908466881199145,-7.862058605203488,-3.3229716473996653,-5.159241174534024,-1.6609498383998722,-0.34326478182945563,-0.04822667039795992,1.2889805817900317,4.710475750941715,1.1399814996621715,2.6594012627694967,0.9861455746450575,-0.3723908350239017,-69.53869614944715,-25.56667347355519,24.576459943904723,13.8115891126822,9.834018783978502,-11.752706270132458,-623.1629392972744,-1.135559880330928,5.463967928033632,-142.48873684803073,-1
2019-03-25,-2.675913083680081,32.73046694405919,0.09593614490194269,12.434269225658245,12.434269225658245,1509.2388699502496,4.545454545454546,-1.3893062811668735,1.6840710317555347,1.5680148513227288,3.2806385369444984,1.7178877670554709,1.0693473745351572,1.4200225744860278,0.6665559628419407,1.2530324230192487,0.9603944463057627,0.5507011329495435,-0.3462364134130237,2.252034508867421,1.7412236843693623,4.596765134475618,2.497439302283874,1.5342295021975279,2.366069076128329,1.4122159447869345,1.7937327939305407,1.0161631687251071,0.3625550471423353,-0.17043422578905845,17.50473944805702,13.648449202979496,30.451702123701345,19.229572960916233,12.02754439564485,18.318502601147323,11.061038948119933,14.056376673871737,7.836399179010393,4.061658269837593,1.8923400648806514,27.494879813976258,489.8690204842255,6.648604840590316,-1.9997221865349226,1.2530324230192487,3.974350407962995,386.1076345431776,-31.766524208636643,-12.805147853468052,3.5349985027268023,9.097117045382255,50.98319216666286,-94.21374045801122,-17.700397014938968,-2.3215709544030045,-635.5972085227844,1
2019-03-26,12.120924222847174,-13.138462395853653,7.774881153197384,0.6399108514697528,0.6399108514697528,-71.38435876168518,-6.521739130434782,-0.3977718967166622,1.3561000985047225,1.2185355723659956,3.757920444782951,1.3658038092583362,1.0263313651050618,1.6230215570784017,0.9323434142936735,1.2771926615355156,0.9662832976442267,0.5686247535195137,-0.34151071753253465,2.006312843490895,1.623969670695451,3.1618845013678154,2.173368519969328,1.455471110121229,2.0852766898943704,1.3523289280629889,1.6654495656558446,0.9977717254944838,0.36902933589390763,-0.1637407881419644,0.6430308998065726,0.5664092625863293,0.744556776295301,0.6693470703974177,0.5265854888382091,0.656052420212682,0.5002492227330345,0.5756895877071362,0.3920902440654288,0.22380685824108906,0.10771046994768367,17.010733193718004,48.181568584222916,9.237820744565054,-0.967296198086434,1.2771926615355156,3.0470837238831283,2.6261585993819296,2.7972960450929256,-21.21946314328688,8.639804964023403,8.447408129651492,-8.589848832464364,498.41688654317267,0.4870534230393526,12.434269225658245,-94.85365130948519,0
2019-03-27,0.9659870862778893,-0.7538816886949908,5.277105862265207,3.804986075227349,3.804986075227349,-55.73872336330131,2.3255813953488373,-0.1731077901330472,1.8005487230586485,1.4186041273261492,3.882866791527791,1.6457348368012301,1.2072758076458663,1.578384827620485,0.9593215256757853,1.4087216864217558,1.0684051002217707,0.5374928230377362,-0.29444713184032345,2.276796210583044,1.853928473007116,3.389392288195154,2.4537538609700054,1.6607184514721096,2.361059327124953,1.5411789911153275,1.9009261060070053,1.1345038790268933,0.4494509920406208,-0.1306952842827633,3.6131203173815782,3.2292972738731156,4.089926062337595,3.74106632414846,3.0255171013158213,3.6767773643789727,2.8889977911699454,3.2764108056592085,2.3052241960914093,1.3398444067030821,0.6464165867968918,16.665149656859995,32.74541169629108,11.225766951002072,-1.412315826467407,1.4087216864217558,3.5465896239740085,36.54039136979462,13.820517746506091,-8.458842844517319,-6.764297363632549,1.5416105189797018,26.77285615304336,-221.69312169309205,7.565906867210913,0.6399108514697528,494.6119004683295,1
2019-03-28,3.5298856941437147,-0.07272844813654099,-1.054214323123447,-4.460678152374178,-4.460678152374178,37.96138188820476,11.363636363636363,-0.239936321405329,1.0773651416396497,1.0726458195870794,1.804652069345969,1.1628214276275977,0.9639220370203818,1.101879600761153,0.8033772615471196,1.2392118295265682,0.972482255943742,0.4577261094321991,-0.32899777530996804,1.248480390169271,1.1753847503352692,0.6011373568271734,1.2498722389758914,1.1146904902169126,1.2516538538528779,1.0687441070209298,1.1876877713729073,0.8547808868466763,0.3306858787829019,-0.16816958465499893,-11.74648615720192,-8.585231599770076,-22.71974061858219,-13.108946076585386,-7.133833758835778,-12.389750724314466,-6.231385890274682,-8.935933591495392,-3.4007671942537274,-0.7619348314002535,-0.10795420340832765,3.3608042616984863,-10.651534892734995,9.01773999154126,0.9353091241193262,1.2392118295265682,1.458489013155095,-24.915020670647674,-32.143128265278236,-6.442887509362882,-17.715672070846868,-5.373233696835857,-40.187670311941226,-131.08695652175342,-3.984790814767114,3.804986075227349,-217.23244354074674,-1
2019-03-29,-4.079118028534367,-2.4891232269646912,0.5088189594823136,1.4514328247115822,1.4514328247115822,-26.193151114080955,2.0408163265306123,-0.17660735925053142,1.1292907210586958,1.2506981386022844,2.4940341472420897,1.38042207138611,1.069161553449749,1.1871117647645115,0.9486054272573236,1.1463096078127755,0.9578751343003117,0.48180743319893304,-0.31094179774241976,1.2777096149815619,1.2033954236116702,0.8879564464618614,1.2829869184780014,1.1430716396515324,1.282310532520598,1.0972193374816899,1.2156072197532144,0.8830375363437831,0.35649967691501666,-0.15475525762247036,1.8097408680512739,1.4258783487869444,3.8730217223954444,1.9957896169984544,1.2728358645553965,1.8960054691846677,1.1836261424426031,1.4650558707407428,0.8900812639403415,0.5076593496834784,0.24514594259066635,3.420356906793074,-8.99380249456153,7.52785947302308,0.46227369664875295,1.1463096078127755,1.6373220619325473,10.975162119172996,11.83393468831706,-4.6812411790573165,-10.584365333930272,-11.632268012977184,3.4937636037419937,-115.268065268025,-0.3105509673924317,-4.460678152374178,-132.5383893464505,1
2019-03-30,1.4755594618348975,5.92469729640074,1.1738724199439348,-0.21843526979258004,-0.21843526979258004,-31.018008849601998,14.000000000000002,-0.12018560722909732,1.0765410592786409,1.0722973278473449,0.20480798417574814,1.3490449065218113,1.262162297681729,1.2455062859233428,0.8794775854498024,1.1914541241951988,0.8321509954036528,0.4116885718883436,-0.32099320719119967,1.0618651093006952,1.058768278793762,0.5126673350008513,1.0359058569441775,1.0279719485614285,1.0516320678071807,0.9989806719465579,1.0634490660233353,0.8305793316459849,0.34311290904190533,-0.1552911707712765,-0.6121562571103,-0.4331711832632621,-1.4113141235057316,-0.6944893903991193,-0.3556561846675804,-0.6505924595955604,-0.3086581052667092,-0.4522990570109509,-0.16586716178544633,-0.0367896162618902,-0.005173267964618877,1.154436830727017,-15.77845801178673,5.896220159089525,1.2142712646305942,1.1914541241951988,1.1752649532032062,0.12127894156551168,18.970857627479138,-3.9863867665108135,1.1548623468036745,-9.995824721337637,-3.3884178008310193,-23.664122137461106,-11.84480085201155,1.4514328247115822,-115.04962999827295,0
2019-03-31,-0.3264653463697415,-6.232188155710737,-1.6623010276042678,-0.16710950685985004,-0.16710950685985004,-28.365538293798366,-1.7543859649122806,-0.08709602596981579,1.1358032381812904,1.118717947800341,0.044939032712286046,1.3219647456126395,0.9579739021953282,1.2229576953918042,0.8788477691263843,1.1663090359290638,0.8205916862984677,0.4170093992631034,-0.3014629830452408,0.8868106170700416,0.9356491845183804,0.28376357536575486,0.8403898256113527,0.9281880447244371,0.8666547323242082,0.9129593682018479,0.9345375560614769,0.7835582294253826,0.33129938960205196,-0.15539056767733564,-0.4981788094519959,-0.3452151159191883,-1.2763066511259016,-0.5710436505603472,-0.281142679102266,-0.5319928922689576,-0.24287942964007023,-0.36122024755678506,-0.12898189895711804,-0.028356470126345137,-0.0039686473045949305,-0.46965777633165484,-22.062738643936846,4.3394868189013875,1.625452518869954,1.1663090359290638,0.8404128924130896,11.793855302279416,-53.148765856433364,-10.92093594453775,-10.79885040593421,-6.903037719997434,9.541120074612024,-2152.00000000651,4.35503226744001,-0.21843526979258004,-23.497012630547065,0
2019-04-01,-0.23729549974097408,3.3215323469489832,1.0671720793634423,3.4348270032306094,3.4348270032306094,15.000977878051566,10.714285714285714,-0.0987437479404262,1.3925174642118259,1.2862188686724274,-0.026951307970257243,1.628571217701278,1.1005647037464907,1.4952626903744803,0.9883664597476807,1.1070625214690124,0.8931461493161711,0.4251673808111578,-0.327495141868596,1.2459572644620263,1.1839078745097253,1.3400622307346277,1.257829274202093,1.1352097767840825,1.2524501575213511,1.0970038811506604,1.1936054179825129,0.9073339338317185,0.40280046735708624,-0.1251989543027407,4.645776785626082,3.554897445544386,11.464305217096285,5.200365067103702,3.1406104272545408,4.900859616993214,2.905179262030101,3.662896766654599,2.1647410609536477,1.2347493480124105,0.5929981478864681,3.113145234221488,-2.5388667932761377,4.05341559365574,0.5041999029176498,1.1070625214690124,1.5383005279551243,4.984239558707642,174.63829787234096,19.322730436901338,4.29653237001717,-2.022018770977698,12.721264058461044,206.23781676410232,18.257551660434515,-0.16710950685985004,-2155.4348270032756,1
2019-04-02,3.5310474212298577,10.717460522700442,3.5562838945110067,10.169436667583716,10.169436667583716,177.02376859500083,-3.225806451612903,-0.261373205221934,2.173610408018632,1.5962451157415434,2.9830826629745797,2.6852656071622447,1.4882771204726977,2.342483950122976,1.4225306077544515,1.7712305184278836,1.1839386634383264,0.5473371843365239,-0.32698663815197665,2.5309270832739075,2.0963520133627003,4.361023395482089,2.722515352587648,1.8983064476029332,2.620847687812309,1.7744158298500254,2.144235722655731,1.3505702167683855,0.6346055483053731,-0.03554129470596881,9.91666188524842,8.392407751650548,15.3071831553114,10.593571391121536,7.744153646972372,10.235770485246649,7.356108018769801,8.555064719549712,5.955572856365788,3.683887837241242,1.808270894855647,14.95413581026425,68.73949270122793,6.5732709212710825,-0.6949874651445973,1.7712305184278836,3.5173922044616,32.74535560142625,57.095451172599574,37.070259242596,29.20782518747928,7.159579209836539,23.324984127791968,-16.18395926161618,16.80887882201418,3.4348270032306094,196.0683800965485,1
2019-04-03,10.32569126474345,13.497416133835516,11.24543200208822,7.73682741601423,7.73682741601423,42.36176726561981,18.333333333333332,-0.3473196658017219,2.7973517808592323,2.1204242052170934,4.321578158126084,3.1413634782017987,1.9286337037158596,3.1398076859531305,1.9151755335821186,1.9980454780816295,1.3153075236267817,0.6179384295109775,-0.3520006099603684,3.336418274379794,2.7144100520419636,5.580336476710588,3.606399511556539,2.4315008387820445,3.4636942465669236,2.256334282796067,2.7830834506889826,1.6827758923487874,0.8191436103367422,0.039059821124075404,5.017435232408852,4.8004060167806655,4.833147781406931,5.07734674484146,4.681914845935147,5.0487218311393605,4.6032101618428936,4.828096441818704,4.170215695534459,2.910637628475014,1.4892393666392698,19.062127740023904,57.06103868811482,9.6872766459039,-2.754044601163349,1.9980454780816295,5.225762902223352,46.077184054283315,-19.516440259631203,30.672007832421716,13.99873462178151,15.815648405982301,11.323931939835877,-150.29428517181614,-6.339825061578007,10.169436667583716,-23.920786677630897,1
2019-04-04,7.203507897168164,-4.941606214950864,1.817008608426585,-3.611747382198951,-3.611747382198951,-53.37496126747517,-14.084507042253522,-0.16366979068542026,2.543139752192684,1.6516191610050701,3.3624951982057,2.2992478006569046,1.58975701468385,2.5066318096190066,1.4799330948460376,1.692410021432286,1.2064565192289989,0.6721675894295058,-0.3744839148757037,2.215572423918102,1.9873230987904198,2.1924166415551096,2.283315842706829,1.8510254550545204,2.249887752126544,1.7566200540352104,2.0173883965205386,1.390963122307205,0.696115610198679,0.0013221228042722417,-8.847856855321613,-6.751454598072016,-16.183957874507296,-9.741400311642902,-5.76300274955708,-9.269953473239443,-5.1334585433349,-6.9870114815481426,-3.030464907981373,-0.7463896069473395,-0.10655192244220774,7.175744875351945,1.99052747658188,9.007521064788966,-0.3715217350987017,1.692410021432286,2.9879643805438594,-44.510572410122364,-17.92529435647584,0.983487527365965,5.235429507455539,14.609926186984652,-10.503392728546073,-233.1068327671082,-0.4063492128058569,7.73682741601423,-146.68253778962554,-1
2019-04-05,-3.154539609581249,0.4262170865694392,1.9617445411073173,4.987622887050005,4.987622887050005,-39.7837817280592,-3.278688524590164,-0.09678614230802392,2.7127287682500496,1.885365597089077,4.339877116739139,2.888086642599266,1.8592242575574105,2.536848816712291,1.674578565613904,1.954163205980067,1.3534518470843078,0.7669269397785851,-0.2793313892763088,2.637253292923318,2.313226521717312,3.1641306049698725,2.7504449192660196,2.1361475400895173,2.6926275895125014,2.0172500152591297,2.353410173433267,1.5794155110099735,0.8101758135013197,0.05100232396806066,3.7605991682560895,3.2761755388285767,6.367809751647313,3.9987396302572504,3.091682017020101,3.870865887903278,2.989172523812926,3.324691780299899,2.6384337275414143,1.891450129470871,0.9888405508793047,9.357326363689998,10.134022407773626,9.100606243475074,-0.7645075718177358,1.954163205980067,3.6050372846372922,27.441576560865094,28.091438654339782,-6.241210615923267,18.4282490193173,12.598561628750957,3.5072068709401703,-131.28190584230344,4.93917723097776,-3.611747382198951,-238.09445565413236,1
2019-04-06,4.8562751606751835,2.7013917893857435,1.9720299477327428,-1.4861023160561304,-1.4861023160561304,65.88971786528019,10.16949152542373,-0.1589257887019574,2.1952589545263796,1.7465800476561897,3.253095108149258,1.8098904893127759,1.7493922245326365,2.4922517197402434,1.5350273510147794,1.8778422422432983,1.272380189374258,0.809221931513604,-0.33581543117966794,1.995649919573814,1.889742063491053,1.5189685961923627,2.002710545432617,1.7976861689856394,2.0017512665833332,1.7264226243558076,1.9078682682763914,1.4134038751088778,0.7466160155444144,0.03493198759227986,-3.619416658691314,-2.742493453035194,-7.1585994117881055,-4.006782848290561,-2.34072161164433,-3.801243374285969,-2.087339354137592,-2.839162111965156,-1.2452320780106494,-0.31289939637633934,-0.04472744449861589,4.062178031940569,-7.010552897709106,7.756696979188553,0.8163521449901179,1.8778422422432983,2.4952320193388737,-23.065343824837697,-11.28010046848535,-2.3426351487856967,2.8907466986877113,8.558429573157058,-12.884928157069073,-151.13327289215664,0.4907493585113386,4.987622887050005,-129.79580352625854,-1
2019-04-07,-1.5936308649791917,-2.025555584708634,0.5541240683789067,0.7713558904784361,0.7713558904784361,-28.316172741505557,6.153846153846154,-0.11378626689503377,2.3513937087204666,1.8131988861766888,1.5593050590477489,1.8013913559834023,1.5874176640934348,1.7195579944873993,1.616664461497768,1.894205684699433,1.2414078052811286,0.7390287900444114,-0.33303502202546453,1.8116500854295416,1.769213655301472,1.2623069682602077,1.792814508291195,1.7048798724038,1.8052838328856406,1.6496424773757064,1.7803781781539847,1.3796281786778133,0.7472856265037926,0.04251418750929744,0.6524612931810381,0.5424310571339672,1.374016303631556,0.7097856855451491,0.5026820850880392,0.6787386763081303,0.48123209388145505,0.5530737693570393,0.41637209390053737,0.2999115988372447,0.1579398338258911,2.6568954077670686,-10.492520084689133,6.443055685049104,1.4693988671494782,1.894205684699433,2.1372370246527614,29.56243329775904,-20.030407454976345,-2.668882334980455,-9.838974136750661,2.898422684189888,11.647254265478068,-272.6950354608296,-1.3259975178478216,-1.4861023160561304,-151.9046287825918,0
2019-04-08,1.0212183436002693,1.4019442435928235,-4.641390901826795,-1.321896799761139,-1.321896799761139,50.34435199084759,-5.797101449275362,-0.17215798345807115,1.4744532732512707,1.7082366088596053,-0.17421793677752775,1.3619586861636923,1.5722323801994984,1.532257875889697,1.4371975200568412,1.7825597544995218,1.1611077732890633,0.719966393169507,-0.3935134860367533,1.3455195828956463,1.4393512366158685,0.3794297486792742,1.2672102660943723,1.4336946686731573,1.3110122609008326,1.412817261163736,1.435825531748273,1.23836394399215,0.6912676286612996,0.02836390641171773,-3.4727302339541364,-2.5525397549075683,-8.020402369998633,-3.90369831022576,-2.1542268827653,-3.673070968874052,-1.909504511920929,-2.650428448651122,-1.123864906321154,-0.28061396395850835,-0.039867285527206614,-0.3535607164439406,-21.45105461910991,4.7546101136782575,2.4010509230137798,1.7825597544995218,1.431035506129707,-12.57550796265793,-13.324440966735022,-14.828351180710078,-7.767984842737841,-4.883614277919366,-23.443510213862993,286.1396303902391,-1.4021002105018907,0.7713558904784361,-271.3731386612258,-1
2019-04-09,-1.4743346522846654,-3.921879332884347,-0.641460912781542,-5.172745777631072,-5.172745777631072,-30.662835413883478,-1.5384615384615385,-0.12157094151859472,1.0068054486702747,1.3923557393682844,-0.4796610541567067,1.2195121951219123,1.1512092916274332,0.8146928056393838,1.244064049528784,1.4606823692497963,0.9229774339632955,0.6295703316733352,-0.4700265895403887,0.40141609524357014,0.7529597916581774,-1.485286743304106,0.20825915095484215,0.8578681197525809,0.312844353339347,0.9021155371557056,0.7218023608444434,0.9116015133981479,0.535687996524681,-0.024848573498016426,-12.562507716016649,-9.359303125955455,-27.094542347371014,-14.037555502985688,-7.9513969666483275,-13.250317199834418,-7.079718977476021,-9.703343981859584,-4.238849653368196,-1.0825499427025989,-0.15447411422628782,-6.229290228020614,-52.43244917937165,2.1589995702263987,3.460712059794493,1.4606823692497963,0.3130790835679793,-28.501884422110496,-95.31268286321563,-38.811617024684,-18.832776514216523,-11.892177180521529,-37.96564421604026,-162.6960914650505,-15.837328541667588,-1.321896799761139,291.31237616777497,-1
2019-04-10,-5.13561093689828,0.20341126183701722,-0.13377342852574228,3.420018274906791,3.420018274906791,-18.728034139693577,-3.125,-0.09786797808983025,1.0063737358970795,1.563486929721093,-0.8040234258677103,1.3886114987765794,1.264096562047187,1.3928544089537458,1.3611637330151511,1.7190035542116269,0.9329658822238102,0.7104120835847102,-0.421694527593113,0.8143559338898753,1.013539471555694,0.10051072383378704,0.7080239156815947,1.0678356450344493,0.7650323157897312,1.0856198460014328,0.9962699774726679,1.0317423575697464,0.6078678001194269,0.008581015080782265,4.4524848954314,3.173195318121976,16.109907230153187,5.17874592482575,2.74212533331251,4.78023921806518,2.5153862881702205,3.2909271759571728,1.9277194363843226,1.2865715674634581,0.6686053131678348,-3.127162322600424,-52.09578617714313,1.012394184464229,4.330253240688082,1.7190035542116269,0.17367210554346973,26.99319130243779,1389.6576098961134,-20.697892212463103,-17.608836531845682,-14.347070533947237,0.6829275487363128,-430.1950805766988,-1.025410774713995,-5.172745777631072,-166.11610973994223,1
2019-04-11,3.0953692695798387,-2.0340982347374026,-10.93752275010553,-10.919290372344138,-10.919290372344138,33.051759073808874,4.838709677419355,-0.1363500805245089,0.46537032067764,1.0437623398858895,-2.6681676673338113,0.4444863391147787,0.74756843694983,0.39968719152982685,0.7658391620496836,0.9637309086494803,0.6346585665496851,0.5084146324335796,-0.4972133792341141,-0.8322744529665159,-0.18010908281740326,-3.5801329484755535,-1.1499628424048103,0.06263150813823962,-0.9801939392685067,0.19049942642943055,-0.24489112887668849,0.4458157930855462,0.31133985733215,-0.1010823356631453,-21.587973675799685,-16.689776723509446,-40.153476033591126,-23.743846080911734,-14.440521375124634,-22.601050840834482,-13.015830234784339,-17.230228157264087,-8.163197395432595,-2.220159282358801,-0.3216453338776665,-14.634549110533241,-323.74227681400606,-2.242451351580023,3.8987674042272427,0.9637309086494803,-0.8452892869483815,-85.07436873054296,-53.591033109421126,-38.73363212834027,-25.76626586686423,-20.301603907827683,-59.56696374382594,-99.49910095042794,-7.912031395716522,3.420018274906791,-419.2757902044175,-1
2019-04-12,-10.749694131544546,-10.464269713261642,-1.3748794323922497,-0.06139895149484602,-0.06139895149484602,-50.28220528675784,-35.38461538461539,-0.06927466236781146,0.36888922071627067,0.9154446524907045,-2.9135169250716437,0.44985862960958223,0.7798559785628756,0.40842163388854147,0.8199778228610547,0.7361703111631743,0.6753039470124802,0.4586926761187348,-0.4427994548094668,-0.735098078494178,-0.1695119740705068,-2.49432355135999,-0.9932069199726005,0.05337218379100904,-0.8567333318366868,0.17379986577838763,-0.22782324173485397,0.4237620942245717,0.30282491674896833,-0.10072723006174097,-0.1157237339084748,-0.08750319939786715,-0.24077294053175152,-0.12867796410729676,-0.07505807156813706,-0.12176833502908545,-0.06732401983339237,-0.09053930359296772,-0.04168977810730094,-0.01123070288335403,-0.0016191477957101113,-14.635391656332795,95.89490186393225,-4.493615004937144,2.814100321837537,0.7361703111631743,-0.6058462289419086,-366.3383545770551,26.803371430703066,34.04815134870722,-23.048203019187742,-21.73435336577897,-18.580895362724135,2205.1282051464004,-0.3308765118544637,-10.919290372344138,-99.4377019989288,0
2019-04-13,0.17962656582368705,0.9554339327599692,2.4035273836361224,-1.4161940768746015,-1.4161940768746015,4.030224331755976,47.61904761904761,-0.07172914596135095,0.2870700105084585,0.6357697649297829,-2.9788886306878317,0.0943838043140943,0.7211015755821663,0.31744967193141777,0.6322010291542509,0.7578000843190371,0.5975249745350052,0.48327973510765043,-0.4052998548635064,-0.8215395845313399,-0.280922289070504,-2.153333707272278,-1.0546913975614594,-0.056210429230239736,-0.9325124335552835,0.06863897356499207,-0.3385462843747056,0.34414729081464424,0.26369780548301236,-0.1125032807906098,-2.778703166218782,-2.06938307937402,-6.244272071455774,-3.1133317011182635,-1.765017737025249,-2.9341387583671006,-1.5783245683391571,-2.1444068565861825,-0.9707077905198834,-0.26078903330871966,-0.03749598492093558,-16.309456929519744,36.28001462779237,-6.412031181330516,3.519461888558399,0.7578000843190371,-1.0871698165730637,134.130954970633,-12.485949207102468,-23.628714023924218,-25.82169002109258,-24.907830205139188,-23.498359939491415,-194.77196885435265,2.5440583358633884,-0.06139895149484602,2206.544399204218,-1
2019-04-14,-1.5225152959310413,-0.39652421740680316,-1.4924406746738534,1.3614355794889912,1.3614355794889912,-13.006246416662309,-17.741935483870968,-0.06237362456931259,0.3857038834697861,0.7853835133718142,-1.6717601688132262,-0.5557171012245131,0.7707414703934118,0.18273591317813448,0.6540095911211407,0.319399777498508,0.5017686262677978,0.4936866086301426,-0.4228126417520013,-0.5461477817491015,-0.13582316182177825,-1.0333108265841866,-0.7047716650017468,0.048062133378970744,-0.6233136074924236,0.15287474995351905,-0.18186804680445273,0.38739309003289313,0.28826511411276345,-0.09948080133740404,2.680072865040073,1.6921958767996732,13.277762023296896,3.2682047064569417,1.3736400499663344,2.943261196300223,1.2088024673415636,1.7803873609706515,0.806452540614263,0.4795145039393555,0.24461759903861832,-14.440265569229968,10.600892718567366,-7.5776446667893875,1.0454682328082687,0.319399777498508,-0.18825179783447324,-32.528105546780665,37.816245006658065,15.671935167991588,24.390951336375114,-12.389570782002753,32.085977947831445,-299.5305164318106,3.875087773084745,-1.4161940768746015,-196.1334044337733,1
2019-04-15,1.3128683458178327,1.5830806313661534,-0.5882739581963707,-2.6799930635473648,-2.6799930635473648,99.31059295117963,17.647058823529413,-0.12440131578848168,-0.006244126618388484,0.18155762824592436,-2.9514242194389597,-1.3971767667469175,0.6697518506220816,-0.7055866356730359,0.5480146339822076,0.16100816698220657,0.5668720748522048,0.4607270617405703,-0.46767328848609085,-0.8205049328110208,-0.36396563302111146,-1.5707429035749843,-0.9967891358157464,-0.15522948459511543,-0.9060678410589208,-0.03393606844849349,-0.4156666288055567,0.2557306461574749,0.22112481369675205,-0.12261343852065348,-5.541348870543865,-4.038333257946871,-13.700780983968555,-6.275214146189886,-3.4169664655678327,-5.880372048992546,-3.04287930824841,-4.193716274615049,-1.856871078968948,-0.4993035561870524,-0.07153856861903492,-18.951124382946674,11.067384576714282,-9.106337653456878,0.5914984227675392,0.16100816698220657,-0.14370180926697337,71.96364637840816,-48.702713951844025,-12.375291122376508,-19.40336039530469,-9.620058510425936,-101.64028419312898,-141.35294117649784,-7.9602727498871015,1.3614355794889912,-296.8505233683752,-1
2019-04-16,-2.8376397143442516,-4.3705892258469605,-2.4298323911534365,1.1387750473814577,1.1387750473814577,-1.8186720788871475,-16.666666666666664,-0.12306392098344568,-0.5870886294638936,0.20465958530035397,-0.34408697807122673,-1.0079055724644939,0.7789171553972183,-1.2218207234594551,0.6177773292396546,0.042473499408226804,0.5266570420184435,0.41880868364767054,-0.4333019164100724,-0.5733153886000733,-0.23234324325961506,-0.6963960734044149,-0.6864342883032797,-0.06124007432978947,-0.629973490111994,0.041350290401248484,-0.2734948992837152,0.2925239617317705,0.24128068818260562,-0.11159543154616931,2.487426315812038,1.5235357598387398,13.186444093642939,3.071608103303785,1.2191516272039853,2.7480960536794043,1.063250509738129,1.6084450897955669,0.689794131387249,0.4008925467981163,0.20325244666646808,-17.117952939144185,0.47773830484564633,-10.066534762029017,0.12905239319354606,0.042473499408226804,-0.019260042601562742,-14.461883408071868,327.55695504820665,65.5616249928994,41.36372263375019,12.852187381139663,10932.153651747456,-59.317211948762306,12.812647526332267,-2.6799930635473648,-142.49171622385208,1
2019-04-17,1.1292651663881057,2.031440097329843,3.3069051975333545,0.45806906272022796,0.45806906272022796,-19.457061813157353,22.0,-0.09794965315194698,-1.112016097118756,0.06120030542417507,-0.24166063577787134,-1.4175942443134004,0.6970932289247678,-0.9041138142421976,0.6318990763685455,0.27256107694866344,0.5540893446894736,0.38286369464913833,-0.43180684482593623,-0.44095168605681573,-0.17104018099099455,-0.3169717149055105,-0.5170504040561088,-0.02306737915925733,-0.4804512689965343,0.0683965032213154,-0.20563734416669888,0.29947983795956706,0.2460850038783633,-0.10655722526331876,1.0218961297035027,0.624017538577208,5.164962029773932,1.2622823834641703,0.498453317319986,1.1292706143458071,0.43425592504912514,0.659074071021148,0.2811631311375796,0.163586153371989,0.08289891721902654,-16.17187718473379,-4.041898861439951,-10.740891149402373,1.0073052534128069,0.27256107694866344,-0.2521123572633453,2.602508893465861,8.392018779342775,37.162060068354705,29.427744470244804,16.114680327748985,122.78237457897599,39.510489510446405,-0.764680784115224,1.1387750473814577,-59.77528101151045,0
2019-04-18,-0.0032087792199378485,1.339881073787586,0.8297802558216031,0.6361404291955143,0.6361404291955143,5.64323867658061,4.918032786885246,-0.10275299137962034,-0.8018378538609547,0.28900900277108277,0.17257634106198,-1.2501500630264664,0.5491777568669627,-1.2701900135601267,0.6512767294491248,0.23723997022633128,0.6154612590000291,0.40710375756377054,-0.4295949259809191,-0.3014738299073966,-0.09891736970914658,-0.00128813512345505,-0.34470791001079537,0.025621998265739552,-0.3255586647556049,0.10538815959990426,-0.12703741105986902,0.3136480138493833,0.2547474246765949,-0.09995155804778007,1.4736322254035017,0.8903098727697419,7.591237844378003,1.8286428153398486,0.7079670748452265,1.6320319461229238,0.61521477241552,0.9414033490110771,0.39588196412415927,0.22965250462398326,0.11610078335201285,-14.341712210456164,-7.636828954555884,-11.114414866871117,0.8374787932711399,0.23723997022633128,-0.19679635898087738,-12.527372262773842,10.80129940443989,41.72524369477848,28.028303626168444,31.637241783534307,-22.264864883221726,-23.057644110258018,14.846039513989517,0.45806906272022796,38.87434908129372,0
2019-04-19,0.4011102732363074,-0.3313155083525445,-0.41310216959957924,0.48636745298710066,0.48636745298710066,-9.338972204922777,-4.6875,-0.09301540721440558,-1.151860286913857,0.24854923051143557,-0.0015951761872336208,-1.298522035237627,0.63881228806031,-1.1231071472035365,0.6708395555979273,0.26959850341640673,0.5949348135051455,0.43018715953523357,-0.4100764536874223,-0.1984930005602754,-0.04623649637264369,0.16125953975084395,-0.21928259338406775,0.059860570794013974,-0.21184230171843332,0.13034267681002565,-0.06932383602530465,0.3209401845299781,0.2599108522490474,-0.09469832233320237,1.1643703718580876,0.697910875032101,5.938206075643204,1.449062318086412,0.5529493624043313,1.2913737369786535,0.47948905785989476,0.7386314083029436,0.30696171233936065,0.17767800769948858,0.0896461375963217,-12.539409376742332,-9.975181701349861,-11.256866649269096,0.9775837002407204,0.26959850341640673,-0.2476552771635728,-42.43246062376123,7.500610798924691,8.861098704778927,21.011029533702587,25.439681068673238,63.60919749764121,-409.77198697023107,-3.891106875826269,0.6361404291955143,-23.544011563268707,0
2019-04-20,0.9684069226712839,0.7922083974090073,-2.7534622419649857,-1.49933783187236,-1.49933783187236,-4.836153107937606,1.639344262295082,-0.08888315928223924,-1.1488718037859769,0.18910630055417316,0.23736600306281808,-1.3126545233400042,0.19188554411064962,-1.3134527807571046,0.6779418510211034,0.2050845374054303,0.5655161018535477,0.5112419475918688,-0.42153725149848287,-0.3696967195291393,-0.1777255505671724,-0.3940552909952445,-0.41383384724737415,-0.05649929856295697,-0.3934274485866534,0.023217459507837563,-0.20461809576676598,0.24396178390259934,0.22060392935289797,-0.10735665204141592,-3.949503857925553,-2.656404549202059,-13.634471990948938,-4.646896639056971,-2.1775664991762462,-4.2665023877508,-1.905139260000403,-2.781321704372563,-1.1125956894313602,-0.2912275147115292,-0.0409836908231168,-18.45691387200351,-5.664637926899548,-11.966228271098824,0.8269023516390436,0.2050845374054303,-0.254795457310736,59.956513861206375,-15.780481465965268,0.095666000636133,17.743756881457145,21.521620424865446,-0.7138517276100195,18.086225026293942,3.6919278241409477,0.48636745298710066,-408.27264913883033,-1
2019-04-21,-2.1239890476868823,0.7043013238399048,-0.5911396231484871,-1.7974614658194201,-1.7974614658194201,121.13097728311205,0.0,-0.19642952464743563,-1.3464806700073573,0.11549799829724153,-0.34438418251726205,-0.9871525854739195,0.10300724586438081,-1.3486322441174103,0.5339258992986511,-0.03283912568634039,0.5151598132363744,0.4658379093925074,-0.40715861048068475,-0.5554737645793665,-0.3223526248264366,-0.8581559662503447,-0.6218344923865484,-0.18454817440440371,-0.5892503024090121,-0.09464104860577358,-0.3533625766952563,0.15913262833217634,0.17628806932927565,-0.12237529893506427,-4.759138254358286,-3.181664999677844,-16.19211845768061,-5.611066760639657,-2.6008555014490438,-5.146469641627498,-2.27188286909071,-3.333613511473057,-1.3223775304229701,-0.3461363092232059,-0.04861442871452735,-27.684400317360407,-1.4135124650460118,-13.40063467826868,-0.12615188693338636,-0.03283912568634039,0.03692092675241052,-75.47575894879918,-40.33647080454576,-15.428525374778731,-6.202239945149017,9.256219521347841,12.928384254362218,-153.60641139809084,-8.138926927271111,-1.49933783187236,19.883686492107106,-1
2019-04-22,0.0032341003541260026,-4.7334108716944145,-0.6301314322397394,0.9811911203833465,0.9811911203833465,-35.392743965933604,-1.6129032258064515,-0.12755077572291748,-1.1903760224258417,0.011658062587337913,-0.24464870872750766,-1.2275649989692357,0.004827175348912163,-0.8417455715345242,0.417170134422616,-0.45802806235647386,0.5558674553209257,0.46080384333114616,-0.42280470453022495,-0.3580241024652252,-0.20768100850248006,-0.2556543337638299,-0.38370254695290257,-0.10019278979574592,-0.37288039824275754,-0.026185913762737566,-0.23054404318928737,0.1926250821185667,0.19361514608713526,-0.11273323173985471,2.916438650623974,1.629425674199976,20.07076486399238,3.749161312106645,1.252847705983507,3.283935891045733,1.0670499651111134,1.7374012454950971,0.647795150670375,0.3585252626205941,0.17823172390743647,-24.601624535571297,-7.884521015889627,-14.254213959810972,-0.9151314653658064,-0.45802806235647386,-0.11685739938226143,-29.6073903002313,36.83951658234946,-13.323966496000613,-3.693071792289432,1.938646033464153,-11.293307144011793,-293.853820597829,12.767479660338457,-1.7974614658194201,-154.58760251842457,0
2019-04-23,-2.0875442653170135,4.531654109974143,0.8330358205402668,-1.8835948092194483,-1.8835948092194483,7.526452962386347,11.475409836065573,-0.13596032920478662,-0.9140698179927633,-0.5211905284634385,-0.7466318323856613,-0.362916090609388,0.09859912714754218,-1.2769186868962663,0.4198362266080376,-0.9438004600604588,0.6108897013660489,0.4707986189531113,-0.4353365876869156,-0.5566828654552958,-0.3568660829518573,-0.7955194470977964,-0.6095667244761903,-0.23064050205200506,-0.5838502499793228,-0.14556362638097664,-0.38452142508771936,0.10736959739976325,0.14854773991982576,-0.12837502896617514,-5.236889137667208,-3.4422929657030856,-17.995464555465716,-6.215362104607382,-2.792824440096191,-5.681359210447439,-2.4291080101898066,-3.6134966584220702,-1.399576963531708,-0.3649053310253465,-0.05098626428178952,-43.49661806027545,-2.4667805919845303,-16.213734130088092,-0.6960321599709568,-0.9438004600604588,-1.127250624596118,17.58530183727067,-37.22488038277534,-20.201804248628743,-12.582661722243909,-7.402434281006283,-13.859844822682868,342.67352185100555,-11.304984243376449,0.9811911203833465,-291.97022578878574,-1
2019-04-24,2.0560840269520693,-3.980206540447507,-10.156631990693128,-8.498248038296397,-8.498248038296397,17.790972229338266,-4.411764705882353,-0.16583373885757005,-1.773311893470121,-1.273930681090323,-2.517709448910354,-1.048284879454579,-0.25575237007586216,-0.9711830697306054,-0.18574504688463886,-1.1438068459935975,0.301459851028937,0.3275816051378372,-0.467806515845657,-1.577028981262921,-1.0704845466322697,-3.32191692349965,-1.782271646215658,-0.8253590855045613,-1.6746388461271071,-0.6730558581571413,-1.1289206503207199,-0.23897355376225254,-0.03524753483402437,-0.2010057602891844,-19.896314875589567,-13.766151090003218,-48.87352737782836,-22.962300373306146,-11.377842484962262,-21.312184486040536,-10.000276046964897,-14.380477410032064,-5.943848197178446,-1.6053022839311395,-0.22631784571816296,-193.01689466199505,25.073718041232112,-24.2033940757154,-2.6599207209151565,-1.1438068459935975,-0.016364928435613282,335.82589285714255,-35.78213512913895,-13.892299428145819,-20.86687777451488,-11.899872676054581,67.67081710378329,-40.32133178474896,-11.530851166544151,-1.8835948092194483,351.1717698891989,-1
2019-04-25,-10.194669644157493,-7.4069331967606775,-4.466380167770751,-5.542671197166644,-5.542671197166644,-33.00320043688205,-10.76923076923077,-0.11387270558808445,-1.2639123607612466,-1.321971153286045,-3.28823060301327,-1.353867644302652,-0.43045201883824513,-1.358781716809519,-0.36484930474158944,-1.664398184292902,0.19646105034787673,0.29827000200870796,-0.5073492986728677,-2.050712069255774,-1.43305415403563,-4.011297382131598,-2.3030559093327136,-1.1384388807237813,-2.1707473496635195,-0.9563561274559219,-1.503680849155294,-0.43475512808740374,-0.14240196735974617,-0.24350503091716638,-11.286163850647881,-7.924621924057237,-25.926191658133924,-12.926543385491108,-6.586845748143992,-12.047085886481867,-5.808742760073773,-8.266290821063253,-3.4918144232707773,-0.9583304178100207,-0.13555479319829014,245.84804411164015,22.696334609613647,-39.17942897296486,-2.9257707223981195,-1.664398184292902,-0.751192722569003,17.70806658130609,-41.61844601627677,-37.65104355171212,-24.82094727605067,-18.70433343810956,-10.932207147649335,-114.0123256568411,-4.695091090584219,-8.498248038296397,-34.77866058757998,-1
2019-04-26,-6.104834495558322,-7.202613475299888,-0.2651894631386572,0.8222306813856276,0.8222306813856276,26.516980481401216,-29.310344827586203,-0.1451744987623807,-1.22517556224808,-1.567991688146102,-2.8679746255072742,-1.4298562626091242,-0.4008116895612879,-1.2099074154518876,-0.46133339966751175,-1.5727365272079006,0.18481529832458954,0.269005768708037,-0.5117731412110189,-1.7197824050015127,-1.257836752677012,-2.5347810861064572,-1.8845819970285438,-1.0141097113587971,-1.800103305022908,-0.8576744672258148,-1.3142919468935266,-0.39073499742215395,-0.12464870562655377,-0.2354762650984161,3.3731146815675266,1.6958360741665415,30.85967956473543,4.527116846900412,1.2385891274982648,3.876955370059956,1.0202923813202354,1.8302135544466847,0.5521405208571669,0.2699618215646096,0.13026570042639607,51.13425017572782,5.031649134241365,-67.65934564046096,-2.2578289354671233,-1.5727365272079006,-1.0876123283866226,2.947895137604512,36.01205897592951,-24.29595639858091,-13.702802687266203,-20.39205703406126,-6.418702412431008,164.5833333331895,-0.23364753130325117,-5.542671197166644,-114.83455633821332,0
2019-04-27,0.8463029419102208,2.043325199769046,2.007011738753628,2.15774371366003,2.15774371366003,-37.82098176871634,2.4390243902439024,-0.0893285038921925,-0.999333069708969,-1.4245939049001526,-2.7620825701000493,-1.056366835794445,-0.4564657258328432,-1.1876357407237284,-0.260266712205097,-1.5519437566128451,0.2641683689947868,0.29682365892250123,-0.4927071243614646,-1.261583917483065,-0.9868837171145246,-1.0519652485439681,-1.3283846819832619,-0.8092461380227847,-1.2968834457408145,-0.6875345842643943,-1.025458453722937,-0.3003994815615658,-0.0822449329899443,-0.2172556908752986,8.685776716032017,4.427891319187048,63.344579698376826,11.538750074786561,3.244950294923796,9.939022183223122,2.677252674502391,4.773818761175209,1.4550477777623685,0.7159087452658726,0.3456925424572001,19.3810804062443,-6.347937580194553,-195.92792374451992,-0.9021719388508663,-1.5519437566128451,-2.0066133910519555,-9.055367709213726,51.95454545454508,8.688831519114517,-19.857457258669605,-19.99762386809462,-20.530189091484218,-220.55993000868327,3.342214378230458,0.8222306813856276,162.4255896196747,1
2019-04-28,0.13701236917222193,0.5421290887850062,0.07916433357148214,-2.5464289014136514,-2.5464289014136514,10.935236928274659,-4.761904761904762,-0.09919204109486901,-1.2753085433510492,-1.592871358811663,-2.9169791225153405,-1.3592924223546803,-0.9161622001271061,-1.1603759225865748,-0.377664203018914,-1.6089568568180754,0.16052128561542056,0.2720278559060642,-0.5025678379093411,-1.4186689437534912,-1.1145293687171816,-1.539527547166737,-1.5019007483732028,-0.924803400982973,-1.461317306769615,-0.7954244889794383,-1.156055076144847,-0.38197706455723407,-0.12905248552360918,-0.2354107252115645,-5.505271533651992,-3.7548587280129935,-14.486772098384955,-6.391477366489674,-3.0845472916667966,-5.9137480906169655,-2.7024125071554725,-3.928596602540509,-1.6002130904501348,-0.43721437876132047,-0.061421254266755626,17.6261348294049,-4.173112005098231,195.7215633452333,-1.0290153228287455,-1.6089568568180754,-2.01933730508699,20.645985825490957,-28.21969150266959,10.922584727009712,-13.440947617210483,-15.711036570345232,22.736796362430862,59.65166908564645,-2.1633098754589524,2.15774371366003,-218.0135011073359,-1
2019-04-29,-0.760138345178818,-3.186216662733041,-3.6791943201111392,-4.171644196674063,-4.171644196674063,12.011187375128934,5.0,-0.1126048954307445,-1.3521690138803957,-1.7134011759105252,-1.8978532540757653,-1.7312320802916403,-1.3747139905342343,-1.55284690774792,-0.48750634009748633,-1.5074496343145032,0.11124764230849517,0.16283716086297872,-0.40529929960977296,-1.7513970156908814,-1.3611248348302092,-2.389462586845326,-1.8781850292510744,-1.1372479266855846,-1.8140550035688623,-0.9879210013251871,-1.4113434430253704,-0.5166301465172133,-0.20398344171506433,-0.26538146599217716,-8.606575475400259,-5.909058191091976,-21.724593894030892,-9.954074585736905,-4.8651363113632895,-9.229259280002612,-4.267983686191561,-6.178760550675007,-2.539681640937576,-0.700064795124877,-0.09845333178741139,18.807206800768288,0.7290396820634737,66.66691768371942,-2.4436124350815156,-1.5074496343145032,-0.838302923874616,24.14291217257303,-54.00322903940386,-13.80218175132556,-13.517710971277305,-16.033901289601374,1.9113225325181586,-171.5454545454816,-10.091181444465969,-2.5464289014136514,63.8233132823048,-1
2019-04-30,-3.4219294550189647,-0.172523722011767,0.418627941912871,3.1145497358371212,3.1145497358371212,-11.268651152615892,0.0,-0.09929085613915828,-1.2640685008820847,-1.3237878448347113,-0.16317929562838807,-1.5918478881629499,-1.1357823385357626,-1.4066023216692964,-0.40175148906058,-1.5956995755110008,0.16348700438265612,0.2373281299632485,-0.41114565324563157,-1.1777798477171297,-1.010390920095812,-0.6446156634105046,-1.1909369956963185,-0.8675867159192734,-1.1880195862953131,-0.7615381562107338,-1.0389258020814895,-0.39234862960810335,-0.14491868932195728,-0.2406543996769392,13.102706512232789,6.672395362410867,76.43156694486015,17.270985878630366,4.854058423965543,14.948735213156564,3.980125652202608,7.202439970012114,2.1082921741415914,1.0055940498957994,0.48108576956234356,6.3208897119516605,-11.782850514365983,35.28693951256552,-0.28011942564172926,-1.5956995755110008,-2.5208216392667153,-19.587308975254118,449.29322776434265,39.726220093718325,41.68560784825283,2.3194204399485683,-11.834079280353487,-92.94790343072921,4.043115506298984,-4.171644196674063,-174.66000428129172,1
2019-05-01,4.851789431942112,2.9924484352105742,2.579088044041973,0.21300685076087578,0.21300685076087578,-14.56629716225358,21.428571428571427,-0.08402587683481151,-1.301950942488512,-1.5205953294463985,-0.2857447651558997,-1.6463940502968284,-1.3599399126508103,-1.4653920619554892,-0.5059860834002042,-0.9544093594128089,0.08129069998086723,0.25062301460534464,-0.41139965693823477,-1.0067071671562253,-0.9105250047797837,-0.36245098335507,-0.989263922125692,-0.796299354577547,-1.0023111685351422,-0.7056602855648965,-0.9315855870232372,-0.37090015012154576,-0.13834022243831814,-0.23722385739189186,0.8173282456555662,0.441135157263699,3.0491818909192276,1.038867301129056,0.3263616339951623,0.9174548734764065,0.26980281614629503,0.4738641023373834,0.14562795183652785,0.07052933423736034,0.03390731473171859,3.190453934125216,-15.001254398648065,22.170252394542995,-1.6462242617636624,-0.9544093594128089,-0.4567392819107577,-11.904302527493712,5.0777676120768485,41.511316678867054,27.60348671642144,18.237393175337058,2.6012408892694703,725.2252252229463,1.6233157628797945,3.1145497358371212,-93.16091028151088,0
2019-05-02,-1.839945539124847,-0.49975377095227425,0.2644525249382566,1.7540500172341027,1.7540500172341027,-0.5079262543173731,-1.9607843137254901,-0.083298478547329,-1.2541740893638096,-0.8399642038181656,-0.37329685697033327,-1.3950611935772623,-1.2521574334157073,-1.4040861773241957,-0.7937903796155483,-0.8821469727482983,0.14965091530597024,0.2673723296144541,-0.39326458904535,-0.6629382028787003,-0.6905496026754598,0.33791656053522456,-0.5904085061031692,-0.6263396135615944,-0.6324655973981388,-0.5633220727956456,-0.6986598592711363,-0.29516932863972456,-0.10343679977980545,-0.22209808174576476,6.852602915507412,3.6855755894906874,25.590187051337583,8.717746707235772,2.7211773621501694,7.695701012371615,2.2467922388830908,3.9608668681262347,1.2091075069998278,0.5854725075049625,0.28098453065834456,-1.33862684641583,-22.546215125153985,14.05554892399222,-1.0845289699248561,-0.8821469727482983,-0.7382993569432817,-3.438458169075704,39.878101872006525,57.673708080056095,28.88072991361651,31.48326071682277,-7.362870233192035,162.3362445414259,9.840985034725941,0.21300685076087578,723.4711752080202,1
2019-05-03,1.6856421815099516,3.556174729162461,0.7951438046661378,4.522187511761833,4.522187511761833,31.0102205411711,26.0,-0.10754567212608282,-1.003436391140472,-0.6478145743999305,1.0753801606933933,-0.880632152390417,-1.1513226787910573,-0.9599056701694433,-0.9535393916801185,-0.6058389449452583,0.14966208635386663,0.3231908265108519,-0.43524478589627774,-0.0015778765610952013,-0.24961608120559767,1.742068028414329,0.17045170907224758,-0.27501400736469866,0.0757914930537374,-0.26217605626504276,-0.23467055802121056,-0.11995555664367841,-0.01653498806390628,-0.18534660288597668,15.58196945686667,8.87106374279744,41.672101007563576,19.199983827710003,6.674018284750789,17.246729708013582,5.565131860350544,9.48450491989675,3.072448959057706,1.525605411745832,0.7376188742122619,-9.172759440764748,-42.224913419763396,7.119868903156688,-0.3753817237718414,-0.6058389449452583,-0.7690703140916559,-40.48537083238835,37.21327751563453,28.880751124965283,39.551191561138744,33.03086315947711,-28.43841046926635,-186.18393674570873,3.921843896642294,1.7540500172341027,157.81405702972563,1
2019-05-04,5.223173688996656,1.1541252898589327,0.6484135993689107,-3.728776939558158,-3.728776939558158,-9.559313322019825,4.761904761904762,-0.0973659367812313,-1.1575454433294898,-0.7482961909251813,1.1128860287840292,-1.296996244732768,-1.2351647646105217,-1.1016789285040454,-0.9314632327533207,-0.8626086053065838,0.06735111836012977,0.2893198748095603,-0.44301120238821956,-0.4984867816361139,-0.5579886344543787,-0.14399627869156978,-0.4350438458367822,-0.5220292934305963,-0.4701880162311352,-0.4773031403777308,-0.5600064229042498,-0.25731375082505487,-0.08944296623955307,-0.2140902638306464,-8.452902889681233,-5.735709722771727,-21.566994831397025,-9.809756389833804,-4.692909909651869,-9.080318285686461,-4.102009975409195,-6.006495040408254,-2.4271900812456266,-0.6768573876196224,-0.0947155616695989,-2.4382070972803493,-29.287229545430577,4.7000212058764745,-0.6068974076057304,-0.8626086053065838,-1.0444457733413166,-58.974847560975675,-44.35167203673834,1.5762914044293899,16.439591637694566,26.77085846288109,8.727321514296934,-124.38435538389207,-11.371174839681169,4.522187511761833,-182.45515980617625,-1
2019-05-05,-3.64055382510217,-4.052848018199327,-0.271458612120073,0.9444548344866253,0.9444548344866253,-6.483706802662148,1.5151515151515151,-0.09137308841328089,-0.9594268662926456,-0.7826522294996532,0.699484392942117,-1.0551335950262897,-0.9732904197981448,-1.1276564780551392,-1.1051213526519594,-0.6775415668869222,0.07835049614170798,0.2992282538420939,-0.43092844206553144,-0.3123596200787801,-0.42906696005594697,0.21777436620218277,-0.22791359634203634,-0.4205264416219541,-0.2738243833006093,-0.39195554814335737,-0.4243900174814268,-0.21316428418346026,-0.06987699093494985,-0.20502337283385355,3.0633888539771554,1.8152528773637617,7.779123147859769,3.695983804933442,1.3819869781103709,3.3574967600672196,1.158388740219563,1.9339385029989986,0.6444324763141593,0.32022191779619935,0.15523698790995633,-4.750658918038017,-44.96613757204166,2.470489666320872,-0.5251490367394658,-0.6775415668869222,-0.7863876146272539,-166.65118439386944,-6.349694640929507,-9.086175119561872,0.7663615032346283,15.853517404129772,-15.849444786171532,-470.0990099006908,7.637748608446923,-3.728776939558158,-125.32881021835951,0
2019-05-06,0.3961210037556568,-0.9028069087526591,-1.474083729489327,-3.4627142195461036,-3.4627142195461036,-4.766664394589861,-14.925373134328357,-0.08760509886323745,-1.293115897317408,-0.8029211082263019,-0.043227773098911806,-0.5504076021039465,-1.2603433958176973,-1.2408362747759858,-1.1597498578737886,-0.9083203196443254,0.037355398323258515,0.26527123892014653,-0.4176775070251308,-0.7238517997588312,-0.6929690129960255,-1.014386991484047,-0.7193226683350072,-0.6339781010893134,-0.7218749880699563,-0.5787652126764893,-0.7020381937333371,-0.3339281605757546,-0.13473639578881805,-0.23081205229950555,-7.891751575388047,-5.302081337918988,-20.8632623566564,-9.196130177801521,-4.31865978846154,-8.494049196957938,-3.765075726246599,-5.558573848901441,-2.2150894051994987,-0.6182334216587302,-0.0862396878102206,1.3757573409480561,-7.486715069253057,2.230428635239836,-0.761152439464457,-0.9083203196443254,-1.0137114477802287,-160.3484320557498,-72.38795836951107,-41.205588578632586,-11.333625313955073,1.208604397532649,26.445206525155562,-68.75334403425549,-1.081110179890545,0.9444548344866253,-466.636295681442,-1
2019-05-07,-1.1092293089650156,1.536790959620132,0.22957645090370066,-1.1207922312209484,-1.1207922312209484,40.71291309172599,21.052631578947366,-0.12289015033006116,-1.2325170639839658,-0.9176286605513959,-0.6024680311672914,-0.16019790263494946,-0.7976113544433823,-0.5934129856298893,-1.2374648054064252,-0.9938470220971255,0.019422902443547874,0.2698526725167983,-0.42112002702128887,-0.7742688750703669,-0.7291480600874904,-1.0491284567235728,-0.7786259367517843,-0.667162493829905,-0.7763769176592671,-0.6107829413928918,-0.7392408945246091,-0.36225259766525536,-0.15295822926471478,-0.237629129587833,-2.57403755829217,-1.7060050178451087,-7.255311420196726,-3.0189616221242304,-1.3819720781502725,-2.778841605276652,-1.2010744321763522,-1.7910483089282625,-0.7010349968265278,-0.19472910893341555,-0.027074421420734247,1.9033876741971298,-1.0291514429535322,2.15931222848777,-0.6093661927989412,-0.9938470220971255,-1.2698872521210909,199.42263279445189,-82.6025459688817,-43.50673771321795,-23.853571192279276,-11.018598606661772,-3.578293129609057,-117.29452054800798,-12.171376239333522,-3.4627142195461036,-67.63255180302329,-1
2019-05-08,-3.150465794673947,-4.669288912251461,-1.921695750917169,0.19603276270330522,0.19603276270330522,-48.43725021521564,-8.695652173913043,-0.06386109169325706,-0.5386414654279695,-0.941825575159345,-1.4695402341962698,-0.21262644890188315,-0.7946417142332468,-0.1334816138902532,-1.1921872579297288,-1.0305323670337307,0.024098439283477473,0.3185936561512503,-0.44432085628240725,-0.6514571741677525,-0.6512184281834748,-0.6428759469131278,-0.6351502510549281,-0.6085902473971867,-0.6439829370335168,-0.5633686093594306,-0.6564692564359798,-0.3423092119087624,-0.1465715580548928,-0.23433676925625788,0.7662624736268273,0.4257165568530014,2.8492543982741916,0.9547069876916683,0.31578074766839204,0.8523412505773119,0.2606636269857283,0.45654564059316793,0.13860688678858268,0.06592085731625762,0.03146314778592375,-0.012189229178269487,-20.125088410848058,1.6882932116661493,-0.11727240911400601,-1.0305323670337307,-1.690599234941514,-57.038179714616234,673.6495932502112,-47.45314737535157,-35.89111983375631,-22.138919148489457,-44.93487494536243,-1306.9306930653079,6.997670527346793,-1.1207922312209484,-117.49055331064828,0
2019-05-09,-1.4457550377956154,1.6713250812846039,-3.708908108536032,-2.36135056079654,-2.36135056079654,66.24378195545908,9.523809523809524,-0.10660007795286822,-0.28919225192217546,-1.0893839673724643,-1.1671285440204897,-0.5861661009292609,-0.8226246434752773,-0.37430637443174325,-1.0611079860349946,-1.1794580144099778,-0.01189594655645648,0.25324589747610443,-0.48595177539803625,-0.8697256616343201,-0.796494353698556,-1.2082880567159904,-0.8913830269953484,-0.7284868956667532,-0.8797801080840625,-0.6698379941119732,-0.8086458755685555,-0.4148241648564893,-0.18724194313546896,-0.25055471479888236,-5.783523873758651,-3.750058945006768,-17.684758237221608,-6.850226206023271,-3.009696499149136,-6.27261455525147,-2.601727016457755,-3.9462174905725274,-1.4977533405178163,-0.41278165471654016,-0.05704451842276645,2.906532533634225,17.338140900593555,1.9481218584291158,0.07411247841383112,-1.1794580144099778,-2.099987328490456,-88.06104129263963,62.26366428734643,46.9852014132866,-16.81705423940329,-26.40117775559432,-40.56961105052755,-129.2042657916645,-1.189022259680136,0.19603276270330522,-1304.569342508569,-1
2019-05-10,-0.1281621547015844,-3.291442250149619,2.6144328201755336,0.7062931513371858,0.7062931513371858,-7.91838351733601,2.898550724637681,-0.09801631399546575,-0.3003504541239356,-1.0971385020439426,-1.2383006586295942,-0.3141156619308037,-0.8632333958864615,-0.4908551706580988,-1.1882797272364414,-1.073760185921713,0.03913429982689179,0.2543333388346572,-0.4554493012405255,-0.6715734795769519,-0.6708461445202905,-0.5857053847021785,-0.6577455008949162,-0.6319558608703114,-0.6652649088655326,-0.5897366395210207,-0.6755401058859695,-0.3753456791530761,-0.17119119763420018,-0.2434133749874225,3.1170031385396086,1.6604735508963866,14.297956506284415,3.9634570808827227,1.2108455520947117,3.500011158462038,0.9896040247589771,1.7884388394936754,0.5114640929589371,0.23700444813237767,0.11196188897500295,-0.0777007359551052,-20.875399664478554,1.5119882607268411,0.427504295683893,-1.073760185921713,-2.2006593872158966,915.7894736842583,20.331239291832855,66.25550305872723,-11.934163265425553,-24.391740033162424,4.037079335554385,1604.4943820211163,-11.766973997857228,-2.36135056079654,-129.91055894296937,0
2019-05-11,0.7660112137724068,12.842280321782168,0.13019529293941426,11.954294720252161,11.954294720252161,111.53186688784425,7.042253521126761,-0.19968632676046835,0.36948714421711376,-0.4946706223970331,1.8415459314002804,1.002695211576465,-0.33701797154347746,0.6014885039388443,-0.39164727746318073,-0.41927012167725286,0.1901831042706509,0.3785701392250833,-0.39007614571490185,0.9378923771941242,0.3993782222661241,3.545041199598891,1.2119108325714798,0.22624288605853923,1.0650872476971036,0.14994110796046287,0.4495823600673259,0.06353818977178932,0.04853582315977907,-0.15151029373800576,40.93419255022772,23.978456460487624,109.83071065419385,49.50990830461838,18.088604065265912,44.920765260396536,15.058556689898506,25.593188129670985,8.176287936121316,3.982160353891509,1.9099833573025626,-20.834159463375027,-316.42041902016973,-3.223512203303834,1.1229148707129768,-0.41927012167725286,-1.6079942485367253,-440.9326424870448,160.63489888882884,89.37356712639574,79.78171396700546,12.36180635578029,-194.36319972835184,-142.07317073170046,31.63996635383318,0.7062931513371858,1592.5400873022322,1
2019-05-12,11.330329153605023,-0.4781245180196298,6.595319063812766,-4.4925036953614415,-4.4925036953614415,-35.737258277679466,-1.3157894736842104,-0.1278067691766462,0.20869121570094373,-0.6229742775601471,1.0542358991640457,0.341486507811262,-0.5626308594167373,0.5463019392403538,-0.5409188510072539,-0.714532233022506,0.011536702050321299,0.30372386395794226,-0.4334938405889351,0.17010927588466182,-0.06302867429489498,0.682406856827926,0.2765123751394114,-0.13315661040869903,0.22094336088005767,-0.15607355139957707,-0.041105204744586926,-0.11790965731074754,-0.043545090145489136,-0.18818276865377487,-9.948152062315149,-6.9109298266570045,-21.55183414578911,-11.369991180902787,-5.686836448742047,-10.613520214190107,-4.984124466353446,-7.224274805351652,-2.984622308818108,-0.8638474527635805,-0.12075862238880575,-11.324002463574663,38.93478205083547,-4.627755931224328,1.977124545549931,-0.714532233022506,-2.846860438223494,-75.31480677377331,-31.22935779816512,21.66507554782227,34.4157116608234,32.568693421969066,-46.26652524896534,-181.12025068548888,-9.080122831457118,11.954294720252161,-137.5806670363459,-1
2019-05-13,-4.478820196047373,0.8713021317628984,0.5029369264548528,3.8157531091662893,3.8157531091662893,-4.9138045307832705,4.0,-0.12029382290654916,0.7865816669194438,-0.4967925443925291,1.7897608852173605,0.6485663601021572,-0.4420575922836699,0.615574693847877,-0.36838364364805154,-0.41628876179627694,0.12232161015113414,0.33617024108169685,-0.39056888639265996,0.6615606941993467,0.2873639545661981,1.7410137711115765,0.8292689478925647,0.15447999349233862,0.7412804538492347,0.09436522769932347,0.32477966289283466,0.03189008772740733,0.031228681802067275,-0.15581642016481884,8.786405752614504,6.102031557492002,14.4573222324618,9.830467752870515,4.913258173559227,9.293301500425097,4.2362687761471935,6.401491100333859,2.505554137906631,1.3029330794091698,0.6437078367195456,-20.689993523514897,48.72696722809049,-7.216691936350729,1.9078107387122452,-0.41628876179627694,-2.3488577686858534,-29.199648197009598,33.70837279339482,25.868808585175092,27.950970695131222,40.119883905738945,279.87334997874024,132.78609367453382,7.2098611413411255,-4.4925036953614415,-184.9360037946345,1
2019-05-14,4.589336379380254,4.774667121884629,4.3954812809261545,8.556064316899157,8.556064316899157,87.26764230121945,0.0,-0.21819488617869218,1.2166793628017905,0.033640847464573714,4.0068797861607734,1.254554772901991,-0.13607526619637608,1.2922379046821009,-0.13437751661338374,0.521618862581104,0.06459907450171032,0.4506475298895334,-0.3458971656514819,1.7591270426418437,1.0606032408666513,4.090444345049515,2.0717788627346057,0.7888184139693487,1.9069666102275198,0.6477440024422202,1.1328207202319203,0.36878236144596555,0.2026459706745688,-0.08259148391571802,15.470592768031374,11.668666645361672,19.647815973210054,16.69648812305121,9.728378195470592,16.08603951809173,8.558364653745063,12.133874655187277,5.357369115688579,2.953915767985945,1.4914193221346341,-49.595439504831525,67.85102472628681,-13.055463983019763,-2.164289394126251,0.521618862581104,2.8524006265479227,856.1490683229804,26.673138537335774,6.320361193828478,25.558796092072505,28.52934655122028,36.15981052912569,67.72453847749046,19.10934032874569,3.8157531091662893,124.23002935765362,1
2019-05-15,7.634448378516414,13.172686837088804,8.782128101021323,13.219546487485076,13.219546487485076,-5.809094863849086,-1.282051282051282,-0.19230490092113897,2.260621176383144,1.2126205058309028,6.619394650936404,2.1159938705311836,0.4062018833820584,2.29835057868802,0.44654839468226776,1.564317865496552,0.32102317443235534,0.6005130816969476,-0.2641727728500065,3.458885397397292,2.2819660504198236,7.372642736375777,3.9782786690834646,1.7996949776391782,3.704498242808775,1.5345171107069477,2.406430676381178,0.9180994626307537,0.4862099703324926,0.03888199149207571,15.481482891913108,13.372793421746351,13.4386907604351,15.80033681985739,11.851238469130983,15.673294120038516,10.812702421005268,13.697970593170286,7.531042103920389,4.653274285347117,2.4618275496972015,-171.45766714417857,71.20272909632314,-25.707550651316584,-5.714761149793221,1.564317865496552,7.572870112591007,98.49291931921528,0.7746090820065893,17.536071883184118,19.01320481632145,23.46835289637346,43.456681228113304,-78.43185753153304,13.681039999503264,8.556064316899157,54.50499199000929,1
2019-05-16,13.329951066232438,9.249661685525899,9.159966457850329,2.518302456211297,2.518302456211297,59.61113864665233,-2.5974025974025974,-0.2922643644368225,2.3181223455623647,1.6223908751610843,4.756789058277339,2.6486673547630497,0.59173200374208,2.1548370906353247,0.5061044676237552,1.6611341606595713,0.3026145659671799,0.6355173833026955,-0.26937422688658386,3.3062211344669477,2.308244626577558,5.532316800059258,3.7064010702944787,1.864688223751872,3.4987220743405283,1.6118960937224953,2.4194636196854167,0.9948394270862965,0.5360871539315382,0.06450692645640303,2.267246478448706,2.1208034172811217,1.678403901535926,2.2486075900673748,1.9577993579799915,2.2634871994843744,1.832914321299346,2.1516333301531447,1.384363360537668,0.937162544873996,0.5183633369859344,214.9890799435795,27.731543152481837,-44.19917695742851,-4.040021300860621,1.6611341606595713,5.7858804587755674,23.64838329624309,-20.78694585750387,0.3157862268935325,-1.419182615905162,12.616549057764795,2.341461894190397,-469.0940366971664,-1.3463980015799717,13.219546487485076,-80.95015998774716,1
2019-05-17,2.548810073937137,-5.456797606968245,-7.889742431089029,-9.066580278039913,-9.066580278039913,-18.771025476666757,-13.333333333333334,-0.24795393637982954,1.144155470164292,1.00233630510881,3.2960729141963983,1.5583226353539334,0.2213536542339955,1.5135262021546614,0.10811071525413442,0.9468538074038576,0.1801015857604081,0.5260453271344924,-0.29089422486918914,1.3133314443609985,1.0408650710930518,0.15580614080979502,1.3550592574200495,0.869684276006393,1.3395957049323528,0.7644954092791584,1.080060397285233,0.5050515809055365,0.2957450999348776,-0.03217747821293516,-16.600695724407007,-12.707090877266388,-29.186293557848614,-18.245369321253353,-10.933647071892244,-17.381168843023328,-9.848491410854514,-13.139483652520308,-6.446679405036207,-2.1177521845794076,-0.3087256726167673,19.362314750773365,-9.399076787997869,-71.76392782770571,-0.4749089008078274,0.9468538074038576,1.87994462238372,-30.98300778148328,-37.11424119339448,-17.74774963050674,-2.1123108351256836,4.4140017575901105,-54.79238545835372,-76.13795246233063,-8.62685518475539,2.518302456211297,-460.02745641920575,-1
2019-05-18,-9.087068564910632,-8.261087726145014,2.315541601255888,-2.3791821561338433,-2.3791821561338433,-65.34578526342479,3.076923076923077,-0.08726695061509723,1.1983152846030256,0.7629613072681454,2.0718347744343206,1.5826835459185835,0.07357565995921249,1.2165643116039313,-0.005699354915291292,0.9237840031897468,0.10074951432593725,0.4766219836260233,-0.31419711186835847,0.7795121717885106,0.697923172235982,-0.6918189736275261,0.7383166226104243,0.603091141319787,0.7662062369626641,0.5393653402060015,0.7171662921788617,0.37801908706394605,0.23504479526909508,-0.054782825502083216,-4.071413969880238,-3.07876243835885,-7.712755727535627,-4.504091814339688,-2.637869122273514,-4.275571283240278,-2.3708142203360576,-3.1871912516916865,-1.544836245124993,-0.5078006473150137,-0.07398183445377556,4.977889495258355,-16.40940622445465,-212.45126808640964,0.3981849162525885,0.9237840031897468,1.2607571404293965,-12.55560668814239,-27.72959842378193,-27.944075343311916,-10.41232315674748,-4.591731727846385,7.425296413470914,-500.9114583334319,-6.985999608215075,-9.066580278039913,-73.75877030619321,-1
2019-05-19,-2.1220570012391726,6.843008857624689,0.17261219792864882,9.770880934247288,9.770880934247288,11.982674663856734,4.477611940298507,-0.09436121060275485,1.884760299439769,1.3976760077375885,2.436162808015787,2.520124607746732,0.5777776247990852,2.268135721543711,0.33810265299528075,1.659015944170933,0.30804522041836957,0.5389804345195217,-0.25238321826559046,2.038635137256478,1.5799042386281814,2.747156201977519,2.1839574187832245,1.3330743455945095,2.1112767019294476,1.181276341468664,1.6377528824062424,0.7803525239018843,0.44579137133653696,0.03765283573751251,11.50298830213127,9.268213046302064,21.010778207715795,12.391855222039151,8.138267196785224,11.924811582763988,7.420296696849184,9.532663092880428,5.233504420833973,3.344535949487221,1.8424425257089994,27.749024742799705,5.136752762242465,198.6321437448086,-0.0780659243135425,1.659015944170933,2.763210641809334,64.70485045171486,55.841668623906294,-14.003219912801617,-11.83978160247705,-7.944319681722542,38.53315284335781,-142.4326079895994,10.555433818124097,-2.3791821561338433,-510.6823392675796,1
2019-05-20,10.691565121063478,-0.5360977205181641,1.386495628310691,-3.776994015784458,-3.776994015784458,15.088103504253844,4.285714285714286,-0.10905865411641748,1.7593884534582753,1.3437928788700335,-0.7964013577990474,2.0804015484000193,0.7491985095426068,1.9543055896490698,0.23963401350666014,1.2654660290029902,0.22448061734142385,0.4879092377262232,-0.27387851330378016,1.1625192635295067,1.0171702832596128,0.45614842755284285,1.1590860798652123,0.8923055289207095,1.1657403712752024,0.8072355124674438,1.0431211269409293,0.5677288968520633,0.34380170695787443,-0.0017253450635204318,-6.3384795538768275,-4.843474469354496,-12.111481210586922,-6.995064461417629,-4.178234717084981,-6.647618248443984,-3.77340627376555,-5.006692268154511,-2.5072598736650935,-0.8560733141281671,-0.1265793026348784,7.517149377389503,-11.725959090790104,58.71458364440761,0.7121785214619192,1.2654660290029902,1.6074450004556273,-15.811055490467563,-33.76276269172615,-8.915029124324013,-19.56779838025011,-13.580933279112179,-6.488081896041539,-96.01990049752389,-1.2328714315807254,9.770880934247288,-138.65561397382257,-1
2019-05-21,-4.803705715837935,-3.6142166814399914,1.2416397828310615,-0.1562288753023282,-0.1562288753023282,-42.01685713459476,-6.8493150684931505,-0.06348916692049315,1.7863504321526307,1.1871905170324835,-1.3555388057380207,2.1900417936498076,0.9460085572163551,1.890729539814629,0.2985927407670731,1.2310689547279947,0.15325489516864246,0.4813041809557838,-0.28108939971180724,0.9735522550755293,0.8997564634202032,0.2501688829505789,0.9439775928937346,0.8060498475454776,0.9638306358601942,0.7378591238661012,0.9176949904722537,0.5354117522780781,0.3322208129038772,-0.0032600543830915846,-0.2695689969348527,-0.20154783441258406,-0.5751319029599871,-0.3007044440872448,-0.17239625429363586,-0.28412469995434686,-0.15495103097456772,-0.2087980224236893,-0.10168376538767047,-0.0344014567387858,-0.005062915761253062,4.028604369079173,-14.59912859979356,31.593042630329172,1.0657498597847674,1.2310689547279947,1.3323499629071398,-39.04105256499464,36.417834707361614,11.36768834067615,-11.04091119405713,-14.250936012014758,4.449345142274167,2977.8846153935474,-1.4955102136395921,-3.776994015784458,-95.86367162220972,0
2019-05-22,0.03754542997025988,-0.8870034708831285,-2.1155221189417746,-4.816068607537796,-4.816068607537796,57.30284458701483,1.4705882352941175,-0.10125923642096236,1.3671923171331815,0.9025466987405117,-0.39296543359612324,1.6684769410188482,0.6926446548520888,1.6078416663540966,0.0761879465775673,0.8645796423341833,-0.15763850768442744,0.4396212639097617,-0.3108833859118618,0.1532241450727429,0.3337997292065308,-1.4470052952664196,0.01223850175338402,0.34797188810806107,0.09083648934981367,0.3414857205329803,0.3244480034290471,0.29816755592494687,0.21356499809589372,-0.05099335265836147,-8.16392169584496,-6.102237422760227,-17.5205187469879,-9.112898652932124,-5.222470102916092,-8.607129302071675,-4.696724348270202,-6.321333657888687,-3.093547729016078,-1.0581098194797665,-0.1563649758641104,-7.263537884222782,-31.86172614308318,16.35873255675045,1.34831252379404,0.8645796423341833,0.5690054617121119,-6.724084258586653,-82.10434535049784,-32.66979342804988,-17.731036508891094,-16.324497268548573,-27.239176324486813,-96.7197750703008,-13.031183284892187,-0.1562288753023282,2982.700683991844,-1
2019-05-23,-4.987164282175625,-5.140676444178401,-3.882616359392125,-0.1659711684370163,-0.1659711684370163,-23.24871929904249,-5.797101449275362,-0.07898938905522886,1.477822809566512,0.8117660305767043,0.04109539001049197,0.8309162259000127,0.6044682797851053,1.525673996234699,0.13794187234265945,0.6448658335385956,-0.3341124369540924,0.4056382284495235,-0.33104457519071695,0.11024154536883111,0.28685448044918505,-1.0325331169381873,-0.015196823104482633,0.3082518692097553,0.05394991250528096,0.30713099009101963,0.2763064547143328,0.2786403500245164,0.20525661782712554,-0.0520793332616006,-0.28610231467567643,-0.20926006449464699,-0.6849312465420098,-0.3227885724885354,-0.17758165153099853,-0.303129471033688,-0.15894552140152543,-0.21724866326553505,-0.10339780856975316,-0.03504318135263942,-0.005154502831576075,-7.600069371027909,-36.891827573764395,8.872301134447087,0.8224874887074536,0.6448658335385956,0.5354930753612351,-24.20736455668034,199.28776997412484,-10.32672997721332,-4.680918363829045,-11.535625531986412,12.231621894202927,-1140.0000000036848,5.389606410668109,-4.816068607537796,-96.55380390185367,0
2019-05-24,-0.17854603485598128,4.458468091819846,2.780531324345764,1.72896974302949,1.72896974302949,11.003678884398887,-1.5384615384615385,-0.08605514552238769,1.5403340073459937,0.6998850934921378,-1.500430563627587,1.2985170404328772,0.7649303929287189,0.8996605214710178,0.5014864994463759,0.9067672372827021,-0.2120999674148278,0.4298744450210478,-0.31396543799853177,0.32761684481460246,0.421705813110738,-0.13123943946925296,0.2529121809056713,0.4175327592494637,0.2940126178365299,0.4029351856038011,0.41827686833007727,0.3393879480726382,0.23848846641753926,-0.03527625946068825,2.6529364002375675,1.9192144495014754,8.274592790573266,3.022681437316411,1.6224348549136574,2.8221818100749103,1.4496721789218958,1.9943326571137485,0.9716873268344877,0.5962303085841957,0.32791510379958094,-3.9378404623229155,-32.814546522341665,5.475126077954886,1.4937631718289448,0.9067672372827021,0.5442853245093044,-54.733597534125934,47.16954336452165,-12.351170972942018,-8.959856618984103,-10.974127396585748,4.099356745142675,109.89010989007598,6.28283786257602,-0.1659711684370163,-1141.7289697430779,1
2019-05-25,1.7015955426111284,1.0300403256256334,3.2582662230152235,3.56725965354623,3.56725965354623,70.95694667045849,7.8125,-0.14446366341938915,1.0923831155688868,1.0431694861155467,-0.008031930010971357,1.310269236749209,1.055283372528969,1.4736123923739266,0.8098371824166385,1.0475690363665109,-0.25325340579322325,0.4794911455164525,-0.308609658701938,0.7687376488055495,0.7196736886974532,1.0983534128245633,0.7698866890536556,0.662972214013483,0.7698440919481087,0.6189648683424054,0.7300473933215477,0.47646095050618253,0.31216774631882716,-0.0006887697162706555,5.266351465900528,3.859141391268075,14.797595973567221,5.961562734866834,3.2798368991077376,5.585752668583321,2.9400724196135175,4.004865100355214,1.9916331192822248,1.2421859835692393,0.6882888848742336,3.6150134026835063,-3.1797622747604475,5.025858021269017,1.381268453705609,1.0475690363665109,0.8395569069440868,-187.87289234760055,120.8421973477543,103.9266900413375,31.142234872585544,4.893138946413154,-21.637841445099482,38.87434554973366,6.576031702168887,1.72896974302949,106.32285023656264,1
2019-05-26,3.4909962490856308,4.3861091594038335,-1.4446277904044307,4.7833731572066265,4.7833731572066265,-33.77066332288556,-2.898550724637681,-0.09390842603234366,1.718582289181399,1.2438865868576277,1.007470294919081,1.085569622821966,1.149237810348033,1.5838443144960763,0.9611523272117185,1.4534380160653633,-0.11216678990022586,0.5247536668296279,-0.2823314069384937,1.3305654163042155,1.1154976480806984,2.353383205187876,1.4132919522994427,0.9933141368938945,1.3694869879647555,0.9116012785609756,1.142657369162322,0.6649819940973263,0.4143451635503553,0.04688121299964111,6.346889371068714,4.825332037373645,14.0504263967463,7.054636066050364,4.162845431703521,6.675493008623251,3.7646915516222332,4.988655481472726,2.6190868912811354,1.68939414694661,0.951480167101299,12.271008944975792,41.10250753903,6.752253042223151,1.9660158068922216,1.4534380160653633,1.1322052861129366,-53.099630996309735,13.302827456576317,46.88163919876793,22.912964785832234,15.0591144483117,56.73631798146913,-40.02513352182989,5.3587280558149635,3.56725965354623,34.0909723925326,1
2019-05-27,4.704183836135578,3.8008220315923493,8.502606223345419,2.7378596219487825,2.7378596219487825,125.24971901839017,4.477611940298507,-0.20405135790246368,1.6718315680815654,1.523294415705202,2.5603851435877383,0.29887339035598565,1.2521527119332996,1.2198191479444316,0.9955280787785733,1.6353122728507012,-0.06776628807589613,0.5389601277503531,-0.2308586701311012,1.534219858157381,1.2792557916720861,2.487435451152091,1.6326908550262555,1.1384271175556204,1.5808143768954557,1.0448578235296473,1.3108868033054055,0.7594275300134069,0.46975314035603366,0.07490554274025532,3.30955024435046,2.6039987755738365,6.013758329575934,3.6179888263759565,2.278930073066848,3.454297147376189,2.078675617059799,2.682509449264967,1.4843879916301876,0.9891560026190273,0.566658765544651,13.127345161073317,32.01020419785864,8.349859394039497,2.3822724891689937,1.6353122728507012,1.1633324339680697,-656.6483084185643,-6.0573742410363725,23.65128663603864,32.09238840071704,28.78187071452874,-0.6781020619668819,-224.93452069141745,6.337896269808366,4.7833731572066265,-42.76299314378322,1
2019-05-28,2.9114360403320805,-1.0457913108262784,0.5459071521115694,-3.329378097298804,-3.329378097298804,-53.11447927741537,1.4285714285714286,-0.09624423875234975,0.8693314117628088,1.3620651636929182,1.8165063194498448,-0.21854573885846884,1.0263839014691862,-0.0003453722421981975,0.9290589009727453,1.4101250288992946,-0.11455531633731458,0.4807712693407459,-0.24077259156276282,0.8220481252599718,0.8073694913779199,0.4543790841515295,0.8018455213689277,0.7609135933287416,0.8138613837675579,0.7203353071074823,0.8146335114649312,0.5694732607281164,0.3771114676897832,0.038509339321887076,-6.694862158488624,-4.79193737149435,-16.79572168261539,-7.630768775449079,-4.034149605739433,-7.127415823460639,-3.596228276645561,-4.985613984874112,-2.3277113265422122,-0.8064043241267573,-0.11939046845397437,1.6528815919233881,-14.388053916276206,6.597587816422286,3.231159683211201,1.4101250288992946,0.24560805130823446,-11.999999999999854,-26.24004055794698,-6.721082715553077,12.062351966854552,21.268875667964114,-43.97886747886174,-79.07756813418388,-7.46844178538208,2.7378596219487825,-221.60514259416186,-1
2019-05-29,-3.1807841002665818,-2.550088535058466,-3.851277002374446,-0.720577617328539,-0.720577617328539,-10.248620906422937,0.0,-0.08759544309032428,-0.053525085352252914,1.2982829283526283,1.31808262913549,0.525432908573914,0.8329681347125903,-0.2585695783565908,1.015328030556865,1.4473146542679733,-0.006500460504580661,0.4302053493372285,-0.2681642267387203,0.6054639927192705,0.6573403197282157,0.05918377763985583,0.5573793363558116,0.640814486077111,0.5840380490670021,0.6177328600629497,0.657199096942703,0.51186460132692,0.35133275323393487,0.030666935961412126,-1.4785895952273336,-1.0394148951550162,-4.046261778639989,-1.7001814698644948,-0.8688895011785362,-1.5805558639102841,-0.771500614862716,-1.0834011354547055,-0.49429864391201145,-0.17011669916655267,-0.0250979856934605,-1.162140608889661,-24.68506638487383,4.661427135382689,4.464655829354155,1.4473146542679733,-0.5396835974706541,-106.92258271763595,-13.43915031149824,-15.20324786577964,5.112936254589902,14.625529680532193,-107.62735411375206,355.7114228459487,6.435700492986572,-3.329378097298804,-78.35699051684267,0
2019-05-30,-0.7798760271010521,3.675565856868955,-1.8039995181303523,-3.307588253261769,-3.307588253261769,147.86214243923746,2.8169014084507045,-0.21683906510065235,-0.48219711193802023,1.2027006702289467,-0.019080383342254315,0.4306458190688965,0.8133924914248769,0.22126575090114653,0.7927744179873507,1.2221569900583713,-0.1601339977943696,0.3559678984605604,-0.27635048140188123,0.06331409331684533,0.2733532950155006,-1.0644011688501094,-0.05535831966756363,0.32506166220227234,0.00872291539817643,0.34194198907778306,0.25617925381151924,0.3433940504278119,0.26632255268454447,-0.0035627769600528204,-6.733291754430638,-4.727689384778846,-18.118113548165233,-7.7436146740695975,-3.9495208972208005,-7.198460552591388,-3.505649695356351,-4.928544077615343,-2.2460216925591125,-0.7769104828831762,-0.11481428492178367,-8.038471757458622,-62.52778811485666,1.668943278198062,5.03793872960292,1.2221569900583713,-1.417066284043124,-78.65429234338617,-41.793787906634854,-26.44571955918475,-12.964891365778216,0.764100825355323,786.2747188115479,-226.51715039581526,-14.836075913772168,-0.720577617328539,359.01901109893817,-1
2019-05-31,-3.277688183759744,-4.15522404537488,0.24842815519091468,4.327812626923605,4.327812626923605,-57.336249225211965,-16.43835616438356,-0.09223144417392734,0.5139056831922695,1.3748057275439163,-0.10756450255753232,0.021359242591310043,0.9539659775499414,0.72901406893504,0.9379775229224616,0.9622638320624297,0.19384435378074677,0.4031693190765007,-0.23966707675882798,0.6342524419400368,0.6519884933950938,0.6943285831087948,0.6169213850795472,0.633570299179458,0.6260586321996009,0.6118015356946237,0.6533670280913755,0.5127464695143972,0.35732240960989614,0.03938269857173129,6.909180161200952,4.84108435055409,23.45809968935074,8.01185523443282,4.057889479554057,7.410133840115921,3.6142642623506145,5.0440777037833255,2.42353771101092,1.528618730093589,0.864587272607455,0.2357694333189017,-16.9388567340426,1.363487533787484,2.2895366545079994,0.9622638320624297,-0.015867703910792615,-3240.217391304053,65.0419066413342,-7.109521168725938,-11.833988546699551,-6.521007804906052,-218.55303235235314,-133.40285019115404,9.822167615782428,-3.307588253261769,-230.8449630227023,1
2019-06-01,4.205909302570106,1.1029200023037333,2.8896163495074374,-1.3856446636098907,-1.3856446636098907,-13.46592810565286,1.639344262295082,-0.07922524108746733,0.5726017170585966,0.8434980993029796,-0.9384398509843362,0.22645894686661305,1.0007428612508533,-0.09020998689724984,0.827450416708482,1.074226477803274,0.16289885019205758,0.40678045028203796,-0.23880552629948357,0.35389972510264955,0.4547499543434662,-0.00855734334312005,0.2984447926661525,0.4722278917469774,0.3279443749873979,0.4715715615784317,0.4472002341674016,0.4289952562878325,0.3167252609054728,0.02464791056012354,-2.9063272629786288,-2.0217311141534715,-7.958951200104786,-3.355596808420782,-1.6823612677209245,-3.112964802899366,-1.4900503753281518,-2.1097331874620227,-0.9505837142764052,-0.33053584490840004,-0.048911947498791984,-3.695848266496224,-77.90753960818314,0.2971759858291587,4.220081531017806,1.074226477803274,-1.2975616852635314,77.53547940463797,-22.999533011769554,-10.237027341596011,-15.70106483170513,-13.3877327170495,14.165833113399732,-166.28511966707654,-3.3123757835773704,4.327812626923605,-132.0172055275614,-1
2019-06-02,-1.324722874893695,0.06693440428380953,0.7939221837320388,0.9313818665652899,0.9313818665652899,28.444457583537197,1.6129032258064515,-0.10113534391685503,-0.016118445121470624,1.0671606006186771,-0.06428519249032458,0.31773834711644455,1.0651073320119713,0.2816314713155947,0.7256559092351667,0.9548573209492026,0.2134797799989971,0.39675672532673517,-0.07354903610220362,0.4326623111001523,0.5000416476304673,0.3047020994870464,0.3974133284087804,0.5082375029961761,0.41584042010148264,0.5032556639644605,0.4952630947550045,0.45075854324264814,0.330798876880332,0.033891351637498124,1.535328996883462,1.069848624993631,4.983136825131405,1.7832152822698812,0.8946429670751641,1.648079181446684,0.7958471217845785,1.1154035936316011,0.5324595445694212,0.33670403735782006,0.19136519852859996,-2.260053887746106,-174.36210758769167,-0.2203315538398806,3.801197594730189,0.9548573209492026,-1.311078128415787,14.466757652563652,20.012566760917398,13.39257229996126,-6.02841584077315,-11.489048634990368,-103.47876830780149,-962.0094191517325,-11.917292671624393,-1.3856446636098907,-167.21650153357902,0
2019-06-03,0.8005375872848818,-1.695011741265207,-6.739435061582717,-7.954512530783712,-7.954512530783712,-22.967337269860813,4.761904761904762,-0.08059520672858805,-0.32136027668802297,0.514743136519638,-1.5239543281531054,0.033957618422559864,0.7172756527172284,-0.33390467626312026,0.5377708014328817,0.17687632825024718,0.0035014190656913738,0.24176376890859244,-0.11802161996185093,-0.7169419081411017,-0.30679595474375276,-2.465095811928484,-0.9154724258054423,-0.15825636752767605,-0.809635573522637,-0.08202553690439433,-0.347153880889152,0.08490172317501826,0.1399568905162866,-0.04827478499346688,-15.738255609903195,-11.113236709950845,-38.11375652691218,-18.01436868155815,-9.295185444311866,-16.79165401321652,-8.256137955456861,-11.581072624217963,-5.316325975979793,-1.8860796129562232,-0.2813907794378375,-19.58712628653485,1738.3812078152384,-4.059478192057473,0.8727322323576092,0.17687632825024718,-0.405782045056917,-112.12740589337432,-93.56619774671304,-34.91119942864601,-22.610353508459024,-14.683818820565989,1681.0158031140134,-6.1919504643968235,-16.588626829260004,0.9313818665652899,-954.0549066214883,-1
2019-06-04,-7.976580388974226,-8.0015635405507,-9.298389902888056,-8.106832024425936,-8.106832024425936,50.75132001498267,-36.36363636363637,-0.12749857517925867,-0.8594043435191486,-0.19785147114209012,-2.401772008325608,-0.5889338211695321,0.4771689252104673,-0.5582958922429158,0.23443127705280123,-0.8087555511224284,-0.11048902541740983,0.2142529081909022,-0.1452896399845349,-1.6560119578363015,-0.9940684720475111,-4.25061510771491,-1.9656142859736265,-0.7353739477341559,-1.8010382598550263,-0.5935922124175281,-1.0617134443763685,-0.243019250067871,-0.034643444407867735,-0.12460603170637254,-13.657862061427833,-9.846188575374374,-30.02321000402729,-15.474270575128667,-8.303152001512528,-14.5033225114638,-7.410053121486822,-10.239176273653614,-4.840646443589276,-1.7556148260965192,-0.2645851277248065,-39.63074763676298,135.61970457308888,-9.969646133968622,-2.7541900763096345,-0.8087555511224284,0.8411191114177134,1045.3651685393174,137.8165395191245,-35.84766630422907,-13.826980752052368,-13.99770316556003,124.59969458280405,-132.61502620851257,-4.877889616443592,-7.954512530783712,1.914881560029719,-1
2019-06-05,-7.997102270937645,-4.14496357027083,1.4717422009869696,2.8773035555250974,2.8773035555250974,-48.68764032553994,-35.714285714285715,-0.06533374722986392,-0.34300678286253145,-0.6552243171328529,-2.8250340732087467,-0.5194098867927115,0.5536567637370473,-0.3559026178589051,0.4219751425795804,-0.8201525338128219,-0.07830415941248217,0.21274817832550025,-0.11082565009622411,-1.1177280911768062,-0.6774623677483325,-2.085595977290838,-1.3027130053426084,-0.4925492261856834,-1.206250078104083,-0.3890522871071212,-0.7248131252774926,-0.12795701154122632,0.022029707214147938,-0.09844424581857965,6.292920606785919,3.8692011209028596,31.97052796414188,7.7357318580665035,3.0714975589295146,6.937780544962272,2.650798150775069,4.087445275239085,1.6236715908925763,0.9261291239670707,0.5111948815585726,-42.087770856678546,22.34405408699104,-13.547952145755419,-1.3744423871781413,-0.8201525338128219,-0.3668329266465046,18.430410790925976,161.38328530259298,-49.29308840009884,-21.776523437211743,-19.597597465357136,-58.45991144508418,-57.44047619046262,1.783072363379869,-8.106832024425936,-135.4923297640284,1
2019-06-06,2.96131461828139,1.6236271403477036,1.1582547129281178,1.190317640008003,1.190317640008003,10.908272430813765,25.925925925925924,-0.07183998210067019,-0.2558789701086859,-0.7334350596894291,-2.382458095661494,-0.7189628960224779,0.23395528171053998,-0.40073722707865933,0.4887579342021457,-0.2857838968302387,-0.06416839056475633,0.234212768405535,-0.11004034013993792,-0.8325993720572281,-0.5192458344170082,-1.0401431725053967,-0.9470131148454873,-0.37560536291601493,-0.8889646049345455,-0.2929280543972269,-0.5550705215417838,-0.07788271766047938,0.04541634012919016,-0.0868780701515692,2.524242580328256,1.583825017895054,10.507125082792426,3.0656565295654215,1.2657129835070104,2.7678946337896733,1.096251123579887,1.6701161831599372,0.6779296377986349,0.39120968079127666,0.21726885157629267,-50.37349581096349,3.989766280636934,-16.29629849363004,-0.9439720508927744,-0.2857838968302387,0.24706389806591522,12.362808034789818,26.27710400588051,71.3918732816466,-13.393947230749232,-16.413324113613424,-27.113090939864655,248.67132867119412,9.739980561326577,2.8773035555250974,-58.630793830484386,1
2019-06-07,1.1105569409808729,3.549158347064722,1.3131742121804058,4.101475741572471,4.101475741572471,24.464976987559638,-20.588235294117645,-0.08778631120936085,-0.10527020432136032,-0.09288120537235295,-1.8453663793103474,-0.8109188653673454,0.5312051292189826,-0.3790300219157496,0.6120067392692586,0.0191220403520393,0.005132793650434436,0.300627167820135,0.02618897549047507,-0.21062521573293028,-0.12110581543946065,0.6377015884896098,-0.2111637834483845,-0.059598945225062906,-0.21441126329578875,-0.02149547143421736,-0.13510594109622104,0.08288390397074717,0.12753916463085016,-0.048808594783078446,8.374040413660312,5.334902533017185,31.119139946127145,10.083944318742676,4.286200881759027,9.147036811818596,3.723256637664748,5.617548839637794,2.3219968199228846,1.3571408351372816,0.7584253104420233,-26.5298405597521,-13.970495172059087,-16.749109832718943,0.055558938738216136,0.0191220403520393,-0.010025624032882631,-44.95023958717281,90.08009932602302,76.27330109533456,-1.8870782236004084,-13.632636016674368,-60.73103139422672,-146.08904933812482,-0.5096794130030516,1.190317640008003,244.56985292975827,1
2019-06-08,4.205991647209715,-0.3385388227585375,1.923270398068373,-1.8158543523610915,-1.8158543523610915,-10.329864323892922,129.62962962962962,-0.07863395319175896,-0.47729549844194796,-0.06494695998267967,-0.4613564926450955,-1.2051552454926948,0.33937010185212846,-0.884973272619272,0.611937984577077,-0.5352389001466508,-0.04308014065122098,0.2667884259636174,0.1050081767925342,-0.4217193674638022,-0.2733057481848834,-0.19051520535277272,-0.45516597452923047,-0.18872218473693103,-0.440239373994775,-0.1368996613002234,-0.2931199136657852,0.006912799617171903,0.08662971240700208,-0.06553683424977635,-3.371118400687781,-2.3413941631926436,-8.859496529129355,-3.8885361523052207,-1.945577736696066,-3.6097472491619707,-1.7220521264711643,-2.4441310613869685,-1.102992562134449,-0.39909430020326825,-0.06002007634480775,-63.39147911918022,-7.696137990845552,-18.570462365855462,-0.627694469803082,-0.5352389001466508,-0.46123063857039975,10.880482089052396,40.023502840484234,50.631076901515115,61.46316549812627,13.697012654918636,369.40795391082787,81.02697998261912,-1.1535712522155566,4.101475741572471,-144.2731949857855,-1
2019-06-09,-2.676091895985867,-1.8424595347672446,-3.203092868306343,-3.3479807491106794,-3.3479807491106794,57.50183112983122,0.0,-0.12552890717757825,-1.0511545975931984,-0.6618462140368007,0.5445736306878278,-1.180725550269689,-0.0655265438082982,-1.3615785287008881,0.48183082223051904,-0.49746462372088757,-0.08049950772727149,0.23428161931351854,0.05620107290961474,-0.801147060762519,-0.5451613909428358,-1.2389857638116266,-0.889022058098681,-0.41721032367696254,-0.8446101760718246,-0.3399481967184498,-0.5759336186955477,-0.12487446015336377,0.015703673918133047,-0.09606676625408288,-6.137249937168982,-4.2516032881975665,-16.139530102681945,-7.085568903061463,-3.5284311825349515,-6.5746058597005135,-3.120762723070356,-4.439514152441384,-1.9959969667281938,-0.7244070943629501,-0.10907668709343331,-304.74085971202106,3.4586796514488425,-23.594331648061708,-1.2135367475865415,-0.49746462372088757,0.07477376651373308,-2.928743961352785,-55.62462641960537,3.255461799076134,13.190320988710635,22.245540980216674,127.15873023275257,-215.76923076927082,-6.7228666210008825,-1.8158543523610915,84.37496073170468,-1
2019-06-10,-2.838845654993519,0.6395024320229624,0.26853394065062086,4.0101920162539235,4.0101920162539235,56.37139680263724,-25.806451612903224,-0.1938029581241569,-1.0075533575234183,-0.3000521481006225,0.7792987943232299,-0.8174149900095252,-0.3979835034139934,-0.8094267543238104,0.29054172322684524,-0.3073913436757556,0.03650261817596741,0.27050650449268426,0.09698016105448548,-0.19331142812065322,-0.1537384954202968,0.46683851746537885,-0.17248170791677855,-0.10642956501701514,-0.18651280169164586,-0.07317532306530318,-0.16319569154809094,0.0323176603822182,0.09541721644350322,-0.05911772418721787,8.653229108951981,5.423803162175114,32.31861653899619,10.471842499287783,4.320620672374872,9.475988197910477,3.733281785196796,5.722681983922603,2.2917201853937796,1.3194584512156726,0.7363362253577911,20.517485709496317,-16.874391301931407,-25.669472205061616,-0.47488689881634444,-0.3073913436757556,-0.17526289689631047,7.293934681182171,118.84807038126952,11.90872315724147,23.792672896308005,28.419079159728046,-6.692095485875682,-176.78571428568668,19.41356353095185,-3.3479807491106794,-219.7794227854844,1
2019-06-11,3.7544427572627646,-0.49757550787562965,0.8865007797138595,-2.960531582739589,-2.960531582739589,-66.33384224035808,32.608695652173914,-0.06543554095954449,-0.9583807312697603,-0.42860873706365,-0.05733944954128147,-0.7685188700115255,-0.6107635690787424,-0.9781574851564938,0.32594470420942756,-0.20438041515832128,-0.04474164681739264,0.24959798820877963,0.09077850413646442,-0.5576290301624507,-0.40497262546791163,-0.6862354728451292,-0.5973363784397232,-0.3150289323294109,-0.578358140556034,-0.2574784041805069,-0.42547152477358197,-0.08597796507862376,0.0320479427528005,-0.08628832662394387,-5.4997609844722515,-3.794857977874632,-14.439224174428533,-6.357296704888256,-3.142861065533604,-5.895343555431184,-2.7763168421055364,-3.964539602032434,-1.7715510897626896,-0.6471667198911861,-0.09771522843090438,72.6990732605789,-3.9433638568027987,-33.172415489795846,-0.6072709400459775,-0.20438041515832128,0.11248482615929681,12.871430642122142,-51.11971246889724,-21.752484806738764,2.824163475101623,12.47583534492386,-4.171108335248123,-165.76527852896922,7.272879196439964,4.0101920162539235,-173.82518270297535,-1
2019-06-12,-2.529793016934997,0.10192381195055839,-0.3662695945832472,2.0064020064020327,2.0064020064020327,83.56180810308949,-1.639344262295082,-0.11945766315604729,-0.7756684809256613,-0.10594200960677244,-0.47129599917023496,-0.9935810338413764,-0.1619234949926365,-0.5645551535820371,0.28101001444563695,-0.1030158923395219,0.03425096975337419,0.31770681962088587,0.15943254120100112,-0.22821912141000378,-0.19467049092424668,0.19890667946711954,-0.2100006214993868,-0.14986394662596664,-0.22199480535528684,-0.11688861831440599,-0.2032660300917585,-0.0056537731654664036,0.0717640744820129,-0.0672548610514536,4.347253438312414,2.742939382886224,14.75041467117818,5.230002217351056,2.186390502423681,4.748601062517243,1.8889728983194396,2.8931184696965198,1.1576310891883874,0.6651520803586312,0.3721702915408843,8.802378640796979,-16.5046685011301,-41.4460861968732,-0.26342932400555913,-0.1030158923395219,0.022238986711814086,-7.435469372030516,76.03936041567377,20.74004088703056,3.371240852792915,8.995061237590908,-21.69550380933155,6.085526315785582,0.10570841031557997,-2.960531582739589,-167.77168053533703,1
2019-06-13,1.77045177045179,1.6418480336006192,3.4181548371865587,2.0866358254343105,2.0866358254343105,-40.282650244668375,5.0,-0.07025854160992537,-0.3796404415788025,-0.003456695693106709,0.320787345671983,-0.7036323471022294,0.005212701932961661,-0.7613234978436153,0.09953120546362378,-0.08785048603146467,0.24822622162499441,0.27447052714540343,0.14557263206688317,0.07583918240382985,0.008675817432283576,0.8306479718569376,0.13923851619180966,0.012694613004622397,0.10340690529077307,0.022861932235335006,0.01059998527511987,0.0762831385478885,0.11307882990808066,-0.04725826042964535,4.3732553234016684,2.81182215613625,12.997390643126023,5.205192154674476,2.255377081728173,4.753889708125258,1.955014083382936,2.9606871159681134,1.2084064180675553,0.7017286883590942,0.3947948193469007,-17.264860498515556,-28.9336224576035,-50.302755495131656,-0.15865358653393924,-0.08785048603146467,-0.032723524243408596,-94.07602663706996,43.06038807634136,9.833353735416019,5.247819613954201,3.839529595591975,-49.84293493572214,-175.8139534883205,3.465634077190083,2.0064020064020327,3.9988904903540003,1
2019-06-14,0.5285429400606364,0.1800025043826542,-2.8698147665014426,-1.5496260616047657,-1.5496260616047657,70.32988777567243,6.349206349206349,-0.12037102686226664,-0.8176670441676113,-0.15570378182937267,0.6775050155498524,-0.9253233465682014,-0.41746827525423547,-0.7692534591210123,-0.36393733263943184,-0.3403629199726596,0.3172099805091389,0.25766444899277147,0.16762120109472836,-0.1419570814428087,-0.13311088402360727,0.024150748878509633,-0.12257380984983562,-0.1032164604751661,-0.13420430524364402,-0.07892513672576898,-0.13814258861086187,0.011331246218083327,0.07831312598629551,-0.061503933143700104,-3.1986618304434353,-2.1403046349197266,-9.487799311993967,-3.7498873510738084,-1.7501220354042706,-3.4514508552375576,-1.5347235813077391,-2.243244298980876,-0.9610530017695237,-0.34835067381044965,-0.05236676610626102,3.095687713943383,-18.135134607208776,-82.86230652268938,-0.4536516289345499,-0.3403629199726596,-0.2522679771168402,-977.2833723653459,-25.948781672901696,16.38482000554377,11.26122598166153,6.742456201493459,129.06278883597645,-295.3987730062498,-5.3111091123793805,2.0866358254343105,-174.26432742676744,-1
2019-06-15,1.3579550036287436,1.3155633329687821,2.6322857910287523,3.0756107767084093,3.0756107767084093,-42.06302466422314,11.940298507462686,-0.06868339612398497,-0.49647171664116957,-0.18401256412448333,0.5126898806625648,0.06853053468714322,-0.15012871574521536,-0.6174238624104802,-0.35669812061344464,-0.44005567893365577,0.3649530386221575,0.2761750309823537,0.1829750204618279,0.28308778216901925,0.15470303902270235,1.0417952731634084,0.36613347853077677,0.1292110542556506,0.3206434216652625,0.12226237503827099,0.16390685730019247,0.1318326376921986,0.1399645510406617,-0.032200287442971924,6.613971303740662,4.234400999073612,19.666621487120036,7.877799707617555,3.386845933683211,7.192707918441588,2.930294022007284,4.461359798273283,1.8012056466206718,1.0434650477742506,0.587432564261775,-37.80127012610286,-48.67739421377784,-248.14946642799086,0.1572955762271459,-0.44005567893365577,-0.9036268659856831,6.166577682861937,36.53566531195595,12.791779427767146,5.4461087663613315,7.2832530866925165,-41.74791023130335,-162.00941915224473,7.067134169557344,-1.5496260616047657,-298.47438378284363,1
2019-06-16,1.9062166849650812,1.438815637288925,1.769824653232126,-1.8502615348583111,-1.8502615348583111,23.26952128072575,6.666666666666667,-0.08429639983161721,-0.7080300011934185,-0.5067091359671859,0.7230871393787424,0.6052542893608259,-0.21474950854827862,-0.08462092567066302,-0.08753704232930398,-0.6827242369827303,0.28717683985285164,0.27584781362099786,0.12122651804866379,-0.00657803616131834,-0.030381876831285185,0.0578972293461956,0.018308171054076935,-0.01978172719533198,0.004566757260031163,-0.007250541065114045,-0.030900760925253956,0.05159618525736576,0.0978274994273929,-0.049710666553658134,-4.002963032705131,-2.654335787890149,-11.926549231999765,-4.7076715911520965,-2.160662046112596,-4.326081614166282,-1.889523714646356,-2.7850059298861236,-1.1747757909386343,-0.42580448766842016,-0.06397982447404107,-9.859840086584496,-29.06517062962272,118.81541313532506,0.6451081853665444,-0.6827242369827303,-1.7242133932741706,-47.774704551169435,-35.78556995423693,-12.747297531157237,6.553994947128077,7.611443247608402,39.276821142318916,-238.5654008439559,-3.363793751859001,3.0756107767084093,-160.15915761741806,-1
2019-06-17,-1.8190334920759048,-0.7373285901061346,1.0640007714809154,2.6121539930003252,2.6121539930003252,-16.683386297360386,5.0,-0.06971617083559062,0.1112957693738692,-0.5290946421471815,0.8535765814257891,0.5965009047064934,0.07390625606308523,0.7626075340235847,0.07617241352651781,-0.3719496097584284,0.3852442133961508,0.2746068993674399,0.14718625921790032,0.3424369315845213,0.20911856952721472,0.9103014760191744,0.41776312726370485,0.17469430267414,0.37718128528704337,0.1615656189259607,0.22007957025008137,0.15327890268043023,0.15002478230398325,-0.024535166792012127,5.647243328894075,3.635095706271245,16.122141152885916,6.698150735895639,2.9095529555101356,6.130067190969047,2.5174200647389458,3.8287135642718804,1.5460370163525807,0.8961864951055512,0.505911623166408,-69.50051827395862,-101.1994244074248,-0.6512800193130732,0.4104514701814311,-0.3719496097584284,-1.0004232505031192,-40.97255657197847,44.595059405765994,8.258375880185513,5.8484319228783335,5.955940485100658,-117.94103563166374,-234.4701583434326,-0.4172243485171357,-1.8502615348583111,-241.17755483688174,1
2019-06-18,2.77194656488551,-0.6616329468702434,-3.92970737913484,-3.4231496697776835,-3.4231496697776835,-19.963616599329917,-1.1904761904761905,-0.05662886755901679,0.450922104534044,-0.51871002573416,-0.2583269383204975,0.20206775086958056,-0.05160072610870685,0.2755506370715778,-0.3547200477079876,-0.5077179896663641,0.38350482373848327,0.2496175829451742,0.1427485361198378,-0.17077860161997516,-0.1279784489664085,-0.5602433180235167,-0.18666736351554092,-0.0976221653323133,-0.1779633722520234,-0.07511560713909936,-0.1341330966255433,0.00776792895249068,0.07402222803331064,-0.05752646525633983,-7.477623604830537,-4.9670437821269005,-21.07633314506854,-8.771737987284723,-4.040538771435382,-8.072736220727904,-3.5310807907452744,-5.211817207787177,-2.191102256430854,-0.7981292096326544,-0.12015641667308166,83.9407496799279,-2513.775353708728,15.823491830457566,0.23083751813027234,-0.5077179896663641,-1.109426770512631,-86.37846655791135,-44.75070936359946,-18.944811182350012,-11.091562550509725,0.08643857211217829,357.95367922006176,-88.63224637682484,2.2355516437865433,2.6121539930003252,-231.0470086737057,-1
2019-06-19,-3.4569735233585566,-0.3222275327238261,0.2085781919912729,-0.4029280508556332,-0.4029280508556332,3.13854631436366,-1.2048192771084338,-0.05839369304554137,0.22697731720855732,-0.5028248291122644,-0.02881251286272282,-0.16455797565661684,-0.13178407465852632,0.15554345773104394,-0.23391087509851707,-0.3504274044662382,0.3227369339796288,0.24453108308069602,0.12418645755985862,-0.2013876736802642,-0.1526535699211127,-0.5083957714917541,-0.21959601741766357,-0.11996117772308763,-0.20975741049534175,-0.09603427193099646,-0.15940597237118578,-0.008368444855733818,0.06423186587647475,-0.060766463487215296,-0.9025349356077186,-0.5880504913610773,-2.794735674611314,-1.0687007693014627,-0.4747202460429984,-0.9786088104403129,-0.4130713598091527,-0.6182438342033044,-0.2534168556584005,-0.09155275987979845,-0.013725496685724823,50.90573696672836,95.24771345606847,26.674213926394426,-0.08446969695342506,-0.3504274044662382,-0.5700425329524283,1095.2095808382649,-30.669489680644542,-13.749085751646579,-9.872692486842913,-5.061673607716542,-46.05641942370834,-92.82868525909124,-6.271895824564708,-3.4231496697776835,-88.22931832595592,0
2019-06-20,2.0660693391463214,-0.35575078883869654,0.6442553894441025,-0.029012136743866653,-0.029012136743866653,13.310577594737083,-1.2195121951219512,-0.06604497779217271,0.14241388088145815,-0.335403867089046,-0.6397587919327119,-0.013635506859898956,-0.2700118331879257,-0.15419259653673842,-0.23000426336730737,-0.5812616288015051,0.3175203677185742,0.20160442213304253,0.12300939711132224,-0.17870573320695596,-0.1415852865642486,-0.35023430650397175,-0.1906303275012666,-0.11332535485404722,-0.18426230583673855,-0.09177053277794453,-0.14717587188625283,-0.009176341452757246,0.06232678129163636,-0.060469615634466296,-0.06929868028404947,-0.044159582819931806,-0.23992611981254708,-0.08295767689013006,-0.03534056143735743,-0.07552043509770731,-0.030600701998211292,-0.04653136002446368,-0.018533351244802015,-0.006630752232825195,-0.0009892102744611339,26.063963622960006,25.60640539453886,26.449361903805997,0.7558169348927388,-0.5812616288015051,-1.6907489490139,-121.54308617234477,-1.1015911872703301,-32.09304656892209,-18.848438782112808,-12.999078932989338,-34.994202852416684,-15716.66666696599,-6.414933191115738,-0.4029280508556332,-92.79967312221866,0
2019-06-21,-1.7478564025252095,1.0834807984849961,1.283545342634406,4.532043530834354,4.532043530834354,1.506674262947079,3.7037037037037033,-0.06604320733353512,0.17862295442364945,-0.34152163839677124,0.6298529918017128,0.6402877216907782,-0.2930351126776834,0.33441471869165146,0.0816216752277606,-0.2837543646079955,0.3777003736321313,0.2659327517594406,0.18053926969821055,0.44208517860403024,0.2772659214010147,1.2657519656637906,0.528302536904443,0.22589608721481527,0.48203302809155724,0.20256686817139757,0.2922240799868171,0.16851029965369702,0.1535649886017824,-0.01752407345421324,11.14991855787145,6.892507012363897,37.882345919461734,13.464325498345339,5.420401672410244,12.205720592519157,4.641115168273305,7.291485677146703,2.767846904952831,1.5660277433609693,0.8771586137394402,-80.84941823322899,-161.98466869958892,-12.965308090444369,0.7933125672443793,-0.2837543646079955,-1.1997298499066404,-1083.720930232563,201.15211267748623,44.76313483841706,14.94560019790907,-6.050553875011912,23.701500999040572,-123.58591248664472,5.215933527235127,-0.029012136743866653,-15721.198710194005,1
2019-06-22,3.6298249820187154,3.3845208845208594,2.5604874649553278,-1.0225800481214091,-1.0225800481214091,48.3724948235868,-1.1904761904761905,-0.09682637964399048,0.23385315941791807,-0.3200885932409805,-0.10421286031042952,0.2282346751973465,-0.4484773886138857,0.5076398193363373,0.05260615782575911,-0.3885624867999217,0.2776578696642066,0.2149995607730235,0.16535626817549795,0.24120945562246177,0.15583077436502502,0.48390624783193503,0.28280881365800004,0.13081090844502813,0.2609014979567352,0.12120819561253392,0.1635385151555153,0.11987571861482386,0.1285073206879124,-0.02735022561095488,-2.5585323592139853,-1.6375978324203038,-8.070173132990767,-3.0488583081504377,-1.310278761467089,-2.7828514786377654,-1.1338812298303782,-1.7253359712305503,-0.6851316930836676,-0.24595664783198876,-0.03673063866782179,-213.7843530753302,95.99470282368459,-29.196767983562715,1.5016002630469654,-0.3885624867999217,-2.028449568655367,-44.42080378250601,-39.94854097342922,15.874532674581381,-9.11396011633486,-5.546504249217263,34.2616359749464,-213.27300150840352,-11.019428635308122,4.532043530834354,-122.56333243853801,-1
2019-06-23,-1.0164106360663934,0.1529915037728089,1.0002054134340521,1.1702741028158068,1.1702741028158068,-26.23079235993092,1.2048192771084338,-0.07096112120586304,0.5561295119242187,-0.3124417405728944,0.8339384407570803,0.5723359471510495,-0.2611703765417705,0.30223758640823856,0.03489677451133611,0.11123291851887576,0.3674104906056042,0.2206169442660818,0.21274508421685417,0.36702226130910137,0.2494877636158765,0.7148991208155072,0.42145964834205607,0.20906554774505157,0.3928402067599117,0.19007794512122886,0.2609052632301944,0.16227615689421138,0.150446918468774,-0.015757948068334526,2.752959796261566,1.7614035334648608,7.438479270227871,3.2585466097343305,1.3999666664506645,2.986466658255426,1.2049501493878096,1.8577428637547189,0.7268649217459399,0.41539179168374357,0.23419072592996132,263.6543102800393,63.049175884018325,-67.23575778421555,-0.1648361982802583,0.11123291851887576,0.35937788999728454,-22.92641429179115,16.99380929883384,19.17168704032853,7.929939296798507,3.9928832811062875,154.8833938439876,843.9414114510233,0.7198779392775705,-1.0225800481214091,-214.44327561110947,1
2019-06-24,0.9037505648441203,6.801429694336086,-0.6648936170212685,10.918920584067523,10.918920584067523,136.44253275644886,-4.761904761904762,-0.16116291909749567,1.0838811518306817,0.646841096469685,3.135210266634397,1.3430947454432745,0.1974499777248254,1.3921569584659452,0.2835345720390225,1.0930430318005395,0.5764876885138169,0.33316418181782964,0.34758910799530424,1.8073834074625013,1.2435750051457612,4.16452671098129,2.0737325368925053,1.0230769427409283,1.9318707202134757,0.9013026235517175,1.301047877507424,0.6008491199542313,0.3795401937807522,0.09133861865254557,20.14471434713444,14.127454705129432,33.34005584733854,22.725629407163677,11.601980280191121,21.376259177086222,10.162725996712354,14.769887356231305,6.4087229881365175,3.830348065332466,2.206808999363589,360.8934395641751,233.54180065726612,-684.4637386149943,-1.6992890760975117,1.0930430318005395,3.5898231502995195,445.19867549668993,57.02893597630475,4.482267291734554,25.83307624637453,8.109145585563512,57.53558664597399,-126.84440682747302,20.41018574702029,1.1702741028158068,833.0224908673466,1
2019-06-25,10.667572617632045,0.3652118367516967,5.997322623828635,-2.642578423340214,-2.642578423340214,-31.724050721274306,8.75,-0.10890653056869022,1.0662011759175931,0.8890183256695161,2.4651569803428024,0.9100591577466569,0.21947338469884203,0.9976130951162997,0.019848161564046406,0.7968924211102589,0.5721029581955737,0.3115598801599753,0.3337377754592638,1.14558846359403,0.846894121450417,1.7140583635183024,1.267070572023101,0.7171740626069274,1.204065792110992,0.6430516664559296,0.8796386892986251,0.45504384681258925,0.3084957481394348,0.06166544501149888,-6.292558297359172,-4.270024283980783,-14.541890329967272,-7.266050655036513,-3.484760127067119,-6.746216451141699,-3.0467303345187524,-4.474430440876971,-1.8885881212256717,-0.7014633721739767,-0.10643617848916688,42.43101077416664,21.19117852651459,141.92662719843764,-0.3452442011484104,0.7968924211102589,1.7659974599377286,-38.60714647231495,-20.493897246664687,11.495641364950144,14.58062040740212,16.178939962113095,-0.7894863661228977,-138.15028901736568,2.9917351921328965,10.918920584067523,-124.20182840413885,-1
2019-06-26,-1.8419033000767293,9.29492500968512,1.8528148819517674,1.0355156183140641,1.0355156183140641,69.7265081315897,9.195402298850574,-0.17868261908195052,1.000562774935533,0.8094688612333756,1.7854167162615766,1.1214510044989021,0.08933312999296811,0.9205418850133177,-0.0412904532751205,0.7914582655939568,0.6102388949096003,0.32316467802760196,0.326077590222274,1.1298316110907864,0.8654815388793624,1.480254366737072,1.2289952100215291,0.7428538131430742,1.1782683589371539,0.6707177601207862,0.8957138614513074,0.4803337665500636,0.3250838330630915,0.07194968370869996,1.641490677026962,1.225861541838593,2.6931087445658677,1.8070272926691926,1.0349874380807775,1.7211508769108583,0.921202225715799,1.2727237352158967,0.60629801959785,0.3762479762964239,0.22241177062763778,26.96241802345672,10.761904921113889,64.97864153925276,-0.33844690011084644,0.7914582655939568,1.7302951080181928,31.50865622423736,-39.550082012156544,-6.423473150587353,-10.967163597619733,7.666702952601369,-3.1718728305855266,-1137.6033057845937,-11.675537112736349,-2.642578423340214,-139.18580463565445,1
2019-06-27,1.0960267254246838,-8.157581588475079,-12.679795769511305,-10.634423174656952,-10.634423174656952,-39.83535861291781,-3.1578947368421053,-0.11568179330330017,0.020991156239034713,0.18791624006448113,-0.2543443178894607,-0.09456312981017245,-0.30654506844866986,0.13804994124905276,-0.30745401502272945,0.0021089795663269276,0.3667991498299149,0.20078692412601176,0.24134284583180152,-0.5526428349147282,-0.26966937485694525,-2.6757796487199883,-0.7180182218058796,-0.17758645551476743,-0.627171285612605,-0.12910719121290845,-0.2950060203462831,-0.006588135022368467,0.07325496179814991,-0.04220245881165147,-21.800152093404616,-15.42602124693688,-43.7310921311987,-24.682868180039776,-12.795751022909304,-23.157302605959647,-11.288560134868481,-16.095846486781614,-7.16779279145091,-2.747301545321995,-0.4235746042327875,-23.417444679901596,-50.62518067596899,19.446812363030897,0.003440171533797263,0.0021089795663269276,0.001025386631212515,-115.03259779338022,-62.54223313482352,-36.03207444713345,-10.538481538488636,-2.759484511423263,-98.32694181912396,-178.08310102217712,-8.399504628211275,1.0355156183140641,-1126.9688826104905,-1
2019-06-28,-11.977614039034814,-4.301860785665076,3.565104079655179,9.291818713173148,9.291818713173148,-29.687865550490333,-32.608695652173914,-0.07987572026884923,0.774751730033488,0.4398072856619064,1.2488789106235352,0.8068435641947435,0.009363573042816235,0.606157808586214,0.022506567872866385,0.5512912540899747,0.5876437428973447,0.29772484891572154,0.3121933126465193,0.7125392650060516,0.5760530642244361,1.0940660066714323,0.7607017167096308,0.5082525405543027,0.7361687054968343,0.4673013935883691,0.5923609826129197,0.35746666361287144,0.2624152647038004,0.04677173660299592,16.68505977319188,11.444966052010068,42.93773213414212,19.215580036963,9.377759002532034,17.86045600592709,8.213806491452265,11.978713946215077,5.187425792329297,3.0839857276967626,1.8106446241486287,14.581915546455882,9.578630971320756,17.840200448552267,0.05036040199161222,0.5512912540899747,0.9590598201729941,-674.7289407839835,170.74020319303352,-21.134483819099277,-4.8316265758372925,-9.006253692760776,3067.985534212589,-122.39034342059854,8.15901971365941,-10.634423174656952,-187.3749197353423,1
2019-06-29,8.07533787021948,-0.1353901107606087,2.018002322880364,-1.9035918190359165,-1.9035918190359165,-21.498330322579324,19.35483870967742,-0.062638359901612,0.4168352143435794,0.42543195311871057,-1.1998946292774315,0.42594439185874194,0.2614910486582358,0.5870327650555758,0.07211887430266971,0.6075388887810081,0.5321695364980124,0.2944889057157053,0.3039593787147498,0.3476805872765801,0.3377196586637882,0.07321911499029098,0.333790597069336,0.31830455802196067,0.34252485112034475,0.3040243201773726,0.34135301470345075,0.2610597956032885,0.21396723712039,0.02646241417709009,-3.568337767139076,-2.5609497986656615,-7.2438341820217165,-4.021249306998152,-2.1389527924362874,-3.781503082894311,-1.8948351243881538,-2.6676824282430305,-1.2183410647913675,-0.47728745725029764,-0.07449292563689713,1.0774913517745608,-17.714572274548676,12.457451014416915,0.934370307713803,0.6075388887810081,0.343885642670676,-15.469452909592087,-14.120295915085224,-5.403173503449506,-19.755212801551426,-11.536877190973401,-44.83291253719648,467.72968868652225,6.464544376353441,9.291818713173148,-120.48675160156934,-1
2019-06-30,-0.7168935597830095,-0.49614191966540844,-12.725519029774002,-11.01697412624506,-11.01697412624506,9.092806842397763,5.405405405405405,-0.0718194822879931,-0.26808632618581546,0.025383838316771597,-2.847624684297224,-0.23979032522270052,0.12067464537137795,-0.47907499254173447,-0.46436781370989955,-0.15936427244495707,0.1102456686881001,0.1486835020426291,0.2178519075011732,-1.2017323979432302,-0.7292688340704367,-3.6289214322190624,-1.4444331405360917,-0.5546477765329656,-1.3134975358195153,-0.4584631176806489,-0.7753525114283399,-0.2094301965617558,-0.031932032426771825,-0.08631504280258188,-17.834478062484045,-13.218263183902648,-33.0434008587555,-19.828311807820057,-11.198355032550936,-18.778530032358066,-10.004062096353055,-13.72057398929702,-6.590263890603075,-2.663894175437227,-0.42323416203059033,-43.85449043009285,-134.26133430102655,-3.7952922629278114,-0.5370705728765498,-0.15936427244495707,0.14712248625791294,-128.05150214592265,-47.84102123700488,3.5267741262434678,-24.420324720479098,-15.571256298404352,-154.4922789742176,-81.90450715527959,-3.306627150036645,-1.9035918190359165,478.7466628126525,-1
2019-07-01,-9.388399237732242,-8.18077720282355,-1.1649605942567718,-2.240400059611532,-2.240400059611532,-12.145291171926893,-16.666666666666664,-0.06452624258687652,-0.5948810183526951,-0.2520772210570343,-3.5580834964398353,-0.3795596098051463,-0.06197956720210331,-0.381264190557144,-0.4869382902662276,-0.12126067797712224,0.1472135440169414,0.08194644048658407,0.21823955214148488,-1.3292720996170293,-0.8565524305590584,-3.2009381472086686,-1.557018601365442,-0.6708126342648318,-1.4353377079243204,-0.5657491345121484,-0.9045230937461164,-0.28498083521886314,-0.07497260757288801,-0.10590633539019695,-3.342188949920339,-2.4445544406687207,-6.694866762224026,-3.7415962153640363,-2.0609662476772117,-3.530268692657472,-1.8362772513352381,-2.540710806111594,-1.2017732768535805,-0.4845063348360067,-0.07691004197019412,-76.37185555385473,306.0838725588408,-16.020078599837962,-0.5241569877512526,-0.12126067797712224,0.20343278671943799,254.83476132191046,14.162793813118524,-21.182279958232538,-12.961862745923316,-19.59888949900942,122.9038142093079,-92.75683665929651,-6.858928766416265,-11.01697412624506,-79.66410709566459,-1
2019-07-02,-2.180342413985718,-1.3449729268947206,0.148482182138152,-0.1659947830211065,-0.1659947830211065,38.767232114126536,-3.076923076923077,-0.08962563594109554,-0.36734465888091533,-0.1232139159246236,-1.3643541754616497,-0.39114900177759,-0.1109700820323545,-0.36473914040046096,-0.5277657619676946,-0.2231489554120124,0.08005681132548327,0.10037391406499474,0.22385601413122394,-1.187750369339449,-0.7991981817028284,-2.256196420720863,-1.3616312187131805,-0.6365754338178409,-1.2698470116438982,-0.542086265497249,-0.8402861856088187,-0.2806414365155089,-0.07670808632395548,-0.10644115933103819,-0.25870065185413754,-0.18515120034097868,-0.5785376275046925,-0.29273463430793517,-0.15478071546880645,-0.2746163808772912,-0.1372494131478902,-0.19285657013064308,-0.08870856748814324,-0.03543196239118675,-0.005598260142428288,-258.68056964494383,44.26487414028269,-27.52008556796052,-0.8444258629464695,-0.2231489554120124,0.27390152470225154,-9.744739565367277,18.335822611516427,-13.951280822629636,7.397347236378159,-12.16038637795428,-35.19647324021567,-2623.469387763257,1.1629818046666403,-2.240400059611532,-92.59084187625454,0
2019-07-03,-0.9742168472327503,2.480198415873274,6.626031885490451,4.19579233118426,4.19579233118426,-32.01847600957959,25.396825396825395,-0.059410001639827334,-0.06925474202609117,-0.030286111189280884,-2.464000608708359,-0.4357084940880653,-0.11229893337110847,-0.07220029210445623,-0.11179218222441598,-0.13184524363823738,0.007586053133791916,0.034998780005928015,0.24383865588167689,-0.5260281157341162,-0.38169130103316196,-0.20481996043239778,-0.5715566928841799,-0.3072877677146292,-0.549296763306099,-0.2605740285911038,-0.39927134549502596,-0.11719905523641733,0.004680961011828913,-0.06817147840548812,8.7305764535314,5.613029516665259,29.936592582504773,10.368886607631815,4.479346958197218,9.480387827064845,3.863785114179351,5.914342949329987,2.335824351264738,1.316101419100778,0.7638045390594336,58.15698645911351,-4.108133913056504,-36.409429849127356,-0.3259291958007246,-0.13184524363823738,0.021699210161073075,-32.906554557615394,57.35247797196882,32.23290479256396,-1.3959535535652354,-2.7906693234680335,-82.2574374192035,-232.67286696317333,6.107945045650755,-0.1659947830211065,-2627.66518008627,1
2019-07-04,4.625561869222325,-1.8393317198844756,-0.22488112200229887,-5.342517056649243,-5.342517056649243,1.2932542013787458,-3.79746835443038,-0.06097135127871166,-0.42824691575317936,-0.36887659300247105,-3.1646351373313895,-0.7723147965850194,-0.24108353016289782,-0.7914713764565462,-0.013476400769215338,-0.3109718998580062,-0.34291909533002846,-0.023591103753160925,0.21696797940373766,-1.1461525842258002,-0.8153958327357304,-1.9103559080648425,-1.2823444064771623,-0.665897033770333,-1.2113501534117272,-0.5760210701091377,-0.8521278137712304,-0.3162227171851129,-0.10144948057865918,-0.11709027824740607,-8.502591718052608,-6.090716074611082,-19.181291294855455,-9.624831832266993,-5.096729690161523,-9.026742302388426,-4.522725880646111,-6.342926734234839,-2.932350163126076,-1.185049379910098,-0.18868135534472558,85.07000649491148,18.34035055279823,-67.75697531175732,-1.1323696699745658,-0.3109718998580062,0.3365970155928191,295.3574480205075,-46.57788623882666,-0.12995019397638555,-10.372011576977878,-1.6232714912755062,471.431287893709,-153.42883267298012,-0.050319449978364385,4.19579233118426,-227.33034990655332,-1
2019-07-05,-5.904477805518659,-2.1823850350740095,-1.0340318640101809,3.0155508153856694,3.0155508153856694,-44.978398550171924,-11.842105263157894,-0.03354146227457789,-0.5469739118522445,-0.16720381542897525,-0.16984767416097032,-0.649227665163964,-0.009799728632210696,-0.5102781539545548,-0.009634819289238147,-0.32425750098797324,-0.3438206043593891,-0.03184109739566016,0.20023480055228773,-0.6330776470216464,-0.495759029785753,-0.3323437009363608,-0.6683703134950305,-0.41604810853738866,-0.6519332314975154,-0.36377236848208994,-0.5138524954086686,-0.1957196984691719,-0.042829413296874924,-0.08955549772373794,6.254673842238698,4.0256344137841005,20.41926147072264,7.416693387604145,3.2106757800475636,6.787407195090194,2.7675929108867106,4.241921026240012,1.6673880686633291,0.9326139382786407,0.5415831141347626,18.302880456292616,-7.099627661013094,-195.22511600225653,-0.7679759365008915,-0.32425750098797324,0.020437277500159275,-26.338160074922474,126.5803235197704,26.49740891430474,23.29157442011027,3.1225694302877147,30.357987414187065,-110.5533371363179,-7.181295807621845,-5.342517056649243,-156.44438348835118,1
2019-07-06,3.1323225361819564,-0.07968127490042165,3.669964013143029,-0.3089254404274821,-0.3089254404274821,-25.334918875600636,7.462686567164178,-0.024883011791559332,-0.49688350842193674,-0.3235737435359631,0.22258984290940187,-1.5967807613400793,-0.16667221232404655,-0.624851980412374,-0.05702467067333001,-0.24711226638701092,-0.15089390668048824,0.009384025218361043,0.19275550846638514,-0.5916472010790519,-0.4796203936699996,-0.3245896731909459,-0.615117599749016,-0.4085274885220101,-0.6048614235051417,-0.3604211842817885,-0.4952932888693797,-0.1999458447943475,-0.047986883103705635,-0.09154360583933294,-0.5220713000551235,-0.3631629588053606,-1.3678928811276085,-0.5996890038052206,-0.3004831980619497,-0.5580141964227747,-0.2649618204690383,-0.37931323255799565,-0.16902913645788023,-0.06768340865901869,-0.010733471605104189,12.459953551907786,-8.8165167923858,186.93919035262135,-0.6517134186162984,-0.24711226638701092,0.06471741272951287,8.909535452322602,-4.170133534960888,5.828151867913182,15.902053315972786,9.354600071093646,-8.621997790150974,-43.243243243315014,-6.3799935022162195,3.0155508153856694,-110.24441169590993,0
2019-07-07,0.026729927495075217,-0.31409693063829325,-1.3147303461228868,-0.17587939698492616,-0.17587939698492616,18.03793633537147,-6.944444444444445,-0.029453282705788775,-0.5949284277322168,-0.24393505724066877,0.21974703928607395,-1.3857388168966571,-0.06126567243770675,-1.4946787126841734,-0.19393128373444293,-0.38467840117403557,-0.10662492467224005,-0.006036596506043836,0.19401881736933274,-0.5383560769983328,-0.4533383253942377,-0.27534242784907736,-0.5498428063792941,-0.39217793554352,-0.5458158799362711,-0.34913972946289906,-0.4663114084753584,-0.19904838796200283,-0.05045922289872203,-0.09230626207909556,-0.3164710715377343,-0.2154694588634935,-0.9230464374173588,-0.3673730919396299,-0.17679081887583326,-0.33991377176774634,-0.15515542100402482,-0.22554034881489524,-0.09775850417612311,-0.038784008863892834,-0.006122055403783612,8.28693071700182,-10.826478226155576,58.09602355400961,-0.7940815896459936,-0.38467840117403557,-0.07140684717741742,-66.70258620689657,-40.949196160777305,5.189874551135344,1.089208631696852,12.139609029929293,21.006201277013563,-1998.0952381011648,1.3891774347721235,-0.3089254404274821,-43.06736384625688,0
2019-07-08,-0.47265925109397305,1.0758656718854698,0.03568515497554228,3.3442402886148073,3.3442402886148073,71.59995952179993,10.44776119402985,-0.05007188379565887,-1.170810268090288,-0.218243477036504,0.058582308142941776,-1.2358910897704798,-0.014188878223663697,-1.0413051872198908,-0.028452070138852145,-0.05555975270401628,-0.23638785413432262,0.027974988726745018,0.18578048639304864,-0.03888984826794214,-0.12382597948222751,0.9245226349708991,0.031029449081522276,-0.12902760555880274,-0.00839277379384729,-0.12296253019294401,-0.11955378999282507,-0.06688568209742324,0.015082682549376692,-0.061255254678626206,7.425709169423424,4.714717201841974,24.9164289418664,8.858216666007761,3.738174032029505,8.081049158554539,3.211065826888384,4.9753116648186495,1.9163703568486825,1.068302282729771,0.620311829533871,-8.220814494430645,-31.050892696525857,25.336936830432837,-0.11349539213179015,-0.05555975270401628,-0.011548538111878552,104.88133764832814,139.30425365119476,14.031566756970767,13.926213566368743,10.052359032990216,123.25924900181207,-175.664826894102,0.8290642572285617,-0.17587939698492616,-2001.4394783838516,1
2019-07-09,3.3562115084492654,0.43771805142783377,1.051487200394074,-2.4485289342079666,-2.4485289342079666,-16.957796952143354,13.513513513513514,-0.04162258441286925,-1.1397934507900227,-0.16617978641321796,0.6517229842756654,-0.43610748026489954,-0.18387514441051298,-1.3281078291190875,0.0017424592436204249,-0.1545671725467154,-0.20246976292409435,0.00542694270543313,0.17507543158610514,-0.35936258610376876,-0.3325424707659465,-0.22042719301624403,-0.3510918945827547,-0.2980678303212428,-0.35680810045503936,-0.27032069242050893,-0.33883873199091175,-0.15875192371799782,-0.03406587170020759,-0.08356055423492376,-4.673042615204401,-3.1540315469573645,-13.624372355863867,-5.443849137568002,-2.5777136018941595,-5.0277477897420795,-2.256973554308122,-3.3046457225448744,-1.4133256734564201,-0.5608513480316677,-0.08862361788036861,2.623615668328229,-15.305403387221538,17.12106341931853,-0.3848030995885086,-0.1545671725467154,0.020154837289026017,2.5141503224957704,-27.84726487701678,0.6524839602034541,12.402108381211175,9.312148315936424,-2.723971702584023,312.4005305040425,-7.824983107264476,3.3442402886148073,-173.21629795992186,-1
2019-07-10,-2.4792583331980333,-3.081227988356959,-12.310045723507269,-10.351198402130485,-10.351198402130485,11.792447125944959,-1.1904761904761905,-0.048748918985498976,-1.951252594964779,-0.6151518933476444,-2.002340052119379,-2.0825886941690244,-0.5026389608685339,-1.1815526618096306,-0.45377072170348165,-0.6438308090865424,-0.3940678469526035,-0.12697396329408905,0.10116056122740291,-1.6603757967054587,-1.2129407859554628,-3.582430724794676,-1.8597570565232178,-1.0149157137318132,-1.7539022946198228,-0.8951382121172222,-1.2615977080789398,-0.542884820690368,-0.23491932711761682,-0.17722467612706702,-17.11438653185417,-11.992465768277269,-40.27154252391589,-19.563283077468064,-9.941852260658523,-18.253513727347098,-8.774131360320068,-12.518433154477924,-5.611521371350669,-2.282756379436494,-0.36596745040897805,44.18738553681643,75.80495677594594,25.699628457224584,-2.52637227247395,-0.6438308090865424,0.779012737831681,-16.153055983564478,-69.15769668523959,-9.130687208364856,-14.388925916807482,2.8158408708790708,46.66540243756183,-31.098247306642385,-12.247722284960176,-2.4485289342079666,322.75172890610986,-1
2019-07-11,-10.304009057005862,-9.529261453199913,-8.737659350138982,-7.9556636527357405,-7.9556636527357405,0.18430948158125016,-25.301204819277107,-0.05092999206029323,-1.6093010496155173,-0.9417533603248254,-3.433913114264797,-2.5388242184843612,-0.8835275152048119,-2.483170312887827,-0.5850484322505474,-1.2112351185161183,-0.42965255522108325,-0.2965370511833749,0.05326465608542055,-2.407629291109451,-1.7506524807482988,-4.931848967773447,-2.699843351627856,-1.4631516663291175,-2.5449699214135943,-1.2909980136342598,-1.821742387954422,-0.7947062791930892,-0.3699851284208748,-0.24094970206620475,-11.217181733699304,-7.96684644548411,-24.979758617676374,-12.742045278266984,-6.641152778215854,-11.928765798819295,-5.879737919087405,-8.304571480756904,-3.7941335850639226,-1.56374626514507,-0.2527781901576672,43.57356170901968,57.48343848528912,32.19791424137261,-4.511519819526928,-1.2112351185161183,1.2013410551890955,44.90045941807039,-20.207414812149135,-42.30485567054449,-17.269079877879324,-6.606324822050203,-12.209168894785273,-137.31621936990484,7.434904045370338,-10.351198402130485,-23.142583653905252,-1
2019-07-12,-7.90348027842227,-5.70391020468051,1.9156846682210664,3.2253509762788366,3.2253509762788366,-57.96012014131353,-46.774193548387096,-0.021436492305120288,-2.145958544036844,-1.0432648285879602,-2.9574991218827282,-1.3124484654634878,-0.7198871837902491,-2.1677334569589197,-0.5680569220032804,-1.0443423688204556,-0.3777888883915111,-0.3563851686282509,0.04948462271915655,-1.7770034047812213,-1.3788928386756818,-2.4948962747604906,-1.9273909539172989,-1.1803167754057655,-1.8497994155386488,-1.054878334831748,-1.4257987963920082,-0.6679976611494615,-0.31187757366341334,-0.21474805642289016,8.398271619156047,4.876465391869159,40.59414007260923,10.433821651075462,3.7215805244612503,9.315046708296958,3.1253269241601522,5.19526722532715,1.7464084881311532,0.8974847254280308,0.5041871465757375,17.257438228661943,7.977038324053877,26.29871613289978,-3.1926051157031066,-1.0443423688204556,0.43743084325655635,-17.934897484675506,81.20873539867912,-35.64103487427805,-3.7846403003247735,-12.4216081117856,47.90267581482226,-219.8874296434851,1.4393966294771983,-7.9556636527357405,-140.54157034617361,1
2019-07-13,3.1239292984259484,-0.17115960633291466,-0.7522826109359164,-3.745969711773331,-3.745969711773331,-15.960551776749329,96.96969696969697,-0.01813157865636265,-2.2660799131072444,-1.1510388289424407,-4.462863761401508,-1.4112900316458006,-0.9459591954258273,-1.4777520859493332,-0.7433851120148494,-1.271990471032676,-0.474438303401282,-0.3458502168642336,0.0806305400099387,-2.008660196475049,-1.5639945460186229,-2.8905796592086372,-2.17693078697988,-1.3419905719986138,-2.0900496874985084,-1.201657737557579,-1.6164041346324987,-0.7688151244362232,-0.3693484737916427,-0.24236065795925849,-5.22540828992049,-3.654891277069261,-12.643515163906944,-5.981811917424695,-3.0290191531114092,-5.576731087215612,-2.6730479724363074,-3.815620697568603,-1.7110471419310966,-0.7044626592227377,-0.11398198055993497,15.892840090428335,7.979240057722796,22.484119153960034,-3.719451654824978,-1.271990471032676,0.3551426774407361,56.535737282678724,-53.727578475336344,-10.20217067439941,-34.83309395309638,-18.346013518883257,1.5210845214603932,282.26395409498457,0.11053081912021648,3.2253509762788366,-216.14145993175433,-1
2019-07-14,-3.8774991693865313,-3.390094688851651,-12.995805125223256,-14.876771285882487,-14.876771285882487,111.84784969379807,-6.153846153846154,-0.04006909651952606,-2.3000578098057316,-1.7951846829227927,-6.876302329986802,-2.489743165647654,-1.2757464093790263,-2.3049117469932394,-1.0922362244652453,-2.4740387533338484,-0.7825662564603116,-0.5227693907197356,0.02071980722711049,-3.4958033692136325,-2.581956748101335,-6.648121181968758,-3.8916131119079753,-2.1740982465961607,-3.6827638848494817,-1.9283271468824752,-2.6821824054099634,-1.2170503063919167,-0.6039075687353231,-0.3527762341383561,-17.62878138660605,-12.767850027459565,-36.708028030452525,-19.853708434723302,-10.733564640110076,-18.671195371315527,-9.550313057993609,-13.28103519720005,-6.254274913806998,-2.647819538467555,-0.4359814641850587,27.75108543323288,32.43614002061288,24.31098801283027,-6.085306339885423,-2.4740387533338484,-0.17065726505906173,33.29494035376383,-98.3660551033723,-27.017578878084166,-45.16114209214921,-25.342481296654658,-0.367154949741428,-113.04585152838895,-14.565812667472153,-3.745969711773331,297.14072538082286,-1
2019-07-15,-14.657503608970565,-10.442463598596383,-6.277448921138042,2.2799904602909575,2.2799904602909575,6.535944502575697,-73.77049180327869,-0.043457737199434354,-2.0597548238840533,-2.3155682153342574,-4.465012205044771,-2.781025918915406,-1.2156397893745685,-2.21393868435168,-1.1564955653732363,-2.2957101320218722,-0.8601042379681458,-0.4920076424579589,0.06043273886736077,-2.9070254005029788,-2.257107453080677,-4.095965228587463,-3.1535895514446923,-1.935821646891769,-3.0263622777842607,-1.734230089731161,-2.3333322432989094,-1.1213069533910276,-0.5639756033821937,-0.33580746402173656,5.997236974007374,3.3722017258942425,29.76528271742597,7.536402045519192,2.5310180790771684,6.689264798512765,2.1028567816068606,3.6066436823105605,1.1350503570832164,0.5548095539180428,0.3043030080888636,14.026554220494539,5.565825444758842,20.645073762000678,-4.851421433900095,-2.2957101320218722,-0.7621764104885946,4.919145784471047,12719.315614564348,-2.093152095243328,10.230138787928698,-30.167334984408967,-11.47674952586711,-424.99999999986454,1.9028945435661107,-14.876771285882487,-115.32584198867517,1
2019-07-16,2.091771096392997,3.3349846874437117,0.4609585901288662,-7.244788509070556,-7.244788509070556,3.8798394994253638,112.5,-0.04528526513766179,-2.494860153199354,-2.4684435401831086,-4.172043010752728,-2.8337136734057276,-1.4290293507956844,-3.05099995910186,-1.2763074949403252,-2.6804702064489554,-1.029701536536037,-0.5544790418926601,-0.0012073632310432485,-3.3728351472550515,-2.6058266497529785,-5.055917597303851,-3.67027943088988,-2.2320405922190383,-3.516152564847615,-1.9987719907806123,-2.6949265876583364,-1.2947250092314324,-0.6591274063063034,-0.3815061295647541,-7.726943186357843,-5.5172158508055364,-17.487657499161006,-8.767081880581891,-4.614181050836173,-8.211804774093553,-4.093969076522309,-5.746880105150185,-2.6632415581206197,-1.1283559606488835,-0.18625079302566871,13.779810763045111,7.12905903592691,18.332180974197776,-5.455065034127305,-2.6804702064489554,-1.0842008272545616,17.189246426260375,-82.200753324104,-20.160304925228704,-12.681026778312674,-21.931849689832113,8.905349194906995,-169.7135500482944,-10.681274783497027,2.2799904602909575,-417.755211490931,-1
2019-07-17,-7.236535050872771,-4.401926387587442,0.24082946738661462,5.445084089594998,5.445084089594998,0.4789552568314013,-44.11764705882353,-0.045438228154179,-2.5996917973768077,-2.4107595089864247,-4.1017117869776625,-2.850727698299561,-1.4917805764186738,-2.354661100160733,-1.2634575282341352,-1.8941399435784483,-0.8917793651954865,-0.5059300368309498,0.022303731143732665,-2.463868515589111,-2.0697492020467245,-1.9283799685158052,-2.561790482843097,-1.8256504358223,-2.515896109380525,-1.6605486075191824,-2.123659560517529,-1.1153584604737776,-0.5779514088014258,-0.3456220061840245,14.035167712322687,7.890045860990753,64.44271298933828,17.597646802539806,5.909193349238117,15.641218773345283,4.900600307182092,8.441523268535692,2.625793624552309,1.2697631485426755,0.6931978659376322,5.112857275156595,-9.309129631526458,14.04995187796706,-4.8238372272467664,-1.8941399435784483,-0.283116122315093,-11.400030118969905,426.03279896812165,78.30185146527982,-3.5419318263294537,-2.3353245876681727,2.4590855092635624,43.95198522621791,8.569890736340644,-7.244788509070556,-175.15863413787312,1
2019-07-18,5.604890443007725,3.8751738129430806,4.9491679732942195,7.433543926570516,7.433543926570516,-18.73502032253835,110.5263157894737,-0.03623007856350836,-1.7917712060763191,-1.559603532365184,-1.9439475806078097,-2.3941194655308538,-1.264236721214306,-2.2080928644425755,-0.9774889918322411,-2.1805690524079653,-0.7806097178791879,-0.39479500049753957,0.049678600322986544,-1.3608969840192682,-1.3884056949784993,1.0695391362748752,-1.2464089338420052,-1.2992138165527618,-1.3146428228870086,-1.2174875427585652,-1.4010667590643868,-0.8727523649110897,-0.46495743671719014,-0.2949286720800424,16.55381450171463,10.016319049058094,48.38798890788556,19.95481118334229,7.699063078394383,18.11933234629115,6.47416176912168,10.641781734676975,3.589065056296173,1.7881191541869383,0.9927877685982562,-1.76058786904278,-24.26677135541288,9.329668276914777,-1.2578529020177966,-2.1805690524079653,-2.6648605324638757,-6.373937677053868,152.8705174613927,64.68472707949815,72.713992583413,16.7450682494806,-32.567375836422165,-102.72610647850232,18.05392583616929,5.445084089594998,36.518441299652785,1
2019-07-19,7.301269682460274,0.39939432508942835,6.250753030193497,-0.18862481414908405,-0.18862481414908405,-13.68722674050504,5.0,-0.031023611208007295,-2.0810502554022556,-2.1026016079382583,1.440433264178661,-2.4494919026169137,-1.336438691729311,-2.242716730953203,-0.9776282675212676,-2.1153254357487454,-0.7140477663712939,-0.436901888168898,0.06380469590215611,-1.218611080065248,-1.2946913972421017,0.641275048972227,-1.0949696787920422,-1.2304839422643554,-1.1666405206451758,-1.1629718560616364,-1.301183791652666,-0.851710933294884,-0.46075077348217774,-0.29418224136826215,-0.22621942366280925,-0.15736668198140946,-0.5874538198745749,-0.2600758221673992,-0.13032042026056284,-0.24188030739749583,-0.11500003203306434,-0.1643408667144023,-0.07381209056433731,-0.03118652296841778,-0.005155457512038999,-2.4207148815409876,-27.609998808239173,6.177414679188233,-0.7396566116962557,-2.1153254357487454,-2.8477881345262936,-8.611195158850233,53.53586519562368,99.28901304047292,80.79243644352951,55.41700620494293,19.567226770390374,-2656.4705882443595,-6.500374167053008,7.433543926570516,-102.53748166436284,0
2019-07-20,-0.004440103010394282,5.768179930493313,1.6487877894450331,4.831250833740943,4.831250833740943,29.549246711297833,-19.047619047619047,-0.03955045416247365,-1.7891003031019943,-1.83811101420396,1.9869462522886516,-2.480077097638078,-1.6883889474427756,-1.9391816291992718,-0.8605218671137724,-1.249984658420947,-0.742733236902567,-0.27282223501215297,0.07032547966716389,-0.47664543696426265,-0.8108351600484234,2.0557323514019794,-0.23875851113295513,-0.851390541062588,-0.3704844501890697,-0.8422287827575206,-0.7902889634402653,-0.6757534450684344,-0.3799693999827935,-0.258155035546167,9.882367231814477,6.319695491752481,22.80974641875782,11.588945168922764,4.958004709407019,10.67960982560263,4.215349320825837,6.677897635686417,2.4006637286994286,1.2251300688407423,0.689752335945703,-6.305284299671701,-46.71927502920541,3.0998789483324067,-1.2252870457886094,-1.249984658420947,-1.2634200297153255,-55.56879883459144,-0.11515508585177885,38.83323069201378,32.412760787244686,53.5865237402368,-20.39570471637911,-165.94569719279798,7.280520643800272,-0.18862481414908405,-2661.301839068965,1
2019-07-21,4.713378624395009,-2.273196941516836,0.06470325747434459,-3.039172021802288,-3.039172021802288,-59.11099216982224,23.52941176470588,-0.016279075285221115,-2.0144730825343373,-1.326236211590436,2.7129127153794492,-2.529937535451181,-1.6849190351918366,-2.5219699016320303,-1.115655119128469,-1.2734554333620536,-0.7641985049008015,-0.29686738224374165,0.036455004409087874,-0.8076793402331148,-0.9968513845821783,0.28901233120812625,-0.663920243145847,-0.9960535107792218,-0.743219384342587,-0.9665105043753681,-0.9882601723356418,-0.7529875562221726,-0.42268502771053496,-0.27870055024605545,-3.9593966454468847,-2.7180077464334715,-10.780998329484943,-4.580192806980406,-2.2388020372210438,-4.245770746726507,-1.9695629917820379,-2.842369051700472,-1.254278155392718,-0.5292358867908817,-0.08759335252677837,-4.144280952958513,-50.88262152711505,1.4768002550388584,-1.6030378870004605,-1.2734554333620536,-1.0940950692007472,-42.503725782414314,-18.973117461819648,5.962734980146036,25.716946520585076,38.63178553853144,6.706422308700141,-67.89951151432005,15.097919578812485,4.831250833740943,-162.90652517101847,-1
2019-07-22,-3.0255486059578027,-1.2856840769718703,-0.8316796361122841,-1.0061682488297872,-1.0061682488297872,43.90302428775939,0.0,-0.023510959998784737,-2.419302269077343,-1.2622619404208502,1.4733939649996797,-1.5547965011204994,-1.7971240955711947,-2.4163677861101798,-1.1162624358658226,-1.324936837446842,-0.807339549245604,-0.2903921811532534,0.052361046220014446,-0.8327438147207871,-0.9976130900220123,-0.1452028250467336,-0.7146382558435448,-0.9967085267408674,-0.7790958618441941,-0.9687070016446068,-0.9898039818977845,-0.7610706564631433,-0.4318114306248142,-0.28392614208345923,-1.3434753061398605,-0.9057620485017946,-3.987314422584508,-1.5678143546383625,-0.7407789172668143,-1.4465212688721112,-0.6490734981650392,-0.9489438527879599,-0.4090023042912138,-0.1712922641013882,-0.028250500349338716,-3.7674756451650837,-74.78961804134119,0.36688877075947196,-1.4660845810331473,-1.324936837446842,-1.2485188134276062,53.36962156557803,-21.85019432871447,-13.08695047432638,10.086619498942067,20.87254513398591,22.63900308302465,365.8695652176305,-9.209453748190574,-3.039172021802288,-66.89334326547562,-1
2019-07-23,-0.9729327911146113,-2.4827556659954593,-5.047666157028519,-4.735074461973571,-4.735074461973571,15.93947240988026,-4.761904761904762,-0.027664981188354983,-2.5756917854182744,-1.4681174976412932,-0.8537568808947656,-1.1861204992684231,-1.4443770319153733,-1.7952547537664314,-1.3015799314744396,-1.7957331464781654,-0.6992810662050457,-0.3415904821371911,0.030048918145623618,-1.3246545064522397,-1.3031449273765263,-1.6707104943048963,-1.30868058147457,-1.2387766232645858,-1.3176103403107982,-1.1772333951766438,-1.3126208262061985,-0.8876321887881612,-0.49873154701117084,-0.3156683257716773,-6.28447215948757,-4.2334616931631786,-18.22771407673754,-7.332444569459118,-3.4598043771894336,-6.766234876416635,-3.029955502173722,-4.435970105351918,-1.90647281462058,-0.7995344355395851,-0.13209381700751263,-0.5303288796813416,-49.43984707417688,0.1848214344746011,-1.284381107060949,-1.7957331464781654,-2.0719715010624205,3.8195031265843378,-73.68811361904987,-34.10638682851989,-11.849788888154917,6.041429735670971,2.1050663396279186,-149.97666822214083,12.111442163904975,-1.0061682488297872,370.60463967936334,-1
2019-07-24,-4.788819464376388,-1.5091272543549417,-0.6748597002202187,2.4840542734547197,2.4840542734547197,14.840142898680952,-50.0,-0.03174507701028701,-1.5077303321058404,-1.6219967121306345,-0.3501016709397878,-1.298452780832866,-1.8147988977196778,-0.9169286462798779,-1.6826402704124246,-1.3936620654299832,-0.4896751704139895,-0.29601500740586517,0.04224243125343668,-0.8611389215382949,-1.0043125664599215,-0.3328512410979656,-0.7677384919561688,-1.0062484255724902,-0.8180239191987019,-0.9818227492702636,-0.9967221172952642,-0.7844212309283989,-0.4543210861473284,-0.29658799635979355,5.732262550752274,3.4930500757793137,18.712323134227212,6.894078061420925,2.6898901669912516,6.266470367258786,2.262615254594954,3.708737768218979,1.2505382171887736,0.6193998416636505,0.3439117323421734,-3.404533465069405,-391.817804874571,-0.5383468726090966,-1.1365909375673997,-1.3936620654299832,-1.5336517872046698,-136.72472733192257,142.18677587064033,-25.262572962564978,-16.54930380161273,-6.192241285912788,-33.75043953889932,-96.1718020541264,6.946924445170461,-4.735074461973571,-152.4607224955735,1
2019-07-25,2.8823856785084896,1.8378089035596359,4.760883040099189,0.0927895713574264,0.0927895713574264,-7.183804983589013,110.00000000000001,-0.029218975480359566,-0.8463366549686675,-1.3308015722695734,-1.297088205546802,-0.9469814612991555,-1.7479366126214324,-1.1929084784407364,-1.591876221983185,-1.5868624249665828,-0.5488744625943627,-0.3080948456336303,0.018184178310128283,-0.7411296588846725,-0.914694295557012,-0.19191862504473903,-0.6409830137177318,-0.935182152868033,-0.6943466689847994,-0.9224608820465943,-0.9028831899562316,-0.7566842603968126,-0.44593474992909504,-0.2938603499554512,0.214843714335602,0.1323100711322002,0.6498168665074999,0.25685279341046585,0.10222525973736564,0.23423015111878365,0.08612337746226602,0.1403472476465188,0.047745307288395926,0.023702188813812003,0.013177022631143438,-3.9741903331530897,123.67003443561681,-1.2106380675229196,-0.15829787468446657,-1.5868624249665828,-2.3679333408770273,-40.558510638298124,22.790947123609445,-11.446689900042742,-16.741339523353098,-14.807600479583133,-36.21090372422799,1721.9512194988458,-11.280454890189084,2.4840542734547197,-96.26459162551292,0
2019-07-26,-0.3538666125724172,-0.5015330705212441,-1.1810754841499183,1.6890134985416254,1.6890134985416254,11.536392081176713,-42.857142857142854,-0.032571837516008055,-0.9895175922217361,-1.446330292137188,-0.3343760112177736,0.5784476926702053,-1.1601603771029299,-0.7444039381818238,-1.6163143882104338,-1.516473082757249,-0.5507888345497752,-0.3012228139112412,0.007067231373876468,-0.43283622887467466,-0.6998443333195932,0.4326475492286077,-0.29524074447843435,-0.7637349555985078,-0.36815049471515604,-0.7767241290122027,-0.6774018527006598,-0.6786905885195402,-0.4130322996627092,-0.2799161655118831,4.0733359860676455,2.478778619056302,12.791557962468051,4.895944089054783,1.9055355089988735,4.452103197842148,1.6006930825976293,2.6326877763189387,0.8803908116611017,0.4347464895228243,0.24112875266075035,-5.771154831737032,69.56955824438793,-2.0780310580811876,0.6764995301381057,-1.516473082757249,-2.742622227580873,287.39746457867386,49.79086934369722,54.01334014010612,-2.7135469649807185,-12.811986837073997,19.621268860355784,-323.0254350734846,1.8181585601862307,0.0927895713574264,1720.2622060138613,1
2019-07-27,2.4700294051119562,1.3360920957055828,-0.9994473102431922,-3.7043625205674404,-3.7043625205674404,-6.765639917196858,95.83333333333334,-0.03047686690684387,-0.9589535640838899,-1.6133175465998775,-0.8793290043290005,0.07973095525998189,-1.197608437619683,0.24124227517024,-1.2701705884520271,-1.7030500563082556,-0.6995422566543739,-0.337286414778009,-0.0005593719222922182,-0.8567140803133194,-0.9537322200534055,-0.9582368527705514,-0.8111791616348192,-0.9606041781118043,-0.8341856423175957,-0.9441649043479966,-0.9470054330726929,-0.7774799129816748,-0.4648268267475969,-0.30447341939333455,-5.716074443317817,-3.671754390581905,-19.357399737296234,-6.813391495961947,-2.9413497950319294,-6.216524617400854,-2.5461874729294456,-3.8668445180889117,-1.5527537880209834,-0.6381728400797071,-0.10453059845747695,-2.6505201588188165,2.859398458723956,-2.1828097098369454,0.9199952350245582,-1.7030500563082556,-3.221223645417203,-73.76323387872948,-47.9408221215866,-1.044389806658095,-10.112560156896514,-10.289833878556045,-3.138697522189196,-135.23409363748226,-14.00322911975456,1.6890134985416254,-319.321072553062,-1
2019-07-28,-4.35300869718775,-3.371128198444758,-1.193300767620376,1.3554077768541546,1.3554077768541546,-6.272747285591016,-65.95744680851064,-0.028666808542694,0.319762805971511,-1.5705481212943777,0.35485191756514944,0.7770406757006499,-1.1593401046912442,0.17621745478425696,-1.6272005651771448,-1.8821219161411638,-0.6432243064840883,-0.33364517733003046,0.013285157467800027,-0.5783311127009693,-0.7640241069102551,-0.2019451054751464,-0.49285078246130665,-0.8098472674253364,-0.5371742298045654,-0.8163099733474076,-0.7476439990867029,-0.7098945693624673,-0.4371147025310223,-0.292976079276399,3.4964476273696503,2.075564166195262,12.61415904867642,4.25373183552683,1.5794744778695196,3.84299967761724,1.318940941072484,2.21008988095253,0.7133618012836038,0.34666827393749183,0.1907995260536952,-4.4626425987846465,16.426332548004382,-2.598076354602131,3.6809470997473226,-1.8821219161411638,-5.239708222512495,-185.6933235509905,43.098384728340434,3.5353886258606337,17.60499182479076,0.9986727318433897,-144.29554578881192,-21.635434412253687,12.210170943107695,-3.7043625205674404,-136.5895014143093,1
2019-07-29,1.2831756288945326,1.1778986647484526,3.013395484615195,1.0479553479895254,1.0479553479895254,13.731334327692915,18.75,-0.032383372236260366,0.23828718715683236,-1.751408352651704,0.07661272043154031,0.4514647314253567,-1.3298759780334215,0.7977726522279497,-1.5378899911244253,-1.7048602339859835,-0.557197225518584,-0.3105799766576749,0.064245012505486,-0.3696916113764965,-0.6119810158988588,0.21300223206245059,-0.26226109747224824,-0.6862768912765996,-0.3180650568511851,-0.7103883261029992,-0.5888721802506952,-0.6530345131354222,-0.41409822592840495,-0.2835344245416077,2.7282109549353617,1.6291059567868322,9.089796569292364,3.3049405113577657,1.2411404369673438,2.993003193934108,1.0367382579731712,1.7339849141469375,0.5605362276984738,0.272325869208868,0.14988148303737983,-5.775294880068674,18.682943384088105,-3.1657213467708702,5.082768109651437,-1.7048602339859835,-6.1871853920047,-46.66095890410981,10.725436283182384,-7.730640078432413,8.087020583089306,4.824458151556436,-23.316191422278678,-140.21739130424714,-0.21919741053327618,1.3554077768541546,-22.683389760256016,1
2019-07-30,1.0983001412751134,0.3443679182403808,-0.20796672532393418,-0.4170893924022042,-0.4170893924022042,-9.63986140746642,15.789473684210526,-0.029256240858924372,0.7105729894878626,-1.645774672655309,-0.025820011868134176,-0.16653363867607038,-1.1031764718896186,0.384832913332188,-1.0775209246711681,-1.068894090033736,-0.6529083971482735,-0.295421787494337,0.05333234959602855,-0.375858889803828,-0.5953545444695901,0.002078852855735884,-0.2857363472159111,-0.6680594258890004,-0.33194056182496884,-0.6934288978383463,-0.5734325762567541,-0.6452718736582881,-0.41414526536988994,-0.284487357277236,-0.7452959941281578,-0.45541777861542515,-3.105797688747847,-0.9094564701502158,-0.35748962595995254,-0.8194727103850111,-0.30588079795989365,-0.4821061084214086,-0.18083180507490987,-0.07266413909015114,-0.011773347414706425,-5.52516114307953,9.381013708445689,-3.5759011668614145,2.132875832253482,-1.068894090033736,-3.437237975461354,378.4911717495992,-9.850905218317266,10.668280612821013,2.0224822921918206,8.611790025192802,252.37990399695556,-985.4054054071573,7.711476413606746,1.0479553479895254,-139.80030191194524,0
2019-07-31,-0.009015506671468314,2.2650282298239857,1.0076489717400172,3.7083993660855796,3.7083993660855796,7.394722607191698,40.909090909090914,-0.031134375803603228,0.6207187997615342,-0.8469638454872271,0.3778851120515365,0.15504310385084835,-1.124670037134826,0.12836019421153655,-0.8884089823990358,-0.42009171110444526,-0.5318695837665778,-0.27843376352513,0.0616277127505702,0.15535444244387012,-0.22753696477780225,1.2375703888310994,0.31906150000173833,-0.37113098016024554,0.23371697620133175,-0.4381936518472971,-0.18798217901327965,-0.501706295866021,-0.34931555242954937,-0.2560354569834585,10.012057597553396,5.963974889108654,30.786507628500225,12.11161292660168,4.5300638681465415,10.978948935210084,3.775576885407353,6.351621307964854,2.0258142069942435,0.97886736944726,0.5375444815362337,-9.625739104040251,24.21097871827491,-4.606381486689387,0.6484461485780446,-0.42009171110444526,-1.2560804698855517,-103.01912110030192,88.7985671181113,28.483912048111716,10.534939607585649,6.875944283395587,-9.08596013196455,-169.6581196580853,-0.5059478092484785,-0.4170893924022042,-989.1138047715044,1
2019-08-01,3.7598052474979617,0.07794232268121873,-0.24939917471545592,-2.4908312958435275,-2.4908312958435275,14.176345793060543,83.87096774193549,-0.035646557314897076,-0.06323797600149765,-0.5207079251767418,0.6134443160479682,-0.4632902184961523,-1.214710333643352,-0.0535152277494304,-0.9670388339976577,-0.7286333422527813,-0.6198818195581719,-0.2787616219838932,0.06742398773530897,-0.2010276343724639,-0.4285986533132306,-0.035615200109695315,-0.12079158361556674,-0.5208345501275117,-0.16094953472052803,-0.5621706182891113,-0.40337710063885607,-0.5700746407590787,-0.3843635854551318,-0.27259275431271823,-4.696859655117504,-2.8727815415513067,-17.17719259025343,-5.7090890767629805,-2.250237491958489,-5.156455445134722,-1.9219053357111109,-3.04212233756419,-1.1288170599782097,-0.45216368465674195,-0.07321046943754633,-6.475167996161733,1.638734488347625,-4.90794659196551,1.8029943690470125,-0.7286333422527813,-2.7474974012169255,-756.6666666666696,-34.88564493143611,3.003963716958251,9.286524561540826,7.383566492972579,-111.71649606394185,-113.58457493430151,-1.823380216781265,3.7083993660855796,-167.16728836227642,-1
2019-08-02,-2.54171011470281,-1.4581169955001752,0.5818710791890156,0.34701233572884316,0.34701233572884316,0.6412048610756813,7.017543859649122,-0.03587882139494399,-0.024927693708949317,-0.67740332634569,0.4158908903295366,-0.16789055634358444,-1.2083798891820972,-0.40097653021871105,-1.1350668684441598,-0.5002983068127919,-0.6650164272510526,-0.18727955509271543,0.05146844064015932,-0.12891237855348214,-0.36112362458984315,0.09183643042714296,-0.04930046237515964,-0.46075673603059775,-0.08908545058572317,-0.5083220923565673,-0.334661154794333,-0.5391623024880385,-0.37264700238153137,-0.26810429289638144,0.9505265859788306,0.5705920626154982,2.9109685865328,1.144748113608184,0.43409959132014003,1.0401749268344234,0.36191212764379044,0.6073211957492023,0.19382385322062434,0.09319357485601391,0.05105052404552737,-7.001067075015946,1.5284490630648846,-5.240145603213078,1.2469068603439868,-0.5002983068127919,-1.958813332193952,-388.8324873096441,-22.679105037111647,-1.201160710066509,-0.823310679024794,5.9774102487416245,-60.80444735121512,-253.54838709622834,-6.356386882105312,-2.4908312958435275,-113.93158726999732,0
2019-08-03,-0.10922384200436992,0.3007683863885801,-0.1875621440838826,-0.5309892463522424,-0.5309892463522424,-11.30681169147621,0.0,-0.03182013881168755,-0.4102906718409903,-0.501775107274034,0.10231344550580167,-0.12650506301790593,-1.4078804543568988,-0.1960231839765903,-0.9375227062768163,0.3008268771925697,-0.6423822976276186,-0.13820866903274912,0.06475088798960171,-0.18207283114331776,-0.3760062737126745,-0.1161530992089561,-0.12320538981409775,-0.46565812666789463,-0.15187683026257426,-0.5096761502122862,-0.35276261296657646,-0.5388843579481442,-0.3752019556924386,-0.27002039488364393,-1.1046944780841683,-0.6507189745357927,-4.779083807794098,-1.3670075699649298,-0.5020398919425278,-1.2229372758960906,-0.4250930523901476,-0.6917536742696895,-0.24399196491242137,-0.09606009412943575,-0.015420066559055198,-6.316026080787637,-2.2097261454771493,-5.407725421675579,0.7202771688589387,0.3008268771925697,-0.060766700080498885,-76.6842413591098,-20.588235294117865,-27.855833620062803,-5.737749502222956,0.682398065529185,1811.6279318957424,-365.9663865551294,6.357114054414277,0.34701233572884316,-253.01739785041937,0
2019-08-04,-0.8479682235065683,-1.0287390286076963,-0.5343113948697052,1.4197918535797633,1.4197918535797633,-2.117757336971018,1.639344262295082,-0.031135564203100482,-0.08040610701236593,0.35465392919221334,0.4673043191059191,0.3950303602067597,-1.2481849964182883,-0.007101177929541253,-1.0246329644291368,0.2634228699870847,-0.6936165760657392,-0.1349034201104777,0.05334985345973524,0.028976830531359882,-0.21891353356765517,0.3946378035198062,0.11256823151796935,-0.33416259660338793,0.07059815480539174,-0.39444105596530044,-0.18962532395597967,-0.4722695490651575,-0.3462838744964186,-0.257736010021687,4.284537502966788,2.4991341061029044,14.704145990482505,5.228012833271965,1.8784616890590027,4.71750340729132,1.5550759114513995,2.6681080983599075,0.8168655934801561,0.3868882185241855,0.21036497439186913,-8.470477612578694,2.856843773329024,-5.880200802294687,0.38041855799482854,0.2634228699870847,0.16177671345524222,148.74371859296878,56.1700658729961,-1.721089337396558,3.071418994044689,-1.2445953342827267,-79.08461647026812,39.336492890974775,4.7988390810806845,-0.5309892463522424,-367.3861784082004,1
2019-08-05,1.0735264330565237,2.8506977464228025,2.1646598229121627,1.9505938032156067,1.9505938032156067,17.212070062231344,3.225806451612903,-0.03615635975636981,0.13508173971148085,0.34544449772391783,0.1292770260064239,0.35809686398495294,-0.6600867756436185,0.5168638971260835,-0.9599334871466682,0.7123374134938475,-0.6217818403050898,-0.13963205837792317,0.06422890181759439,0.2856748676276978,-0.02601265289785979,0.917367305773292,0.39709014798576897,-0.17201434430347753,0.34030579534174143,-0.2518357708741698,0.010526209648782125,-0.38830118878795894,-0.30862445672893224,-0.2414121677732613,5.687242483324687,3.4071301954406654,15.227858094214136,6.824908730721964,2.580383131415511,6.215522039420274,2.143627141905985,3.6293949549856674,1.1333848968844564,0.5390205626449979,0.2936718151726611,-11.509095402949972,7.636150788161798,-6.724644395925294,2.6697894811065694,0.7123374134938475,-0.9920143125915311,13.63636363636319,50.20304310398082,28.434285562979756,-1.9550199205788692,-1.6272092430349046,-261.75063353918415,-254.64852607700288,5.534998836981106,1.4197918535797633,37.38589908777911,1
2019-08-06,2.9035849476731075,0.01935234163334207,-1.7155333749220207,-2.9588494327425696,-2.9588494327425696,-20.44467087752487,3.125,-0.02891984564604858,0.2598540005485558,0.5310081547680939,0.03017006153807324,0.09475384517818183,-0.41441808544152986,0.09460428183457745,-1.0589566640157149,0.3122411979318097,-0.737883271323537,-0.13958309275802952,0.053120194505634884,-0.1549384414345013,-0.2919404445600847,-0.39819554200628315,-0.1304395858958196,-0.3740002617239744,-0.14059278508417633,-0.42008830491842303,-0.27255423564326253,-0.4794795796624134,-0.3530620621081283,-0.26194067865302456,-6.734131937347295,-3.9429510515978885,-25.16350990614622,-8.31140701536833,-3.022233440107043,-7.449220604697188,-2.5470170305538833,-4.1970844363651425,-1.4394988344012336,-0.5605493206125096,-0.08953716936660323,-5.878766730609005,-8.394521067979776,-6.604255395723745,1.2654637284298111,0.3122411979318097,-0.548425173058495,26.844444444444743,-63.10228565829335,-2.740384124088894,-9.78919390665481,-2.905440045237093,106.51171325947529,-134.530791788888,-2.9912646783597703,1.9505938032156067,-251.68967664435522,-1
2019-08-07,-3.228458908555835,-1.6059335698161832,0.22895226005349079,1.052866882753994,1.052866882753994,-6.573436732894486,-31.818181818181817,-0.02701898391258034,0.16318772828282332,0.347552689776448,0.17032072634696754,0.04323244520474607,-0.513107934906025,0.16854290441257483,-1.1799125329153937,0.01595394553346294,-0.6426205440011845,-0.09312141733206705,0.02697251214504407,0.00447791092420356,-0.17326480729292135,0.08162448899979974,0.050299818800651395,-0.27326614014651157,0.02846121271637529,-0.33087186261175816,-0.1496010301676318,-0.4264807312498216,-0.3301046327330949,-0.2522767183566015,3.2538874228588885,1.9133983646085404,10.710358147110341,3.9465510299979965,1.4386866641905218,3.573027432263031,1.1900273154540002,2.0419324940519754,0.6211287319777825,0.29153380919267324,0.1578208499091156,-8.03287951901933,-3.706504968996339,-6.809162845974965,0.004958433582634122,0.01595394553346294,0.026062886986577556,-8.128941836019473,58.728179551121805,-3.93635880057071,1.6290968501899692,-3.529570787447421,-33.336235922442285,-268.78980891701644,-4.803013966726534,-2.9588494327425696,-135.58365867161072,1
2019-08-08,1.3483296811412557,-0.3037056458661078,-1.228090014700882,-1.7586161129053752,-1.7586161129053752,14.335205615954171,35.55555555555556,-0.03100286498312413,0.029389825689567835,-0.06924854705502309,-0.07660256552178293,0.20545163970151986,-0.4188073624381576,-0.09676199642511228,-1.1420337515469918,-0.06324786134106335,-0.6673671397383077,-0.1346282590310661,0.040128057539687095,-0.23066971233188416,-0.3148861773670153,-0.5327896195797931,-0.22876445253642536,-0.3795234708224768,-0.227271387366519,-0.41855049481796913,-0.3006594436603752,-0.473239450663556,-0.35375447542729904,-0.2634933233347132,-4.211033492388857,-2.426399877336743,-16.05486822083455,-5.225704338685815,-1.8445678562531123,-4.670806977955333,-1.5465616509735014,-2.5878151334656723,-0.8610185561456827,-0.3315270230240158,-0.05266529660886036,-4.312726496036614,-11.645305864186268,-6.455801009521036,-0.08292926580021305,-0.06324786134106335,-0.04515719051195171,-95.72845156369182,-47.277570715023984,-35.36290075444127,-3.857529404062214,-4.205938511647504,-83.20157692706474,-5.534591194971033,3.218920843808495,1.052866882753994,-267.0311928042905,-1
2019-08-09,-1.6150027578598933,-0.9621074316772269,-1.0922330097087496,-1.6910224944270444,-1.6910224944270444,12.525290975679626,-1.639344262295082,-0.03502654522909666,-0.209820024239473,-0.14008103018011583,-0.6899516103302031,-0.04368281443727055,0.1501101530863186,0.06055632684588854,-0.7520881301899066,-0.38966141537169435,-0.699781130257978,-0.1499014400658004,0.038647953557965735,-0.42245722074369446,-0.4360377052888818,-0.9147312453360033,-0.450890246464118,-0.4720452418676276,-0.43352074670695306,-0.4956421923654395,-0.42928142863597524,-0.5154322918413943,-0.37558159922059847,-0.27396373848420297,-4.087880715904532,-2.344948363092605,-15.397313535404583,-5.076379076241455,-1.777336129038186,-4.536159473061287,-1.4872127208962538,-2.5025828634428464,-0.8228057333258518,-0.31531277489132764,-0.0499742534316281,-1.0475211799127875,-17.802312170626674,-5.6727399645933385,0.27655407272278393,-0.38966141537169435,-1.001799165323165,-1010.7142857142713,-46.117555472226215,-16.035664895822215,-17.04863190555129,-6.330398258410821,-813.8699458403643,20.239680426108855,-7.422113598418813,-1.7586161129053752,-3.8435687005415877,-1
2019-08-10,-2.0922566322068405,-2.3368001770303195,-2.2919319365667277,-2.0682546953733576,-2.0682546953733576,-7.4696982431962144,-1.6666666666666667,-0.03265548687604556,-0.08816888742384511,-0.4676627293878424,-1.4912253303050855,-0.2971729516824222,-0.011176407902496938,-0.19565736921645116,-0.5065534752287257,-0.33179630553049355,-0.8472283671658075,-0.18202090724296122,0.029982041340764938,-0.6358455682394594,-0.5779226584086641,-1.2921396956125906,-0.6935169880595972,-0.5832731946475443,-0.6609532240983015,-0.5897730848591677,-0.5789809450746235,-0.5685975709722935,-0.40284490563042147,-0.28693721588522303,-5.002875671745801,-2.8690756840664062,-18.17793166058017,-6.2023453482690325,-2.1710762396164784,-5.54794590738304,-1.8143019856123033,-3.0627823038315807,-0.9990441520326534,-0.38146168143770476,-0.06035288033635051,2.4337530312325497,-26.146767304347513,-4.441453981275233,-0.6141074172660493,-0.33179630553049355,-0.06905127562756552,498.23529411765213,-8.557742683932664,-40.8671844475335,-34.89415080535029,-17.425938293282528,-54.93113837799017,-93.68770764122907,1.3328435185021126,-1.6910224944270444,22.307935121470695,-1
2019-08-11,-2.0064131928538904,-0.45089953323967413,0.32934486435256544,-0.13331150454895002,-0.13331150454895002,13.047634919812712,-23.728813559322035,-0.03690538437312025,-0.1913880195904172,-0.3227213817351485,-0.9217779670152846,-0.27418416222750386,0.25310028351390224,-0.28510347274983383,-0.6327757689065684,-0.2875921632822112,-0.8310151752279794,-0.22556523052762292,0.03392686833893958,-0.5716280426967417,-0.5398529577772644,-0.9159767603790434,-0.6106418964147052,-0.5523870544324806,-0.5885849803077902,-0.5628572961113882,-0.5388844263889508,-0.5539190936869361,-0.3985762159357761,-0.28584628088255415,-0.3372120387324862,-0.1893691791329863,-1.3582310968505127,-0.42234470309852207,-0.1421133792423781,-0.37572421357350105,-0.11820163218933995,-0.2025871134761808,-0.0642824904572761,-0.024313853262521223,-0.003828551921345006,0.9931929188401921,-23.479184473911793,-3.5566016324920993,-0.602769982734026,-0.2875921632822112,0.0041417488083317616,-35.52933464437911,8.474478029019064,-22.915247583666126,-12.891983373490094,-22.34842247591537,128.76153673396317,-129.82456140424046,-11.087880998578104,-2.0682546953733576,-93.55439613664711,0
2019-08-12,-0.028047868361983887,-0.5530897917377948,0.08737955790667463,0.039812646370030735,0.039812646370030735,-8.585753441941465,6.666666666666667,-0.033734450016822015,-0.26284076631406417,-0.27259444254916954,-1.137911801548971,-0.5781179278278352,0.06672376792230356,-0.2510210145878736,-0.49148596924400867,-0.04487561112012329,-0.8666230890057334,-0.1893144135117669,0.03767345060300896,-0.49314917672554265,-0.4900163823557312,-0.6032707862553872,-0.5139534948217697,-0.5115661550485046,-0.5020029359206438,-0.5271666486679537,-0.4866072141050647,-0.5338129175625348,-0.3916148156178534,-0.28353015692440614,0.17263425349685577,0.08913808365850714,1.1432011833413445,0.22394647377760624,0.06384917789534307,0.195509420486412,0.05141012923025692,0.09634475460832348,0.02501734572436523,0.011082360381249634,0.005830968395587016,-0.44923266126196865,-17.923042169991323,-3.0268017007843757,-0.1956808379306704,-0.04487561112012329,0.09386511342315024,7.015760040671068,7.633342773530323,2.327031512779507,-29.61101262643947,-27.08555430117514,43.64994990865794,-1405.8823529146212,-9.982982051028632,-0.13331150454895002,-129.86437404988408,0
2019-08-13,-0.2010661180211417,-1.5906802160578621,-0.9060663976782105,-0.5196994170939132,-0.5196994170939132,22.391873495367513,-6.25,-0.04140738202921309,-0.26948627068007663,-0.0666944201511885,-0.8860320469837548,-0.4085970935427896,-0.22180360534507976,-0.5737959032393,0.04266337239990007,-0.19075057134929396,-1.162003379171034,-0.2024971354063989,0.03604000727644351,-0.49657517174908755,-0.4925819600773261,-0.5757518109184978,-0.5148123656921928,-0.5121298957946516,-0.5044544746008705,-0.5267219120434867,-0.48961244711852425,-0.5333322206221816,-0.39365754571777345,-0.2852152665316466,-1.4837064185902378,-0.8024871440375596,-7.046508503526691,-1.8914036124143698,-0.5930883413692157,-1.6668361117528483,-0.48898490209223816,-0.8618543698604755,-0.2597506757520529,-0.09649916560517936,-0.015058246344759264,-0.4421360826038904,-17.520662353490398,-2.5744082266702097,-0.5957147187785015,-0.19075057134929396,0.18073847795425033,-0.7600950118762778,4.302380206700778,6.696182006840193,-12.733186448162852,-18.715228536130997,1.8505672115259801,1491.8918918939419,6.784361173303206,0.039812646370030735,-1405.362653523904,0
2019-08-14,-0.613784378953283,-0.3023466753494387,-7.229087791985135,-8.31627250264736,-8.31627250264736,23.8196322524987,-75.55555555555556,-0.052165515103008805,-1.10457219001157,-0.5624369613118645,-2.192423797059694,-1.1070961063688647,-0.5208563269284489,-0.9939554409740677,-0.29625190393740425,-0.595158040114969,-1.2406253111619736,-0.23233675095479622,0.004865266795605744,-1.5053802827971832,-1.1686185006739571,-3.1260425317800364,-1.680877166443481,-1.0530172316888222,-1.5864797378742377,-0.9906881048417271,-1.2001673060907971,-0.7984505985115776,-0.5198498039619882,-0.34238353513476966,-20.195408731214645,-11.803394218303556,-57.37559074709232,-24.595564053893003,-8.929012287963266,-22.224578309524386,-7.444756341387156,-12.59182832401774,-4.046962283299284,-1.5278195299984036,-0.24033057830356086,15.317802302713915,-123.68276756825989,0.6258018098560536,-3.1554502978802987,-0.595158040114969,1.7352923477069189,199.47343226424107,-100.0,-31.260014811743726,-19.655888156469018,-21.848283019807532,239.34679732218075,-101.52801358235169,-27.652051335630993,-0.5196994170939132,1500.2081643944953,-1
2019-08-15,-7.342541957382628,-7.469615321809325,-3.8423038423038554,0.13860013860013473,0.13860013860013473,-29.762454021020122,18.181818181818183,-0.03707251392498931,-0.9219762132746796,-0.5642109274190289,-1.7850498497352583,-1.0637159960423164,-0.7079732264991981,-1.021704400700954,-0.05783668102238023,-0.677512475256965,-1.2833113069401128,-0.22157495556366286,0.013290966258796213,-1.3079591109999713,-1.0638322903812738,-2.108059855272905,-1.4272780703201968,-0.9764913842184928,-1.3638762388147379,-0.9284014566962517,-1.08737945090424,-0.7689498490902145,-0.5101838937583498,-0.3392336521582955,0.7599775901972888,0.35142399425736753,7.696297770835472,1.040157148248679,0.24136117054883507,0.8824530832850832,0.189881276270109,0.38404657650798846,0.08706984536805167,0.036643115136443,0.01880856172844762,9.044723375518018,278.1050371383832,2.3514726074333128,-2.349999853750979,-0.677512475256965,0.7716487814395234,13.2352941176471,inf,29.5097760088693,19.49524996535372,-6.300943486271839,-8.547708657086313,-679.6296296257917,13.420904696713066,-8.31627250264736,-101.66661372094312,0
2019-08-16,-0.890381337607154,-0.5622084961552856,0.6939995729233486,-0.8022555427399738,-0.8022555427399738,-0.140589767248863,138.46153846153845,-0.03702534403913894,-1.007608099720293,-0.682810846589641,-1.9418324525956179,-1.257787568077862,-0.6148668781659378,-1.0455829364846416,-0.24564515750300928,-0.5272544535029433,-1.0050331320625079,-0.22941774305923857,0.03316288878540659,-1.2463404171405854,-1.0426095495863648,-1.6915383652770133,-1.3387784319243712,-0.9651759291266512,-1.290301047477805,-0.9213688604109673,-1.0630607350519092,-0.7700079871938099,-0.5144994053013648,-0.3422804448255045,-2.005510767033251,-1.1322087355465245,-6.752426614199523,-2.482987723448799,-0.8444311878690103,-2.2239638466553076,-0.6983217027479377,-1.2121937128002669,-0.37129400577448746,-0.1378133467549881,-0.021493619868485424,6.542597527662767,42.18940801553098,3.2667287484772656,-2.091961896552024,-0.5272544535029433,0.786520257977847,-14.836250705815873,-17.06618515744082,10.821035924330664,8.748842036738475,1.594683823312394,6.608544765854919,-315.33546325910027,8.529551345549628,0.13860013860013473,-678.8273740868738,0
2019-08-17,-0.17710926871839527,2.92327975254803,2.147174212702784,1.7415120665598705,1.7415120665598705,-24.643451731688714,-35.483870967741936,-0.02769259283212607,-0.8661824604704412,-0.4310061340547466,-1.6548615582743282,-1.3144774350973178,-0.5186747604149288,-1.0492657295549437,-0.4318298133419732,-0.5200373773268857,-1.2301608754450215,-0.1962569870281349,0.01973767292188144,-0.8806410399462804,-0.8161742664384322,-0.5865685989633123,-0.9002549936272021,-0.7891054330028004,-0.891154208857883,-0.7727355858720881,-0.823223257659648,-0.6902417029477753,-0.481262070525567,-0.32863188892019346,10.385541634472986,4.697347676155215,109.29824341063134,14.335755086701262,3.192132202425103,12.108933235585873,2.495029255977635,5.146543288372504,1.1228522740432931,0.4652914923901334,0.23695861205328828,1.279284143210042,-10.888512807752791,2.818943337882796,-1.482026531162994,-0.5200373773268857,0.26460872578007805,-3.36482678601029,73.84218700135794,78.81208709830094,26.349453713670563,18.369341647409758,-18.3792564823494,34.56973293766896,3.002911126113598,-0.8022555427399738,-317.0769753253475,1
2019-08-18,1.6225250707122643,0.7045202611159047,1.087351429906046,2.303433563592031,2.303433563592031,17.526351016765613,-30.0,-0.03238916769418975,-0.827781515340135,-0.39764320439654827,-1.1140826697692119,-0.8820470147701318,-0.2510277779255095,-1.0558534876205794,-0.35805064872369313,-0.4710471428885565,-1.1525589440830275,-0.1868178993551779,0.02565853280702745,-0.4806152357737993,-0.5559107873991407,0.36539754449719314,-0.432005760087131,-0.5828039271408053,-0.45940568533004666,-0.5966832950991872,-0.5489277190112943,-0.5928339188803444,-0.4393194124833146,-0.3110341575823634,12.188173506438577,5.958372763464944,57.9082981830515,16.000841312322983,4.1356441445143,13.897539775465651,3.263779740880912,6.487018566807581,1.4951953585272992,0.6250542482302153,0.31936190649214247,-3.3286271065864166,-46.944760583652936,1.4545929848842174,-0.8991450590396882,-0.4710471428885565,-0.1279520023707896,-29.193825042881684,50.98468269216598,35.97609173184948,38.91313687471056,26.251906288676345,-7.633070972682503,108.82028665927939,9.553824760709597,1.7415120665598705,32.26629937409264,1
2019-08-19,1.9786948710811922,3.581125706318339,2.7469001103894657,4.701735223295186,4.701735223295186,20.01517136855622,114.28571428571428,-0.038385995995501646,-0.6634896306484095,-0.24073214404137788,1.6379999694403273,-0.6054573111618757,-0.17852541032409314,-0.46934229695165486,-0.3806908459694551,-0.23164048652638153,-0.7698924458477684,-0.26173446109068454,0.047367399235016934,0.1886743673619965,-0.10466225028602112,1.8213682277042718,0.3389530748673796,-0.22004088712065517,0.25748301142750923,-0.28460248645083897,-0.07508587675451774,-0.4155407038609807,-0.35975244829043473,-0.27664030366664927,20.14778354247922,11.063548550334522,49.91375008290216,24.757810946374775,7.958933460490426,22.29223931188735,6.390652410067618,11.922295309845499,3.032414594444089,1.2937661164174854,0.666794105117092,-10.703521422738064,-177.87213194082335,-1.1164822952468625,-0.21558771603882107,-0.23164048652638153,-0.24440648814004876,-64.07461240310064,85.06680347357565,71.92649908973125,73.94697464846492,51.087934362620544,-27.23900620339717,-145.03695881729394,16.184585545087486,2.303433563592031,104.1185514360206,1
2019-08-20,5.1931617993697685,0.12043924902584836,1.9513779576743293,-2.0224292861037996,-2.0224292861037996,0.7795626501786551,30.0,-0.03866240105183471,-0.5808973169049514,-0.31532459819936137,1.1570860874053774,-0.6208094856954387,-0.2584301370668006,-0.7156288021236518,-0.33758503009381996,-0.5223720631133452,-0.7545671675105957,-0.2319717671856631,0.027487054253210533,-0.10974819205392351,-0.2771780889115195,0.49426413540021585,-0.03108623762222874,-0.34987082642489126,-0.07323758285866493,-0.39208033082842747,-0.2592232351130342,-0.47211375029067093,-0.38679249872075055,-0.2892165734061594,-5.39806908716114,-3.1563746392660588,-15.00001090322211,-6.5332106394166365,-2.369942886235293,-5.924872500265381,-1.9627984686953723,-3.370918501502192,-1.0390182817775748,-0.3833221296849207,-0.05957614233557623,-7.067730484306665,99.53939108664478,-2.25297605226546,-0.19846322808645922,-0.5223720631133452,-0.7800357041440541,-3.3715441672291577,-20.19850370150758,23.186592249073463,23.372088261634737,41.225903031534436,-9.145960916776238,87.69050410319731,-1.3406592912670101,4.701735223295186,-143.01452953121412,-1
2019-08-21,-2.967261062364363,-1.7195018397961919,-4.36966964023135,-3.874261930113247,-3.874261930113247,3.248689671452862,-71.7948717948718,-0.04033817759704433,-0.9392172447343482,-0.6763245290736201,0.505791084998655,-0.7966942349448802,-0.468664373474921,-0.8704403076248847,-0.4266869359021026,-0.5789850897286465,-0.8248145701646102,-0.29843506061696656,0.009778491768758151,-0.6080988021460381,-0.595096582997561,-0.976235126893517,-0.6213328231951217,-0.5994793251418712,-0.6138532165047186,-0.6039148204347834,-0.5950120570284306,-0.5900259965356064,-0.4425778025571948,-0.31459351549435544,-9.792358220267058,-5.843645570027959,-25.252822216909976,-11.726333305301155,-4.415287960250553,-10.695021531601805,-3.6671840406634777,-6.229404424004877,-1.9503462780831464,-0.7214116644309589,-0.11225170962003718,-0.10408274690928221,-19.180124884111382,-1.8628213507609352,-0.8674115869116711,-0.5789850897286465,-0.3482021700666355,107.74598743893979,-60.04511191668096,-9.4724251219022,3.893053281100429,25.167708554052474,46.300001223966966,-137.03935040602323,8.766811060968795,-2.0224292861037996,91.56476603327822,-1
2019-08-22,-3.872332150323312,-2.1383828929368636,-1.747776838112816,1.492837902474645,1.492837902474645,12.127307281494753,-54.54545454545454,-0.045316347654855094,-0.7081087530541921,-0.48689000269687144,0.4633212245481626,-0.49792954327559785,-0.2683006222386345,-0.6263462511004039,-0.21669638274206135,-0.5307645553875384,-0.9130370806356685,-0.3754614488011584,0.027070570910240743,-0.3391139856843894,-0.4166476402632166,-0.16943851001561427,-0.3072603900177248,-0.45617680404652683,-0.3240503694624187,-0.4805580820311077,-0.4074763023827062,-0.5202226398452103,-0.4126861656390926,-0.30225637346483974,6.123733212163075,3.4786061466091858,16.6991255992445,7.416545751261208,2.5293492030013116,6.7273966955311515,2.0397942021351243,3.7366075467523943,0.9709325317574189,0.4104279744125657,0.21021955794489283,-3.814481041547974,17.13932314359094,-2.2235164610294182,-0.47614360537898276,-0.5307645553875384,-0.5742415048955162,-19.348337252267385,58.28219943185567,-23.39896543415854,4.868697628579081,9.789721570702733,-24.0953047397085,11.298482293414517,5.186102803775574,-3.874261930113247,-138.5321883084714,1
2019-08-23,1.9496775825009682,1.3880714145575928,4.089830199014059,1.637067169362025,1.637067169362025,-26.558250871508353,560.0,-0.03301204912976825,-0.4674280658857687,-0.43248470672903405,0.3400008831191531,-0.3534315041954782,-0.26245869579878445,-0.33569190984381503,-0.24905537408737008,-0.4272562993067542,-0.7493198424314228,-0.5110995191756676,0.032841413631770795,-0.08145090013171659,-0.2377577075423059,0.4306859754569051,-0.01320370190548174,-0.31000378093876735,-0.04935558020960463,-0.3535029436267304,-0.22032631479222123,-0.4464620300874646,-0.38042289306937815,-0.2887806194799623,6.340822352959376,3.7361526209341203,15.14208564977093,7.542178017097212,2.7505791855665507,6.907318014210036,2.2316914213728554,3.9993149533435433,1.0747373979073473,0.45686328417115535,0.23444022201099013,-7.247381135219571,37.941082833824154,-3.1368919931650576,-0.2038055831284036,-0.4272562993067542,-0.6052931279016551,-36.73469387755105,33.383915022761336,-7.699962532882748,4.200401403258745,4.324093979853765,-33.97102960366271,-124.09090909085077,3.492662626399143,1.492837902474645,9.661415124059205,1
2019-08-24,1.490723286040275,0.06772773450726453,0.02505826045556685,-0.38803201874267723,-0.38803201874267723,5.165501043058036,18.181818181818183,-0.03470883109009535,-0.3394445008241249,-0.4254410831298556,-0.6649846466780215,-0.390894221966188,-0.3189525231325988,-0.35611282895051416,-0.26523342096665903,-0.5232800142712717,-0.8391176326919557,-0.548298104847047,0.03426085865297555,-0.12211178819176087,-0.2510934265029254,0.1554393225428506,-0.07082771409268798,-0.3155589812492934,-0.09759458148916494,-0.3556160344335297,-0.23596323905879013,-0.4444224188184852,-0.3805450868222719,-0.28948360687776126,-1.0902131062279727,-0.6320095134356942,-3.319608981904277,-1.3236776414574016,-0.47148458947084904,-1.1983129988113428,-0.38855877664720045,-0.6758289419503011,-0.20195765430109264,-0.07334186386219167,-0.011304817561186899,-6.482037706068115,14.84573335007156,-3.7192556465314324,0.0005809391995064963,-0.5232800142712717,-0.9423580028285642,-222.1856484529294,-6.0295790671216976,20.961243677472456,-11.152212887109005,-0.9272298077340294,-23.059008798504493,561.6352201268943,5.001660912558684,1.637067169362025,-123.7028770721666,0
2019-08-25,-0.635432705232552,-0.6043026347594882,-3.607485532479905,-2.577357473601696,-2.577357473601696,23.334224073312303,-15.384615384615385,-0.043096213706678516,-0.5152901601524885,-0.6183740573255077,-0.7673905766996731,-0.5638573626759247,-0.39838367468015756,-0.5602772537304094,-0.40623903294990815,-0.7572478928806222,-0.8846949766100571,-0.45294910145456563,0.031712494049295895,-0.44687631093492464,-0.457248522027032,-0.7583204416779469,-0.45494442044492583,-0.47647007142896214,-0.4497700131416866,-0.4915366786026637,-0.45394268785099845,-0.5189187676840968,-0.41582070021306355,-0.3056723649851619,-7.174023027113102,-4.19686813434401,-20.85880393934028,-8.665576248425708,-3.1378392201360654,-7.866660074505893,-2.5877908345549,-4.484544638525929,-1.344620953281602,-0.4877178136385465,-0.07511417402456536,-1.0560339736820412,-15.377295677394724,-3.268913976414123,0.21627417660489653,-0.7572478928806222,-1.5434589734721411,-59.59051724137957,-29.848023180915444,-3.364833818712497,-12.101937044773662,-6.2754170758292425,39.277791167401666,-46.00760456275227,-2.8715157234449737,-0.38803201874267723,564.2125775993866,-1
2019-08-26,-2.3046461863885686,-0.1288910505836515,1.6035553707409607,-1.4283918018357655,-1.4283918018357655,-5.672657784272904,24.242424242424242,-0.04062451438033679,-0.6211980298140222,-0.7877062136575897,-0.2609165810999195,0.04902011694204408,-0.600283479809997,-0.6294734029354889,-0.3219160543788052,-0.6671356774233923,-0.9133225634284194,-0.43724641377932016,0.01740960078620872,-0.5739266406645775,-0.5414788785033319,-0.9782641517462575,-0.6009411153132375,-0.5427630361875837,-0.5857833255577786,-0.5476497745095124,-0.542726954560289,-0.550026373811577,-0.4317272757051132,-0.31343558964292006,-3.984729943674983,-2.3188469413358845,-11.905606248513399,-4.824130030706521,-1.7289377215257336,-4.374046947990881,-1.4232354904512978,-2.479344403803691,-0.7350696378082137,-0.26525834459502895,-0.04074211561269529,1.0331592255797744,-25.287956796648036,-2.524806163908326,-0.2694729073216731,-0.6671356774233923,-0.9940259302134425,-33.99999999999913,-33.93595770307971,-21.72020527060597,-0.9980763398325678,-8.497673911796241,14.88122611749429,24.82394366198866,-14.996217265706438,-2.577357473601696,-44.57921276090191,-1
2019-08-27,-0.8383685800604229,-3.206954489005768,-2.5937484012891856,-1.8088118988698147,-1.8088118988698147,3.264547587285524,-26.82926829268293,-0.04226493944288909,-0.7115624006662798,-0.7186134338264631,-0.9091316002805272,-0.109410780387454,-0.5644458491900426,-0.09085111940872632,-0.42476805480270413,-0.8147197718105558,-1.043838505982355,-0.5657355640573647,-0.013608102684741032,-0.7324001948929222,-0.6504185157643981,-1.2496432543906986,-0.7805883717749093,-0.6301470764465953,-0.7543246828924427,-0.6225183388488695,-0.6570555810784438,-0.5927015845859702,-0.4531434878455516,-0.3236599611708709,-5.0595434741422425,-2.9430655750062824,-15.134315375336788,-6.12397889103332,-2.192007375461876,-5.55332023573428,-1.8026640968018668,-3.1472834880640446,-0.9272160119068072,-0.33330236615534514,-0.051084085840355835,3.379081487846446,-43.38797521654414,-1.466366810872411,-0.10115650945987387,-0.8147197718105558,-1.4055820074018197,-279.3939393939385,-56.19104299955395,-36.811854512129536,-14.77013822138077,-9.396342447012653,9.750211011448188,372.7785613541805,-2.21256382299042,-1.4283918018357655,26.63275556084188,-1
2019-08-28,-2.2621677203138164,-0.15849056603773726,-9.361869747899174,-8.709208064851385,-8.709208064851385,14.488780632090617,6.666666666666667,-0.04925286096287402,-0.6841107454571494,-1.166770559841338,-2.9310941915149242,-0.7411502585504727,-0.8898296131546876,-0.7457335160979621,-0.7273240801153047,-1.1340571735993983,-1.1390547270497116,-0.5826526944698307,-0.04463806971745318,-1.7449684732120532,-1.3350730077104789,-3.6732331368976183,-1.947595656660821,-1.1811582527462325,-1.8389122575385823,-1.0968519437833553,-1.3757423001059852,-0.8645002488293828,-0.5797919955952756,-0.38014039356895046,-20.400569475174407,-12.722268303742053,-46.19668631475263,-23.87656902027188,-9.716272437772819,-22.042192570123294,-8.093891880522206,-13.512515439662733,-4.279979154693982,-1.5666067801722927,-0.242134465097334,18.422378041254383,-252.84323851063846,2.2745964496007867,-2.462784151381399,-1.1340571735993983,-0.019255437012547463,479.61711711711706,-26.950057922512023,-40.43870707013791,-26.684243694078557,-13.457759121387141,-3.2444678232541198,-24.970167064441075,-10.456281538259166,-1.8088118988698147,381.4877694188712,-1
2019-08-29,-8.733374896093093,-10.963287726459548,-6.921628277560468,-7.157900728597459,-7.157900728597459,-20.894261050642733,-37.5,-0.039882128949150386,-1.1514600347562942,-1.382187020806676,-4.237783281541685,-1.4144286378350628,-1.1088792838955353,-1.1778492291004967,-0.9178227201057787,-1.365224435278911,-0.9810886388642607,-0.6310204617390301,-0.06903955863390862,-2.3833788727998426,-1.7927928755560787,-4.746201671884082,-2.6616115189860343,-1.5577330752186183,-2.5133587007474345,-1.4250059817898155,-1.8534484615739792,-1.0585715517328846,-0.6724494470580062,-0.42197481965175876,-14.089225716198541,-9.090945548432947,-29.37531699024251,-16.253116881407482,-7.037702853583243,-15.117843928067684,-5.904724450401886,-9.621136125443881,-3.1716010708286273,-1.1732481460961508,-0.1822486977501003,21.820056872162926,193.67876548830088,6.531442806836292,-4.341802620839579,-1.365224435278911,1.0710890352970168,85.66155041771914,-39.246937571908695,-45.82044325573806,-36.15966655833969,-24.26486548680474,41.20824890208482,-147.43538767397325,-17.859575829010932,-8.709208064851385,-17.812266335841624,-1
2019-08-30,-7.050150851027495,-2.2130405252433722,-1.1952935317188644,3.657153367462677,3.657153367462677,8.501408840494598,20.0,-0.04324174495169823,-0.8905066669581676,-1.1704624075434522,-3.213161489576593,-1.3739770571956293,-1.068823497432693,-1.0901628580220415,-0.9620173971630674,-1.1213146326356351,-0.7352701075055965,-0.5525813523589271,-0.04852908948276867,-1.7057939268706832,-1.3877885768534455,-2.2242254239637536,-1.8356920505127245,-1.2478520828158206,-1.7682159689827264,-1.165852860704433,-1.4227832467867303,-0.9221160056053928,-0.6154458073858565,-0.3985003168013336,20.599060994710033,10.122537400557531,115.88760048672265,26.74284984382086,6.93307400679068,23.370475703705683,5.398771542032678,11.038429860397706,2.3292592212951124,0.8961404732285865,0.4377391704009603,8.699481086989675,15.338254002169124,7.0713884052191105,-2.6788787333881614,-1.1213146326356351,0.08526793950982783,-21.410632063624934,303.7277439272106,36.41386945802996,-21.023966417112998,-28.6366644724213,-27.57443516327051,-116.84828164288787,7.885146359856907,-7.157900728597459,-151.092541041419,1
2019-08-31,3.300976819671135,-1.4846327487410997,4.11127213156071,-0.5944283432897611,-0.5944283432897611,-47.794698960632665,-16.666666666666664,-0.022531383943442746,-1.059349684658281,-1.0998845265589183,-3.1150979604587907,-1.8442825947445076,-1.1829789733682896,-1.3217421631786694,-0.8952339764537557,-1.1522908231391693,-0.8253052247713925,-0.5574630732128132,-0.06580514417972066,-1.5743268991146624,-1.3258150200088588,-1.7056763920290725,-1.664369222920204,-1.2070955042613498,-1.618642337863711,-1.1352924423784243,-1.354709455895168,-0.9121956926328256,-0.6151571948257019,-0.39967375173888864,-1.1918701899657516,-0.757152528100926,-2.814838659055319,-1.3874374854899758,-0.5828146229218648,-1.2840934738690668,-0.4873328195677685,-0.802482628517363,-0.2590577466413622,-0.09502622299887502,-0.014696490286133042,5.780856818505743,2.130847760140705,6.745096924801371,-2.3733197703575852,-1.1522908231391693,-0.2325318638049555,-18.64181091877494,5.149887515958917,38.890831791898634,-6.379237123277864,-24.642036972041367,21.331329815171276,124.87562189072645,-0.9337466614106074,3.657153367462677,-116.25385329962734,0
2019-09-01,-0.5572847191344321,-0.8372256984224921,-3.8520894483614136,-1.3447178175110646,-1.3447178175110646,31.708424026304822,20.0,-0.029816064935235878,-1.3231769623780616,-1.1601574282183713,-3.067276244875441,-1.790956361482239,-1.109699564231529,-1.8105617440512995,-0.9529241885516364,-1.2258888848977825,-0.7627543501685261,-0.5898830783055021,-0.0668466001299996,-1.5468952892219623,-1.3273025620731012,-1.5895326154015548,-1.619769966948721,-1.2157327770627753,-1.5833732412580421,-1.1465540182667822,-1.3538820195994052,-0.9253317226964101,-0.6251776366370632,-0.4053226594068527,-2.7915072978551,-1.7524707488119906,-7.059623768901662,-3.269499989779731,-1.3427410869233534,-3.015949180284535,-1.1197422528077043,-1.8595815211609183,-0.5906988879855204,-0.21536290518336917,-0.03320303996635534,4.524094993230508,-2.06143507796641,6.188622541983766,-2.2490650704080535,-1.2258888848977825,-0.47170358902450205,17.10310965630109,-23.55681547948368,24.18710157925596,7.524781017919316,-8.104875573947698,27.13985097070258,-139.8230088496524,2.627728214645701,-0.5944283432897611,126.22033970805397,-1
2019-09-02,-1.1506244969743866,0.5865623889086495,1.1455907345628382,0.5428063086155411,0.5428063086155411,-3.87423610573914,16.666666666666664,-0.02859414314413433,-1.6636291063547994,-1.1537178977625893,-1.0662627342659718,-1.4257406277994678,-1.1503658580333231,-1.632678939198421,-0.9276050578938569,-1.1888929295028532,-0.4101168849834435,-0.6336929515067113,-0.05989977123040158,-1.2967240174682715,-1.180161662765601,-0.9017140970466542,-1.3171936451912414,-1.10550974105351,-1.3089535760682334,-1.0558929803735688,-1.1967972152822641,-0.8809319843256077,-0.6092516504024516,-0.3997087674938393,2.9715337851108092,1.5331968786024421,11.94873544314362,3.750922798939328,1.0637558446662363,3.3283836978219314,0.8324105562949923,1.6651315837331648,0.3601408001777946,0.13744820238334338,0.06668917149489842,1.7249486416837125,-12.700471134747582,5.087775124180172,-1.752104857105082,-1.1888929295028532,-0.7811618373411088,6.708595387840578,149.10468586944873,35.10321865138405,45.42121918348692,15.76323108867281,39.160651202590635,-368.33333333270764,8.306639124450285,-1.3447178175110646,-140.3658151581734,0
2019-09-03,0.4071047314616454,0.394651587441819,1.7611550189806584,-1.4486668066344865,-1.4486668066344865,11.6216087694864,46.42857142857143,-0.03188440576816065,-1.620932352017664,-1.1996748416845133,0.14229960972681976,-1.6902174528890277,-1.133151422299724,-1.427329884732428,-1.0292279416357228,-0.8021755874690768,-0.480799657859344,-0.7081496756586847,-0.06921704967695427,-1.3152530477699658,-1.2016560955843751,-1.0807137826212077,-1.3359353944153847,-1.1273768916411506,-1.327324291819308,-1.0773121191516621,-1.2180244744016144,-0.8983481620485361,-0.6208301240528115,-0.4059784441155223,-3.2732438452218124,-1.9995427250682165,-9.509268210208372,-3.8861300253045625,-1.515461662241005,-3.5586406049204573,-1.2558063285136676,-2.127642660282746,-0.6508762744248795,-0.23400699737691621,-0.0358183334382268,1.5778945608059405,-12.219415570662557,4.249855640371455,-2.197244302056115,-0.8021755874690768,0.19788590257358807,4.243614931237798,-10.797199885775303,19.04319344831733,30.133782212705217,28.43787374363231,-1.6031713230827571,-21.73913043479809,-1.8608566546417273,0.5428063086155411,-366.8846665267032,-1
2019-09-04,-1.3695338779432906,-2.5375498709223123,-1.4401908023483552,-1.1504047720494137,-1.1504047720494137,-12.557189947431741,4.878048780487805,-0.027991093156410646,-1.4096211557998148,-0.8165924119022788,-0.7998225281346907,-1.9585649178052777,-1.109134686451201,-1.6528054030453259,-1.1459521862199669,-0.8659035408631022,-0.3516465092616384,-0.7574415171192916,-0.08160860723099868,-1.295177404129662,-1.197563570935358,-1.1034365200579221,-1.309517869935508,-1.128839539107447,-1.3040899757509667,-1.0812831182237672,-1.212338875284472,-0.9060374657852671,-0.6280739637406114,-0.41038133562584095,-2.6713270049096574,-1.6129345715045298,-8.198298774242229,-3.189670352880595,-1.2166448226167992,-2.9119197111036734,-1.0053550823150288,-1.7183246052415908,-0.5168834940860703,-0.1846257728485898,-0.028163963585568358,1.1475617087670502,-13.451964459294594,3.52822221907507,-2.2310689607296537,-0.8659035408631022,0.08932857783760792,-8.468400552833359,-23.123700833015747,12.39697936237024,5.61575687004414,22.97628965152785,-6.072068326503794,-158.9947089948393,13.457017600986868,-1.4486668066344865,-20.588725662734568,-1
2019-09-05,-1.3672350791717356,-1.1257261535683092,-0.2730121304253337,0.6865763546797845,0.6865763546797845,2.824946361481454,-4.651162790697675,-0.02878702282468238,-1.5028139515143197,-0.8018465845934202,-0.5500051374106576,-1.9078701406800778,-1.008614454265757,-1.7743052800219494,-1.0241525333560293,-0.8018252584980975,-0.44682635801702464,-0.7123864644427884,-0.0865129426976693,-1.053480391416205,-1.0470392723616713,-0.5200802514760067,-1.0248377239522102,-1.013556054568582,-1.0422545823512308,-0.9853054440048234,-1.0525742040876556,-0.8575725898100331,-0.6101859103260505,-0.4039416159453621,4.376686366345539,2.1509216452924047,22.009205340391674,5.652490843258207,1.4621553445208757,4.954744715213611,1.1304662885390684,2.348003483483102,0.4728491079629288,0.1753194763918766,0.08379565626071382,-0.8748689867577899,-25.834131371240453,2.527558765949582,-1.8897410699821364,-0.8018252584980975,-0.058237866410705316,-10.85792724776922,31.586402266288143,-3.7875744564811997,10.764258170108624,14.211055484598969,8.31581149805525,-682.9596412546659,13.430344544975108,-1.1504047720494137,-159.68128534939004,0
2019-09-06,0.963230526998218,1.0867910743097084,-2.79670244205942,-3.975170473656838,-3.975170473656838,7.624638775232202,4.878048780487805,-0.031113378770289073,-1.918552217568209,-0.9347254540122686,-1.068413727718586,-2.004424980284183,-1.1448590790659112,-2.0554854430407263,-1.187055649629829,-1.0742836200380323,-0.6633892195852296,-0.733223209808839,-0.11947917800996305,-1.416079547947441,-1.2850665736333435,-1.6597348688868907,-1.452885744652264,-1.2048562125024582,-1.4347650751471985,-1.150367019833928,-1.302787896307722,-0.9539219309810474,-0.6565696332677509,-0.42513616549398386,-9.396735857680822,-5.6852162218495765,-27.732048759207512,-11.20348684330081,-4.286892109517723,-10.236234918130462,-3.5395466575435504,-6.056266071579473,-1.8103460070082726,-0.6428479480842141,-0.09771929818950835,1.839590942945333,-3.604142609543097,2.3763971100167094,-2.4823246573044067,-1.0742836200380323,-0.1295280509812849,9.100708346165607,-86.23984837615664,-30.96026924427723,-7.143234239071555,2.6745272585580158,19.440924771052174,-205.00000000004889,-18.83531383134511,0.6865763546797845,-678.9844707819417,-1
2019-09-07,-4.5408678102926245,-1.0389688610492023,-0.08961147026819512,4.346718466388555,4.346718466388555,-13.537787624967141,-9.30232558139535,-0.026822455795547897,-1.6446770209053658,-0.854219128924004,-0.35199803421693643,-1.5725939605934016,-1.0199269679393157,-1.5598109590262526,-1.0133247460813313,-1.0235686383472635,-0.596930866019083,-0.6666698310196238,-0.12422830928864256,-0.7194474183278622,-0.8397355017509484,0.27483375245350766,-0.6329883940545553,-0.8563175613292463,-0.6809744367882427,-0.8555616581353935,-0.8322101261510481,-0.795102639282654,-0.589907005147636,-0.39782579843585075,27.19641718490877,13.536281318413735,121.3025244108956,34.834474336664236,9.220553439665755,30.673975354794198,7.1287219750732795,14.763576793427058,2.9660515426923153,1.0885869063548497,0.5171090795464724,-3.508954162782457,-53.040669615489264,1.0900365725329342,-1.2903933623045796,-1.0235686383472635,-0.848754539954409,-66.57727593507407,877.6293304334255,30.843626244280575,5.934278227172167,2.8556028848013275,-23.17771954579958,-90.18315018312938,11.506244615055968,-3.975170473656838,-209.34671846638832,1
2019-09-08,4.981100647062606,1.9415112139009756,4.257159331155104,0.40893554687500666,0.40893554687500666,1.0206534590933236,10.256410256410255,-0.0269401713869085,-1.4257875798798274,-0.9623658998336257,0.0271249969176244,-1.388219272042265,-0.9935650788751785,-1.4255530670338072,-0.9458854685509385,-1.2763509710588339,-0.7007981790755877,-0.725757110287315,-0.12405738886253977,-0.5760830471455459,-0.735832979605661,0.3197793818279569,-0.47830855533624106,-0.7727137795652874,-0.5316783507422694,-0.7841891103973218,-0.7234294323612248,-0.7571570888347269,-0.5759377814672688,-0.39298858343742193,2.0136511628070926,1.1470310118090927,4.643428796205501,2.408017704956407,0.8184690213051977,2.2000595396921137,0.6476280881521903,1.2350515682783287,0.28241695175725734,0.10597716889335833,0.05069774476272321,-4.373796011999854,-104.62424122112589,-0.049862402093650844,-0.30500298884148824,-1.2763509710588339,-1.9099091117281946,-111.86655405405419,36.699523412199106,33.7890773555885,20.097235198462787,6.227586525739345,-8.738158850586574,765.6716417892476,-7.410021702284118,4.346718466388555,-90.59208573002519,0
2019-09-09,0.6590791200073046,2.552314994477452,-0.012289919193772272,3.5256215427633615,3.5256215427633615,16.539996374848425,-4.651162790697675,-0.031219737457654894,-1.082225992391756,-1.0683493443112957,0.9750024652401327,-0.2706653225806841,-0.5124905849861625,-1.0167980739188933,-0.7717987660096194,-1.0122580519259687,-0.5773143589611552,-0.688525149087554,-0.10166312304271974,-0.049786420969713335,-0.37714587278757283,1.3952060649184832,0.12139799806815714,-0.4853116036151583,0.029346984851596276,-0.5380033138060815,-0.3467719451491871,-0.6205983837268895,-0.5180075727665983,-0.3693040508191702,16.59353065597162,9.69359269429027,34.21137569007646,19.60570359402155,6.980573597999802,18.02781331659609,5.548896892926112,10.411383156191432,2.440979020226686,0.9195921383763431,0.44041271193804404,-8.208724036453043,3264.3418518606063,-1.678378541836899,0.24929289725250356,-1.0122580519259687,-1.8485629794582417,-11.743772241992136,22.83913119879779,63.861311110401175,29.497204507097262,19.435709986985362,-28.424688454512687,-112.758620689625,8.86340153594486,0.40893554687500666,762.146020248284,1
2019-09-10,3.6527327290915297,4.296442917855265,3.509203208063169,-0.4345017908519825,-0.4345017908519825,-6.8775726282748115,0.0,-0.028874470237397504,-0.9745392564184487,-0.9860699324522142,0.7391447649507483,0.32674123004304073,-0.5363709108421569,-0.28361749237571676,-0.7859421376266339,-0.8180031092285698,-0.5651237353961647,-0.709151397239858,-0.11359275362293109,-0.10091572305666692,-0.3821626522559653,0.7685188296686675,0.03530461804381989,-0.48177734754307544,-0.037033770842799414,-0.5318495302600215,-0.35485096182025605,-0.6144170291851747,-0.5167802013237072,-0.36971351883786446,-1.1423845563954032,-0.6868275424637128,-3.4755499963886174,-1.3664469784165938,-0.5159659057961005,-1.2462541525998618,-0.42472106341765214,-0.7322000095301305,-0.2143648231775936,-0.07509370588090448,-0.011325000522761359,-7.661592247903595,63.63595543783329,-2.793313130995343,-0.08630358816906036,-0.8180031092285698,-1.3134273897519053,21.370967741934027,-35.541966593598566,2.0360476062470463,6.93023082270703,17.650995838242505,-7.105774775051037,-37.16216216223964,-4.835894769232647,3.5256215427633615,-112.32411889880333,0
2019-09-11,-0.8071591507281934,-1.401060563773381,-0.05640492800949439,-0.274223034734926,-0.274223034734926,-11.930364526511202,-7.317073170731707,-0.02545999113718555,-0.28293199304613326,-0.7932177330261917,1.465019479063816,0.0017631397993914035,-0.5160055818673646,0.27930360301644935,-0.8020860006419254,-0.9221464218021286,-0.46563032939811533,-0.6044275876713202,-0.14640451066212173,-0.12387163641303525,-0.3727264028381645,0.41563650771870403,-0.012407453836129487,-0.4673333155907298,-0.0708426319665462,-0.5165171059120179,-0.3474318939628378,-0.6030967443023897,-0.5132121374803246,-0.3691141901971116,-0.7632543594457587,-0.45010426816909554,-2.553823178395102,-0.9216265815135606,-0.33556207884869715,-0.8363060360572296,-0.2750232536774244,-0.48078091750919205,-0.13720774605161354,-0.04763643062898413,-0.007151455921150378,-7.310630505729705,25.03316457122789,-3.5929295777497745,0.37934615889209267,-0.9221464218021286,-1.8143278395790787,119.2691029900292,-3.4495548961425087,-7.79807650153278,18.022943109246846,17.237417158959303,-61.71421387174594,127.9569892477312,-1.5216393582197385,-0.4345017908519825,-36.88793912742725,0
2019-09-12,-0.25355268588950625,-2.165421195652179,-0.8762549753460571,-0.6268294846397118,-0.6268294846397118,13.02676474779031,2.631578947368421,-0.028859039240147898,0.2131786709129737,-0.9086155230060042,0.5021884908668445,-0.0010074906933616515,-0.6128332619583542,-0.0475814687586771,-0.807662523222808,-1.0556861171615248,-0.532387716375318,-0.5070390832821459,-0.11510333465171874,-0.19039206066424258,-0.39496245335688773,0.06527122039898854,-0.10686940630691522,-0.47845444061865106,-0.14993147810593663,-0.5230982439696292,-0.3731598591286555,-0.6038890872119035,-0.5148874860150539,-0.37073323388300383,-1.8300543168155496,-1.063472085445472,-6.5297757591103585,-2.225339753843085,-0.7880975589845903,-2.0117627938680527,-0.6436626966257593,-1.1376802791163714,-0.3180155743200968,-0.10955632126169396,-0.01638107098875142,-6.5082025865684345,9.719630137302767,-4.089066316956593,1.1261574564675456,-1.0556861171615248,-2.5847700771321613,-59.3939393939394,-42.53907259426977,-28.337705961527636,-6.471192341534855,5.41388831226494,-198.13646762905358,-107.07547169827482,-4.7345486511207335,-0.274223034734926,128.58381873194526,0
2019-09-13,-0.8808228895720224,-1.9645285420825713,-1.2256150549878628,0.04463090243685062,0.04463090243685062,-9.008030915953308,-2.564102564102564,-0.026321534009697712,-0.0409086896516198,-1.0051281770841076,0.4289754497706937,0.1166182226677659,-0.7119853903463551,0.0025543673876829505,-0.4890381059371675,-1.0417496411880138,-0.5365529546847265,-0.5438666815021763,-0.13138154641647323,-0.15944420839294512,-0.3565840695084254,0.05838213881177288,-0.08369881170377896,-0.4420358568911206,-0.12238726512143548,-0.48926334855629183,-0.33478609472119236,-0.5822425511318351,-0.5066463716640908,-0.3681305011017301,0.22702398297391305,0.1321769871597002,0.5956460362576773,0.2701733843546754,0.09518934563387967,0.24734068242741494,0.07560317339604589,0.1419514745430509,0.03294844648808994,0.012207109896875144,0.005779503672240089,-6.654941831206933,5.894991651701588,-4.514726599663219,1.7529454720618831,-1.0417496411880138,-3.074943563675747,185.82089552239182,1.407129455910036,-17.355352473929635,-13.128455558763145,-1.2504106325826336,-122.8016781453054,2833.333333272796,10.259070039914958,-0.6268294846397118,-107.12010260055034,0
2019-09-14,0.2862766147790476,0.9680084995868313,0.5673199441781436,1.308589103021639,1.308589103021639,-5.793352893989363,2.631578947368421,-0.024726153521145825,0.09714405105773563,-0.9326098575190938,0.0011832219132422972,0.1818936563643839,-0.8736685788374738,0.20968498488315493,-0.4558978037530824,-0.8343578035358978,-0.5550665723748462,-0.5525275462454149,-0.1221409167106564,0.03426172526254821,-0.21062195480191065,0.47560410800447406,0.12951245588046817,-0.31955692317292106,0.08053494843357052,-0.3815420601332024,-0.1832687036162648,-0.5187317296178786,-0.47976172934443545,-0.3575804020947074,6.812392308767981,3.9574718228078885,17.358727084152097,8.108998393036343,2.8450251431859517,7.42330342729221,2.2566332793931165,4.25163382134175,0.9785485567115627,0.3607468327993257,0.17030945485348195,-8.653711155032703,9.681771466121994,-5.185964217331724,1.858576068410093,-0.8343578035358978,-2.891105328943248,106.78851174934596,16.835940171105477,-14.79638845918033,-19.29283186813679,-12.528440983033898,-328.7506096245241,-199.31818181803968,-3.516886952083865,0.04463090243685062,2832.0247442301797,1
2019-09-15,1.0288432946773687,0.350754121360932,1.0709221997647023,-1.2828792860497884,-1.2828792860497884,-5.05239127260471,-2.564102564102564,-0.023466108026472022,0.10027759247700971,-0.8556564214658658,-0.169790335557764,0.19311515589842232,-0.8361759913091271,0.0662728913750266,-0.46945620782987746,-0.8220443667823124,-0.4952880866869544,-0.6165240677071968,-0.11300597487440721,-0.141748047495587,-0.3060424611905341,-0.11610624386666533,-0.08932438360600012,-0.38805466119894666,-0.11517892052271651,-0.4364634163554719,-0.286166859047195,-0.5448700121873984,-0.4918700878905979,-0.3634998354275855,-4.251285613348242,-2.3999527683569855,-16.227612045512416,-5.234227808202599,-1.755354497072471,-4.701030000205498,-1.4221709607387285,-2.5756248756412163,-0.6860153075400683,-0.23157950841407945,-0.03425177713685807,-6.465184662216583,-1.5317898631948066,-5.385833543513381,2.2648578147743494,-0.8220443667823124,-3.295002432300008,-41.66666666666643,-26.851662925933447,-4.168304944071113,-13.881262962174054,-15.417669816458263,3.561918162641446,-82.83752860417847,-5.440903429812075,1.308589103021639,-198.03530253213358,-1
2019-09-16,-1.0271956675300273,-0.27379704066178434,-1.2864135625596762,-0.22303506111160282,-0.22303506111160282,18.710526286778283,0.0,-0.02788845802691401,0.045359175881811514,-0.7937222126922537,-0.1594121307298007,0.2686871674307145,-0.6760494871291804,0.16070953026039772,-0.5412825533963509,-0.7345139722831515,-0.5317904571814199,-0.5978772689259614,-0.12120810398697066,-0.15248631450688035,-0.2987279864021248,-0.15166631938300204,-0.10979410528263413,-0.37642622869406017,-0.1304803370748077,-0.4235691027786233,-0.2803182323145929,-0.5339430782647483,-0.4878491633713796,-0.3626095289425264,-0.7756779980366661,-0.42965110806863815,-3.2339889205716434,-0.9638035150998814,-0.3118735277620565,-0.8613910466672644,-0.251581146730818,-0.46199859288423156,-0.11994787683275471,-0.04012610705122239,-0.005907494705403736,-6.170317731676827,-3.257178356590578,-5.507005487818091,3.1475620593554825,-0.7345139722831515,-4.023298508706748,132.57575757575705,31.115421282751278,3.988061718960307,-10.403074256400163,-15.077887771407422,-53.985413170643504,-1600.0000000066987,-14.620098591941849,-1.2828792860497884,-82.61449354300802,0
2019-09-17,-0.228982662741231,2.0912436474093155,-0.08466120400328722,3.353004291845497,3.353004291845497,10.810702884671194,7.894736842105263,-0.030744398124423124,0.39085750139131925,-0.5401375642928139,0.6339181841924199,0.49343955365471137,-0.6219723107059913,0.5079428200190086,-0.5238571811699445,-0.06880806148650595,-0.5002594857014099,-0.5340115019804723,-0.10882487279559744,0.31027268371720035,0.023300919419122164,1.0130082317952271,0.4197235403036104,-0.11321989303874132,0.36325929484976127,-0.19494723279119694,0.056471702389631444,-0.40156101118745574,-0.4302492299620004,-0.3390259004322744,17.67239475597909,10.419017902937567,43.187086584100456,20.88626590562489,7.520587638723321,19.19240754092234,5.971590305727769,11.17854937842759,2.579018594797851,0.9406430194496891,0.44075505270144866,-12.442044237580637,12.74419814079861,-6.570676705572959,0.24205442373298508,-0.06880806148650595,-0.3518383063540318,-11.167985109353076,133.62220066707482,46.11070993296199,31.809998403886002,0.6473196098028683,684.1882260339236,-28.799999999992252,33.75669032724441,-0.22303506111160282,-1603.3530042919083,1
2019-09-18,3.2906110283159484,4.997997367969327,3.6344378877288572,2.3098883986503913,2.3098883986503913,15.2504120141784,-7.317073170731707,-0.03506940168417576,0.6416869646365649,0.048735304595646435,1.0935214457604003,1.0136235986498376,-0.6102156176574018,0.6383331109710408,-0.6292900267065358,0.428583858124795,-0.45155170246213144,-0.570885737358271,-0.10364541261301706,0.582248507031652,0.23165675552066792,1.4539721230757527,0.7172030093970725,0.06372650795923478,0.6473883527648348,-0.037921925246128495,0.2722335147210158,-0.3057329774286435,-0.3875949803669462,-0.32158993734579133,9.392665236288023,6.296106220407858,12.392434267914393,10.432569176354946,4.768711736141847,9.910203346360213,3.8830932597711234,6.668785286670212,1.7698281059851348,0.6632007419227053,0.3135237011476342,-17.27407125540708,15.305204911858821,-8.10915885110408,-0.3221723232129953,0.428583858124795,1.1161969178455335,34.93975903614427,-22.703268240713065,25.449126033676922,15.137797879378967,11.691818682926781,55.55479444451771,-220.34956304610586,10.157622101335987,3.353004291845497,-31.109888398650586,1
2019-09-19,2.3749062157326635,-2.980845208577417,-2.175436547334003,-2.7171768419865825,-2.7171768419865825,-11.425579645068517,-18.421052631578945,-0.03127550139089337,0.38515197658889605,0.26962278447839216,0.26254682084972125,0.42994548114001824,-0.7038565262787683,0.7110840889506465,-0.6437683039115736,0.10456016765476199,-0.5893876818287693,-0.5553277044291185,-0.10666375774073499,0.1257720993956906,-0.042614829653051176,0.02373701137623762,0.16814327570017226,-0.14390618830542903,0.1481861557740869,-0.20982624554603566,-0.0198153555162105,-0.39319422223145606,-0.4248403330185203,-0.3377747051229425,-9.13499632325466,-5.374707828802194,-25.673586539319988,-10.976426006463996,-3.974852596450853,-9.99067233303195,-3.2336742406686096,-5.748138859950826,-1.561099532040198,-0.5231351177162076,-0.0768989113843,-10.223647896140173,-5.008584080370452,-8.382777560338297,-0.06952786512919636,0.10456016765476199,0.2617382389505234,-82.45341614906852,-39.62186600904236,1.7565459187438806,0.6860800467821342,13.766435198250907,-45.0062366727974,-37.8630705394318,1.83817145582293,2.3098883986503913,-217.63238620420532,-1
2019-09-20,-2.7228908870535884,-1.909736849495886,0.22088892868870968,-1.7355276119835297,-1.7355276119835297,-8.145707434131507,32.25806451612903,-0.028805158455888994,0.5321864771246543,0.014346896595811755,0.16758996322333009,0.24837928227454328,-0.6579006558763387,0.260319737092956,-0.5526039367321844,0.04506312567987609,-0.5644295964370333,-0.5972739890356021,-0.08544663904070354,-0.12442750987669027,-0.19585986489549173,-0.5629628615718837,-0.1274330713957417,-0.2596802358366246,-0.12330490190492575,-0.30525750971102805,-0.18290886587444816,-0.44074373191295624,-0.4453131852954035,-0.3469925741162668,-5.732989212072477,-3.380438938208056,-16.067482235121876,-6.880403886578282,-2.5007063784277115,-6.266486166965889,-2.0340501131234143,-3.6147391723664892,-0.9797260982982223,-0.3272363481242365,-0.047998485824570176,-5.025965160563365,-13.034796065625448,-7.957127935759381,0.019521237493778303,0.04506312567987609,0.06804782075268256,-99.77876106194668,-40.776038121170615,-32.30831633295414,-1.6719623596934803,4.225588541865687,51.55597166948927,-58.26377295495373,-4.876233946071093,-2.7171768419865825,-36.127542927435385,-1
2019-09-21,-1.7617571209179808,-1.5346293698284845,0.10126582278480807,-0.7371369600471774,-0.7371369600471774,2.447422600249095,-9.75609756097561,-0.029554503889038866,0.18903033968562027,0.0073854614351122755,0.06564576846216034,-0.09709996404611759,-0.6262580065252051,0.17271860901530278,-0.6363278021002321,0.07517081224746187,-0.5890147715633892,-0.6340203699525393,-0.1237728190208225,-0.2054605515169897,-0.2441012144003311,-0.6203635032027873,-0.22057539938741638,-0.29389639244167515,-0.21034563640043008,-0.3318836338437229,-0.234773626815547,-0.4511063337044121,-0.449812379663275,-0.349529639187006,-2.499563050924485,-1.4565236701682749,-7.447815896052989,-3.0170642005030186,-1.0722216213988733,-2.7394211529179384,-0.869605163572798,-1.5593864731250349,-0.4153464015143403,-0.13775184880833452,-0.020128868277913714,-3.0727348042744635,-15.34950896429378,-7.318054857369645,0.10263083997402787,0.07517081224746187,0.05047200035440344,-15699.999999984042,-28.735632183907978,-37.99245599329421,-7.848433569442986,-2.9255388969156235,-58.12138925162844,-76.00000000009103,-10.983322215613516,-1.7355276119835297,-57.52663599487755,0
2019-09-22,-0.14747957407899429,-0.6455177226600183,-0.9729536731232733,-0.1782266448834028,-0.1782266448834028,6.193197110361894,0.0,-0.031419553233336846,0.14786800834623348,0.0630558214440963,-0.622354846762554,-0.07565000244821404,-0.5562707191761442,-0.1032717017459167,-0.7097292899336922,0.039345610952422866,-0.5830518267700455,-0.6181743564141717,-0.12430420264249893,-0.20187795808440345,-0.23825915726320618,-0.4748245354942648,-0.21413942113646117,-0.28564395860279035,-0.20581524044777144,-0.3224489298775028,-0.2295085964624456,-0.44159323279583573,-0.44563729050969003,-0.34842000802912193,-0.6386399594919141,-0.3648754491823324,-2.099928129133112,-0.778331176793672,-0.2665184007137876,-0.7030571151917568,-0.21519798012477068,-0.3914272177300143,-0.10157352238442054,-0.03337990225186804,-0.004854847321794594,-3.0753830798302175,-14.67046363123343,-6.737517508286858,0.04969809168480595,0.039345610952422866,0.03002925932617214,-97.43589743589926,-44.2919548255003,-37.97262993978036,-32.814383990861785,-13.540081503933148,-20.71848419851637,1456.6666666739698,1.8924375985785822,-0.7371369600471774,-75.82177335511729,0
2019-09-23,-0.960033084217053,0.27510316368639354,-2.0100955471426087,-2.7793483112632176,-2.7793483112632176,-16.06699517425745,10.81081081081081,-0.026463521052368138,-0.29214894345416675,-0.09509184168769295,-1.6398231070763134,-0.28175846684187633,-0.28238329207368135,-0.2811803694026787,-0.7899580486310182,-0.027858846524566647,-0.6701765556792464,-0.6840492295670457,-0.1405248392697474,-0.5410219843575519,-0.4637501374778941,-1.2356693610122034,-0.604128940525467,-0.4637484283697128,-0.5689134100860216,-0.4735234598279442,-0.4670435358265018,-0.5233073784512492,-0.48160981033199457,-0.3641934666513131,-9.626252102569516,-5.616182277034879,-28.174674426607577,-11.602749497506757,-4.130418635848968,-10.543456933758995,-3.3457628387581435,-6.013163045775574,-1.5871864924545238,-0.5220700741443367,-0.0758940161611004,5.1748572901335805,-30.186460238967445,-5.043506605104919,-0.08475616047022069,-0.027858846524566647,0.023353961820650564,23725.000000017557,-79.49438608899885,-43.54255699977379,-41.171608241290095,-25.024314155024115,-305.1339260428412,719.486081370681,-11.653505505022421,-0.1782266448834028,1459.4460149779752,-1
2019-09-24,-2.5411596277737973,-3.6190642967632662,-29.552632385858395,-23.427504514707238,-23.427504514707238,102.29525542479772,-4.878048780487805,-0.05605484574001523,-1.8740942334265744,-1.1139176487970135,-5.640553542792764,-2.1110513241982582,-0.8735590985017668,-1.9971779992831271,-1.4415745888756033,-1.1121310654582357,-1.133746849956254,-0.8307761477259314,-0.2017699665096952,-3.484657803389223,-2.4540999794051723,-8.447848728643729,-3.9980384629915946,-2.0657023760385083,-3.722320993497695,-1.8522616267793446,-2.5562763834088797,-1.305746395233816,-0.8271383824298808,-0.5102158807831505,-45.80547839270807,-32.53064734816864,-73.47937657039537,-50.7404919830611,-26.00817189500411,-48.19954094086876,-22.07711014484569,-34.09818362848877,-11.71296020347782,-4.1420916424566006,-0.6211679892628232,71.2849502174176,-231.39516026470085,6.9789051278242,-8.801870716359208,-1.1121310654582357,5.80185982797385,849.3179433368286,781.9398282785941,0.4466108197336176,-25.01684652914203,-34.03974269523711,188.127340534199,-115.29918996603553,-26.00067784049187,-2.7793483112632176,742.9135858851525,-1
2019-09-25,-23.47288529807809,-19.023105108560706,8.726877040261167,4.680817044409809,4.680817044409809,-61.08005727829398,-61.53846153846154,-0.02197540585024621,-1.638548940728459,-0.9039307771764753,-4.863633216468547,-1.866423700267823,-0.8838070690658034,-1.7177525010531765,-1.290191411286313,-0.9817794394438808,-1.0088576252599992,-0.8481624512014346,-0.20692497524164186,-2.651431598170252,-1.9686558725439427,-4.879246511891052,-2.96865891444364,-1.6977218257433437,-2.800345589653502,-1.546111691757963,-2.0388014098856195,-1.1470767141933909,-0.7630986745547179,-0.4849202237775678,27.649189586820132,14.59810489532222,137.22957228382958,34.774695169372926,10.134355902944511,30.886366712633173,7.866892186695046,15.823336736112479,3.166362923044392,1.0594558660165678,0.4732100227809085,25.34225232130493,77.96754771403901,11.609939640378357,-4.702897314177011,-0.9817794394438808,1.902140649770574,-17.773847684315253,64.73338105804734,65.67573764435014,6.281331078989289,-26.174186251400894,-20.482724150841367,-130.14517506401307,6.8234172375249456,-23.427504514707238,-119.9800070104406,1
2019-09-26,4.838838678717119,4.412699599865364,-0.5244195356285133,-1.3479456239498842,-1.3479456239498842,30.19293777742692,-20.0,-0.028550757800273958,-1.6966168055415807,-0.9956812254359697,-5.180421579135478,-2.104748921280999,-0.9094608246651221,-1.834445368196226,-1.271286488072346,-0.8473905606048623,-1.0644172739906097,-0.8140021134271527,-0.20361510523061363,-2.5084021800866485,-1.923559524992289,-3.822905614941848,-2.7612753470284894,-1.6774057946881078,-2.628726161565522,-1.5362379945133837,-1.9860145796129893,-1.1527144752956127,-0.7702715792874466,-0.4893440083163565,-2.20597170330284,-1.5408787674039792,-4.122611612904033,-2.4707650147425286,-1.2269610631269923,-2.332704403119689,-1.0396124806993878,-1.617168371441664,-0.5489039463575419,-0.19325812467998238,-0.0288992997893703,16.17405557177039,24.036483926726525,12.902579252655336,-4.076967990379389,-0.8473905606048623,1.4933424820271666,3.7370614329882654,-9.977251787398757,49.60983488954984,11.387692302267856,-4.410188327729814,0.8820277494476481,-1143.3427762049778,-2.0152771153957003,4.680817044409809,-128.79722944009768,-1
2019-09-27,-1.6173329264571281,6.758353927151606,3.299931586784181,14.255854461002496,14.255854461002496,55.30750235857164,100.0,-0.04362096796110396,-0.9115693378801151,-0.27602425499074873,-2.851740210444097,-1.0735635307150369,-0.4298758398685967,-1.0906700447207807,-0.5717263122329845,-0.49884268497085915,-0.8271600412774733,-0.7321291824778504,-0.16910072694821243,-0.6469912684472032,-0.7411806045536414,1.7242773798293416,-0.552145015494811,-0.7488541459150797,-0.6073563258879988,-0.7478864890368544,-0.7369287699343562,-0.7210983732289572,-0.5870552439814692,-0.4144136938063075,58.79967387336457,35.9938361687364,153.7233513753878,69.22731646843731,26.60079829253228,63.67954645787083,21.38748367023384,38.40039917242267,9.348946916401419,3.2792852784701605,1.4903127820544642,-3.4606149556730887,-28.824836926967563,8.133943338135625,-1.1797390904842329,-0.49884268497085915,-0.03242762103211018,-33.14759621614613,128.7762237762234,57.93015975768698,59.20261926807697,27.24986170744641,-57.62900061094527,-128.07493890848792,29.590557820535963,-1.3479456239498842,-1157.5986306649788,1
2019-09-28,14.20207816377171,-0.030193236714947846,10.004285324710743,-3.5029473541567864,-3.5029473541567864,-30.528940817984708,33.33333333333333,-0.030174850816484886,-1.2502072476171944,-0.6290508732412694,-3.007275783062494,-1.3384922154581333,-0.5756028304916513,-1.2475076529003264,-0.42343043131155017,-0.6815187780174089,-0.8499080143704967,-0.7605674108168697,-0.20359309341943335,-1.0116670471496463,-0.9735025548073359,-0.07720024728662157,-0.9922519263995865,-0.933620539858285,-1.0058458833223052,-0.9062117163111936,-0.9817799030031051,-0.8107772956314896,-0.6279176692756272,-0.43242068904655734,-5.616206854021379,-4.067136528148024,-10.289201718395983,-6.226180297204418,-3.307826592156494,-5.907903298555665,-2.8408276257825604,-4.2480621431510235,-1.5558809641649363,-0.5627556119918878,-0.08516893149527804,-0.10099846997507908,-20.349336737839703,5.991402531149991,-1.7436383944691718,-0.6815187780174089,0.037684747048170715,35.56890870323699,-5.412613372973145,23.94184399638769,40.53845774029906,38.38750317592156,31.681139459495846,-93.71373307546263,-2.8820426813093714,14.255854461002496,-124.57199155434171,-1
2019-09-29,-3.2727890001697486,-1.6913319238900895,-0.4887204731380785,-0.2281982867574747,-0.2281982867574747,-22.43061621667547,3.125,-0.02343967220294698,-1.1816329586655405,-0.6624385659527299,2.519216243835273,-1.6752015033448013,-0.5291112504380305,-1.2608107211896342,-0.5545373904159004,-0.8764599900596547,-0.8098602090227311,-0.8321116446731888,-0.19390370725057157,-0.914144032838435,-0.9124084245196199,-0.12745515316197928,-0.8811844806969742,-0.8875226270942798,-0.9015260086997325,-0.8682693130373821,-0.9167704887623702,-0.7925063415752868,-0.622478187139072,-0.4312667353267198,-0.3768421218170384,-0.2671303729747654,-0.7701900524201051,-0.4222202472067022,-0.21547117466694465,-0.39836150293314887,-0.18419483753782984,-0.27961272670874765,-0.09966353974031462,-0.035717321273243056,-0.005380426596966158,-0.9767273923912002,-24.237157274419825,4.2826651674861775,-1.6688284167906897,-0.8764599900596547,-0.3494697333633867,-12.853874749785543,31.304908637101374,33.775764122329406,29.944422570910955,39.49505857257735,-4.816709292412664,-1392.3076923141712,-1.1440732621950758,-3.5029473541567864,-93.48553478867781,0
2019-09-30,-0.06668772594852661,1.6589861751152204,-0.0035588455105199476,2.9557690277631057,2.9557690277631057,44.13456327406114,-18.181818181818183,-0.033657251414582666,-0.9856774839394247,-0.7144567793068262,2.2182254196643267,-1.6931248621732529,-0.3859726907245569,-1.347808132621525,-0.4500314215783733,-0.7293986026258309,-0.7653931373716244,-0.8044628170392153,-0.20919852230294253,-0.4290981864161368,-0.5931364413358506,0.8976630783897062,-0.31974728232102856,-0.6347005866106151,-0.3805617503344527,-0.6528900413270458,-0.5803755312310865,-0.674283547482174,-0.5735913048621555,-0.4120893397698558,8.234074625582984,5.890532664200986,15.384815936227628,9.15104310534668,4.706266043015198,8.671865747244626,3.9660496752707357,6.168507117673363,1.951561885450794,0.7306265180184429,0.33876014876929217,-5.071714454303775,-48.75656608738543,2.1044578130743528,-1.0412552311164784,-0.7293986026258309,-0.5247343458016963,-23.60951599671851,23.529411764705806,16.757647821735564,25.511549853112868,30.534893623968212,-20.797487697176084,-208.69047619040168,7.8873560505709595,-0.2281982867574747,-1395.2634613354696,1
2019-10-01,2.792216914863703,-0.15446089788791814,-0.7117944337675236,-3.120407396014892,-3.120407396014892,-8.602979999034268,40.74074074074074,-0.03083736233705619,-1.4680749921738239,-0.8342122926455213,1.7743702081051815,-1.708161400204931,-0.524122632907254,-1.7984305339815563,-0.4999304354326644,-0.8641889566911279,-0.8246635870656198,-0.8496385122383469,-0.22205966221333823,-0.7778877048514139,-0.8091796120778779,-0.4655256397130444,-0.7430164260264936,-0.8041255625522992,-0.762996868379352,-0.7969148579796084,-0.8088677171865408,-0.7542553992924913,-0.6096216579900958,-0.42794241698483476,-5.45972650144957,-3.822367872469803,-12.216094869592387,-6.166479459044054,-3.0745745120954617,-5.792371676872634,-2.6254755752078673,-4.004701280788768,-1.417186556368614,-0.5068184539107364,-0.07622048915832476,-1.7081168758083864,-37.941437070648355,1.2790786065768822,-1.408289964884691,-0.8641889566911279,-0.5089622378830503,14.239690721649406,-27.270858089551346,4.565836749570329,13.1553864278852,21.512095157720506,49.090775793464424,-115.77217962763902,14.309164706667133,2.9557690277631057,-205.57006879446143,-1
2019-10-02,-3.099053541531399,-3.941483100723063,-0.9032905584629926,0.508008184576301,0.508008184576301,-7.1367913885962215,2.631578947368421,-0.028716414577655405,-1.644568077305061,-0.805423274028228,-0.7137600155527597,-1.528504854587759,-0.3522638363019228,-1.5468523711212914,-0.5061988753222909,-0.8150404335843149,-0.8103437002937492,-1.0196209623555823,-0.222852361947158,-0.6151720001547578,-0.6992037800195542,-0.14404986234416017,-0.5584752484062842,-0.7167792994181563,-0.5898009674075846,-0.722532637231388,-0.6931668819779355,-0.7139717159698962,-0.594209733123454,-0.42261199416161416,1.4626763624156693,1.028689721939356,3.1883185435867683,1.6445221867416107,0.819431562416965,1.5484492729835824,0.6901027041479452,1.078485013845956,0.33948322014108784,0.12656156264701546,0.05841865850198031,-3.081574612340297,-71.26586284130522,0.36289054584418945,-1.1835932978265264,-0.8150404335843149,-0.5765986713624544,-3.8353073886068025,-39.38983420203533,-14.534415845870635,-5.544845817234222,9.291129535809105,14.262956625637942,-613.1944444431824,1.4773594023243743,-3.120407396014892,-116.28018781217749,0
2019-10-03,0.4301833568405981,0.3571053460770855,-0.9983361064891793,-2.593892593892594,-2.593892593892594,-15.70644274213969,-5.128205128205128,-0.024252664030437673,-1.6182290644755146,-0.8922302252508517,-0.512594581742411,-1.6921461414547299,-0.6088414900536893,-1.6076700781404627,-0.5356236391782387,-0.9427753199304236,-0.6539211351277535,-1.0025741865608249,-0.2242572455848499,-0.8683865828119604,-0.8593200206450661,-0.9583080489080615,-0.8619438735629438,-0.8432766761276075,-0.8659081019409307,-0.8305246285973897,-0.8621847531058155,-0.774705622905982,-0.6220907752101978,-0.4350934320607424,-4.786110889486492,-3.2641207184752163,-12.216689458553445,-5.479121871672563,-2.6008374694334058,-5.109408658116908,-2.209553781845723,-3.428472808082346,-1.176714991632326,-0.4163956464676824,-0.0622665128816918,-0.5571607232450567,-51.26398015547766,0.17621892661181157,-1.4381061775732327,-0.9427753199304236,-0.6242687778210065,-3.8123167155426003,-59.688463814153536,-37.92722641003051,-12.209391143032152,-1.927416578659481,-2.0388550151580507,-287.6860622463939,2.590417516323828,0.508008184576301,-610.600551850557,-1
2019-10-04,-2.563022259672781,3.931623931623967,-0.21921812203141233,4.998018089438229,4.998018089438229,62.93680799202479,-18.91891891891892,-0.039254219597652504,-1.161826331649504,-0.6894124625979021,0.5053948617017602,-1.3001225322556573,-0.4595809315427639,-1.2000063618627614,-0.35239745202511863,-0.79828221853095,-0.5799547169102317,-0.9969242098040504,-0.21088176200157585,-0.13073671173733553,-0.3729888760750815,0.9887124990291491,-0.003521729927315392,-0.4565855754558573,-0.07210698410573352,-0.5001532818920014,-0.3501815586041331,-0.5916276003122489,-0.5452858733561184,-0.40453879105186485,14.848738370798841,10.254538573832725,35.85178207861956,16.865372290757115,8.1236096521906,15.792776045093696,6.823301928679358,10.768140038948053,3.3344721189161945,1.2345188099157813,0.5673326090306995,-7.379504455194369,-864.9177413608463,-1.345558704184159,-0.4691149382538995,-0.79828221853095,-1.0082092355291599,-183.76016260162606,366.06517054022595,7.497274309828844,0.5915742516819045,-5.979818447222263,-32.260545985836345,-116.2220620043011,-8.627447911660937,-2.593892593892594,-292.6840803357161,1
2019-10-05,5.059094840011539,-1.6548066595059203,4.672281215671912,-0.7721875214496516,-0.7721875214496516,-22.900203004907222,3.3333333333333335,-0.030208893047717275,-1.1693316206759086,-0.7971055983089145,-0.24198511721595922,-1.1081753736184374,-0.6315908262934916,-1.2588504538246807,-0.4010501376163008,-0.7700739525834747,-0.578140512536412,-0.8304823486881265,-0.21313023363201564,-0.21553573812829885,-0.40792098837062474,0.39025263442136043,-0.12175509907286335,-0.47862312469105234,-0.17168548553294713,-0.516424671705615,-0.38903085871117893,-0.5976759227496804,-0.5485595636357291,-0.40671852350829574,-1.503012596316483,-1.0145355774370366,-4.031103222148697,-1.731079647587736,-0.8061974515288508,-1.6089794949261955,-0.6840996941522595,-1.06651350345851,-0.363207377576666,-0.1281490940598246,-0.019121938418369722,-6.365908375557136,68.25513425545701,-2.29485016029085,-0.4972618922921506,-0.7700739525834747,-0.9450078314969452,-33.87527299199225,-12.308533916848985,19.730364868287804,-8.62472606055943,-6.992573990780865,-0.39382760025373054,305.7777777781797,6.1210883865966705,4.998018089438229,-115.44987448287625,0
2019-10-06,-0.9980792975716938,-1.023925731253632,-2.8440495347372763,-3.157749109397159,-3.157749109397159,12.165065675641992,3.225806451612903,-0.03403997585652616,-1.395549181593197,-0.877762213327272,-0.24257210560999212,0.889497194043352,-0.7300387362454253,-1.2691934602979718,-0.361548571070365,-0.9140072600360362,-0.6757760196935008,-1.0029033913159473,-0.2210743924072497,-0.6023229977654669,-0.647666208029194,-0.8016095103739355,-0.585699499109992,-0.6651467299412465,-0.5938641849467988,-0.6740060379409959,-0.6429349078742896,-0.6832816534767349,-0.5861197646418733,-0.4229691053201081,-6.133716857900195,-4.134484232547665,-16.408078743071155,-7.071572591492722,-3.2855747469116383,-6.569214634311791,-2.788469356050874,-4.346548811541568,-1.4810269749364195,-0.5224566065999732,-0.07791977740298095,-2.0631980228495364,-4.082084845612084,-2.252872477325152,-0.7577569412565754,-0.9140072600360362,-1.0146517345313435,-20.5504587155965,-56.955708047411136,7.7887275063862855,-14.298156932968393,-7.256719841779622,12.933551000741387,-190.14238773281062,-1.8287123076766925,-0.7721875214496516,308.93552688717705,-1
2019-10-07,-3.22535943183787,1.32418359253767,0.14042415295429866,2.939285714285717,2.939285714285717,0.04605376551369972,-15.625,-0.033933104286206855,-0.9716460158220634,-0.7442145931527158,0.23402580608891588,0.7788000863034557,-0.6215026486607349,1.0474518243715396,-0.42065372467814954,-0.9726142788548683,-0.6853976801740556,-0.9604239886338026,-0.20215300839129224,-0.14870820034267837,-0.34283686851181133,0.42520243383781137,-0.06096654411398359,-0.4204992337877793,-0.10722059491895068,-0.4638276304446397,-0.32274376532671856,-0.5651654600032444,-0.5366830953642662,-0.4036534332871134,8.582328390681662,5.940810738898959,21.7378443169107,9.777194124967533,4.736346759682197,9.138807256719462,3.9990926001315716,6.231862832764065,1.9856219555227885,0.7392721208654456,0.3392140691274867,-6.8427264621231565,33.903956104193675,-3.086213835205681,0.25328847357819634,-0.9726142788548683,-1.7642961513433622,-132.10161662817546,119.27536231884075,-7.643775782577037,9.843410191290577,-5.184297695919712,-30.96491764809464,-90.27946537056386,0.4364159037816128,-3.157749109397159,-193.0816734470348,1
2019-10-08,3.0106680031502884,0.2790729333287913,1.2908097224219697,0.2775561183776732,0.2775561183776732,-29.71078362888883,44.44444444444444,-0.023811484512883185,0.9908690120123027,-0.9154820153922639,0.8077125328658791,0.8997700717939104,-0.5888521012735469,0.7394515802203241,-0.428213016433548,-1.1031342434680256,-0.7993679248350957,-0.7820488398044301,-0.21686263022415875,-0.092423147354388,-0.2883777359714029,0.3755702369334825,-0.009060874975591911,-0.3715207933642411,-0.05260649533807265,-0.4192282994978929,-0.2673309368298596,-0.5367195598512666,-0.5248660104964485,-0.3996086275388191,0.772649668472848,0.5474990152442621,1.738346099948113,0.8713834863126056,0.44153446192497686,0.8188791876927349,0.3755115219299573,0.5727768461706239,0.19019356096620768,0.07167279693193833,0.033000687544640715,-7.317374750052536,20.102377352541957,-3.8246531612770474,1.1761471894737174,-1.1031342434680256,-2.6053139801086576,-160.28776978417275,5.287508261731444,-0.26274303730957693,19.925927180103898,4.608232234832807,-262.82095539977786,-62.49999999976799,13.830036170978227,2.939285714285717,-90.5570214889734,0
2019-10-09,0.4378801042571716,0.6176819955880147,2.030456852791889,0.10379545375912114,0.10379545375912114,42.62849734828796,-5.128205128205128,-0.03387928471754894,0.6930645572592862,-1.0473139477575295,-0.14258191504896348,-0.17003639069421356,-0.5904520715540884,0.837571205718589,-0.551575361174886,-0.946808402352025,-0.7522060501867123,-0.7535935561179967,-0.24435405373463373,-0.06641798382214963,-0.2537567287027921,0.2843007184916076,0.00829298377806036,-0.3379533712053709,-0.030333920515760223,-0.3875446683846599,-0.23288561896337578,-0.5149221021662692,-0.515668625026783,-0.3965992521214766,0.3055644432189772,0.21278358391747706,0.749774452616821,0.3476162686166284,0.17047442884131603,0.32515060382436534,0.14445666625286885,0.2229929945697545,0.07247746790172879,0.027109257239193968,0.01243185156484749,-7.496307674801573,11.703626848404094,-4.442174045582406,1.068426107597326,-0.946808402352025,-2.3265330216327893,22.67303102625254,-3.5561799521790385,22.29583912965718,-4.0355603519886,7.733212828571467,-22.18413125671246,-2553.3333333083006,-8.238587324575382,0.2775561183776732,-62.60379545376177,0
2019-10-10,0.134943427563051,-1.9394879751745506,-2.7345788539818456,-2.5438081083883115,-2.5438081083883115,-14.206759572525012,10.81081081081081,-0.029207147686554014,0.5922590092574603,-1.0215285897019568,-0.4987044827682344,-0.08356164782403112,-0.7428603987160933,-0.3541773353316523,-0.6182191352717847,-0.9793225581590557,-0.704998541192491,-0.7754075032145894,-0.23989597452005895,-0.3953096777575397,-0.4566469057745941,-0.663747250329228,-0.3845170231377474,-0.4944240559098414,-0.3887479474040983,-0.5188106690965755,-0.4480928556610651,-0.5843968174637469,-0.5455252853574525,-0.40949986383700365,-5.750887583377726,-3.7010171508305247,-18.50992556662136,-6.781679839225944,-2.889848512610897,-6.224317216782073,-2.428792795185055,-3.908847773575033,-1.2566247498318168,-0.43402486047102956,-0.0639872344037361,-2.9510012138307244,-9.664708585267999,-4.1993953181193335,0.9285064064199563,-0.9793225581590557,-2.330913147262944,-306.6147859922171,-63.44827586206841,-20.49473985731101,-15.016366278403225,-0.6553576599571554,-16.790751606120327,-53.396739130455614,0.1184148074782825,0.10379545375912114,-2550.7895252251774,-1
2019-10-11,-2.7159640635798032,-1.9228123280132337,-2.3214221840683917,-1.2164414654041313,-1.2164414654041313,50.48133890648305,-4.878048780487805,-0.04409591734371764,-0.4147826130307556,-0.9902462136683683,-0.10220081760654272,-0.16464047183335245,-0.7364290652849041,-0.16951159136405722,-0.6492672757106434,-1.0050937897276306,-0.7676618591806668,-0.85304794521418,-0.30818443678908547,-0.5019695394422328,-0.5225505068766569,-0.8455166521051388,-0.5097881967585404,-0.5445850070321132,-0.5042211366379481,-0.5604155752579223,-0.5181398741906392,-0.6056132212699363,-0.5552035341579505,-0.41424413653491227,-2.7913813909691014,-1.7748573670937307,-9.380458855187946,-3.310510445269014,-1.3792722615731636,-3.0292388064182325,-1.156104426309429,-1.8768342226666492,-0.5937937012336123,-0.20387593223666173,-0.02996025959961947,-1.3429107742589597,-14.947176757674951,-3.7282690323582646,1.203350828301411,-1.0050937897276306,-2.6218664367301843,-53.67231638418074,3.173021852589533,-27.46256031919999,-1.8768359426466281,-7.198283221698802,-198.89399698972954,0.8746355685147317,-14.773400852029422,-2.5438081083883115,-52.18029766502998,-1
2019-10-12,-1.0300490161256022,-0.9013432469399932,0.23070162589717502,-1.2421914267250878,-1.2421914267250878,-48.63306063070291,-2.564102564102564,-0.022672982753187545,-0.24429926660156967,-1.0159915116772218,-0.9214490925653306,-0.5110812096658922,-0.776718991961648,-0.24553535331755397,-0.6681860845127693,-1.0652684399591903,-0.8360497085806644,-0.7851397735441958,-0.31628101299002076,-0.5974292815091267,-0.5845358260059503,-0.9754865427726921,-0.619290139513713,-0.5927226470394596,-0.6064398700680554,-0.6008066941233964,-0.5836851814775392,-0.6268504863736069,-0.5650477290620941,-0.41907269695457317,-2.9285713044810957,-1.841104691027568,-10.19712089344433,-3.49144232719876,-1.424270234156835,-3.1859472045273485,-1.1907405030247054,-1.9491644884470711,-0.6072568380463699,-0.20728513094246478,-0.03036419155827329,0.021949218948482844,-20.09579560449639,-3.0944117012200625,1.866029371964081,-1.0652684399591903,-3.2955301589795947,99.59349593496106,-63.36996336996391,-49.457507962894645,-22.491899653075293,-13.178357623182283,-36.02523531321052,-92.48554913302837,-4.027907877224708,-1.2164414654041313,2.1168269952379104,-1
2019-10-13,-1.5396210163651982,-0.3397508493771194,-0.9754850023747631,-0.09451795841209194,-0.09451795841209194,22.78700833229052,0.0,-0.02785583042897517,-0.23511168432305854,-1.0207517854403947,-1.0049860320379305,-0.2534794752035888,-0.9318729026384367,-0.480121043459457,-0.6772014007109478,-0.9163845459667386,-0.8347726144502341,-0.8373240361070422,-0.33996041307681063,-0.5329940228307599,-0.542607993924141,-0.6876159389716487,-0.5413229772301791,-0.558569132432309,-0.535985403000252,-0.5710056748195527,-0.5396962667166199,-0.6092009940756697,-0.5583511869857911,-0.4171955502576645,-0.23523041731053385,-0.14472718745638719,-0.9111312320653333,-0.2834207219119737,-0.11101908556039697,-0.2571593030554965,-0.09237478714539284,-0.15355630018368632,-0.04652300309420462,-0.01572962811131898,-0.0022930581847346865,-0.9550222525905008,-14.782461230965808,-2.7211861951969163,1.9637470662498762,-0.9163845459667386,-3.2246781597562384,-72.60692464358469,73.83837986629939,-14.235429471872404,-27.307563755330094,-16.308808317151644,-3.4996577909593345,-284.6153846186611,4.345980145694663,-1.2421914267250878,-92.39103117453583,0
2019-10-14,0.1530891197375502,-0.9623579545454684,-0.4353600944510037,0.17465977730879448,0.17465977730879448,0.3507398900284303,-2.631578947368421,-0.027966267737078537,-0.4348624360847634,-0.8658832565025466,-1.0023290039578903,-0.282359584931422,-1.0390819264066078,-0.2215356547518839,-0.7253343042940165,0.44790378178374773,-0.7723599304592155,-0.8383225730796109,-0.31326869058764173,-0.4419265510880957,-0.48095927428661034,-0.40417083173891427,-0.4344691390091381,-0.508069394269453,-0.4377470742876747,-0.5269041963974844,-0.4751694619058806,-0.5830774990019707,-0.5478703740624139,-0.41376130911000797,0.7422701511169518,0.44879844355082643,3.9142631570684943,0.906295243506188,0.340596954117983,0.8160428433785661,0.2800263596547875,0.4770169417794632,0.12999384613672635,0.04580755396058406,0.020394693157475215,-2.20705261562392,-5.9857986674779,-2.6298649912802587,2.2635604598094368,0.44790378178374773,-1.085277858794543,497.76951672862754,75.44425674818896,5.849891792039102,-27.28529614233222,-25.242908079800692,106.1664044013187,-2745.833333316311,-4.498600467085229,-0.09451795841209194,-284.79004439267914,0
2019-10-15,-0.02183644502674623,-0.4517910287209927,-3.768620766323293,-4.613149291681802,-4.613149291681802,2.3127518000258687,5.405405405405405,-0.02877359591923221,-0.526943324542525,0.21118337444867114,-1.3978393747609617,-0.43978149555206286,-1.0904171697769502,-0.6067663976578259,-0.8237801523440095,0.012775675114579945,-0.823031915468873,-0.8760253912024232,-0.33542623170041697,-0.9820427593024029,-0.8384581852796915,-1.795776653294145,-1.0619139871995347,-0.792739051504469,-1.0184976228327163,-0.7702846974132165,-0.8513880383216066,-0.7184101826981262,-0.6064192598756134,-0.4382722382103126,-11.605397016163293,-7.18138802699328,-38.582314964453786,-13.908813076459472,-5.513834181595367,-12.65915164570885,-4.588802807842873,-7.6169012054224385,-2.3076955290627184,-0.7774537888290167,-0.1129973025148912,5.533503885581129,-56.54853381542912,-1.1735784255446182,0.07303685517573738,0.012775675114579945,-0.0398330145164902,64.9875621890548,-56.13771157047665,5.835129519806836,-11.718466932723318,-23.647059917995477,14.589931498659531,-73.54330708663137,-12.735975864114144,0.17465977730879448,-2741.2201840418325,-1
2019-10-16,-4.593935422809518,-4.776140906962494,-3.0151334283183755,-1.2795125666412774,-1.2795125666412774,-6.6996199926208515,2.564102564102564,-0.02699835316931854,-0.6516295818498503,-0.04475858339084549,-1.4125327517309412,-0.9521806239834353,-1.0673109800401863,-0.5001478269439124,-0.8600501733517597,0.015790136664469365,-0.8059353378654814,-0.9455131604063711,-0.3386016909219576,-1.0191485139536116,-0.8751637423161398,-1.6299822776571167,-1.0934144902256642,-0.8251947945245184,-1.0534833699530721,-0.7994401842329248,-0.8888356261839534,-0.7365132352661391,-0.6157224893336695,-0.4429764833261504,-3.1849431639443955,-1.9515869468278573,-10.912446267637272,-3.833636462864848,-1.492278723161156,-3.481260200599413,-1.238970594295286,-2.0720949018487524,-0.61889653527367,-0.20731476009336622,-0.030035801868980815,5.084636178671114,-101.5671983812815,0.018610713405572042,0.10415480895049313,0.015790136664469365,-0.06144032484397875,-21.748963437617828,110.15615030726211,17.515213099891337,0.8255993544526974,-14.890298673266441,19.776086773268865,-170.83333333348298,7.613273263151153,-4.613149291681802,-72.26379451997332,-1
2019-10-17,-1.0912282040520227,0.9229488973786649,2.215516556817277,0.9180681993519464,0.9180681993519464,-3.4161856934019386,0.0,-0.02599978268770616,-0.40616948182078194,0.05546443406769763,-0.9992279368096167,-0.8228470928163124,-1.0129429347128742,-0.8187858528331445,-0.9683872457201289,-0.5953183427586183,-0.5803268299307333,-0.9078071738125089,-0.33636629637558396,-0.7781398311156784,-0.7265356331567916,-0.8087794289577024,-0.8027715258145598,-0.709494767263651,-0.7898255220985843,-0.7015813208518599,-0.7314107036981934,-0.6834228825906576,-0.5946646327391486,-0.4354294263494004,4.764730841085642,2.64482892732964,35.975415655004475,6.063256775044567,1.9411695594076346,5.339973215437997,1.566359135150728,2.8356006286005138,0.6928337492845096,0.23495980976574798,0.10263151761772847,1.224894278677927,1297.5573227939808,0.2600469914234754,-1.0049697416308354,-0.5953183427586183,-0.23669098352171225,28.179190751445223,36.51829860598503,10.947904638662106,28.559134168546247,5.204255563009004,-33.51306711463201,-423.949579831411,5.231525683550408,-1.2795125666412774,-171.7514015326854,0
2019-10-18,1.1264128380202796,-0.5996776732506294,-1.8645121193287806,-2.9470223988991697,-2.9470223988991697,-5.861098583177283,0.0,-0.024552856631037002,-0.9616889999922832,-0.6996172193648287,-1.5679599274134703,-0.7868482640480752,-1.1202793197037808,-0.9770062331998628,-1.158384073166414,-0.5519508330120979,-0.4702757129587964,-0.7689735513073281,-0.3658754274677825,-1.0525827842688849,-0.9136247076151327,-1.509903967360838,-1.117973189271863,-0.8604333144235653,-1.0832761610449375,-0.8316071287839153,-0.9276514460398072,-0.7572259208602239,-0.6274523117031232,-0.4495456525307618,-7.571412177804432,-4.620819581539491,-24.81042584698572,-9.114887275281497,-3.523906488872601,-8.277763970665278,-2.9205431928383727,-4.909083533780509,-1.4496199860589833,-0.4822198668314141,-0.06954909005838038,4.373486507514598,320.7347328787505,1.091270199402955,-1.7759589888292273,-0.5519508330120979,0.5113492179988849,31.980458474257706,-76.89005234014418,-5.643874508443574,-6.664472198564105,6.34959623405135,159.29423843084837,-121.53047989628449,-13.043978521603151,0.9180681993519464,-421.00255743303785,-1
2019-10-19,-3.1470532138088854,-1.8928396365144564,-0.0910386320455934,0.6537749596313633,0.6537749596313633,-1.5968773354027461,2.5,-0.024174068869385956,-0.8697004250026128,-0.4996867355108596,-1.503043415329096,-0.9928047494125274,-0.9812467930857546,-0.6843769872285367,-1.0406706208355008,-0.5135631268134913,-0.539614656187628,-0.6537796132032926,-0.42893663863381065,-0.8408000577464412,-0.7842721827747208,-0.8107912009263222,-0.8623463810850794,-0.7604380988598056,-0.8514315441786217,-0.7474285344510605,-0.7904366573532686,-0.7122363446759346,-0.6100111296793715,-0.44350009026497916,3.635145139717567,1.974176897473422,24.840206651693244,4.6598894406168645,1.4342007387921423,4.08924321597643,1.1503105192320162,2.121931137104876,0.5001682247360782,0.16686777800230315,0.07221098943136695,1.2016533045964968,3.224673914046463,1.1143000801483036,-1.3558194394821974,-0.5135631268134913,0.20145737142127693,-3.872437357631002,89.82424259632525,-14.963302308498406,-11.457658164000604,1.7911747257805213,-9.57240708226613,303.01204819223796,4.4470685764885705,-2.9470223988991697,-122.18425485587017,0
2019-10-20,0.6301693580149682,2.133056612475498,0.7448199358187103,2.6176781312360586,2.6176781312360586,14.617181216184836,-9.75609756097561,-0.02760094209086087,-0.4637617508966764,-0.37626106650195834,-0.02629665723082603,-0.8219194905757424,0.1684120788653351,-0.7325315070347467,-0.9027423926137084,-0.5470572002142938,-0.48537724660276027,-0.6835625254633989,-0.47736831643325434,-0.4050850269281704,-0.4994507471041543,0.31334860878614007,-0.35257183769037803,-0.53417516024948,-0.3813793692782196,-0.5540311387136888,-0.4904218581989147,-0.604601711434256,-0.5655143190753723,-0.4265417232765339,13.858680113792857,7.751766724331105,70.02927296385576,17.44851823533809,5.685182746343755,15.465470011461438,4.582177694608102,8.310155065553415,2.0130676039575306,0.6745043874805916,0.2920410789174965,-3.9593644090451003,-95.02396324705661,0.05483693353191888,-0.5011021755319758,-0.5470572002142938,-0.5854636932424604,-41.61729857819878,383.206375249033,67.05924489822775,64.38739313467275,12.990990726318048,-44.946664618709434,-95.9641255604964,10.786089820542841,0.6537749596313633,300.39437006153145,1
2019-10-21,2.6575342465753526,0.6735907277790268,2.54433914035156,0.10295126973232382,0.10295126973232382,-14.39687744836324,0.0,-0.02356954719362648,-0.6749835850295749,-0.5176983606218689,0.25452576203004,-0.8296597156867276,0.009039189754839827,-0.752997070415195,-0.8781480696025847,-0.3795875136927001,-0.4561175077020901,-0.6346381969157677,-0.4524165530586245,-0.33913769022255846,-0.44743583992290226,0.24277801726674017,-0.28385513005738355,-0.49014880314519804,-0.3137785997387856,-0.5150692027396103,-0.43655599327365907,-0.5809896542337445,-0.5560038623509571,-0.4235187505786329,0.4885493219279273,0.29096326668871914,1.5279815643761359,0.5932682201066272,0.21802232539399174,0.5364007330089849,0.1777447455137675,0.3101227058859007,0.08014592644069578,0.02718950509673186,0.011803365581018467,-4.527139602101408,-1675.6550603356832,-0.8635673642676549,-0.5709582160993458,-0.3795875136927001,-0.21951547408125532,-18.772196854388678,-3.7863756613756303,64.82759676397755,28.902504573457964,26.2263145545997,67.54372703812462,1888.8888888685403,-6.849648938507308,2.6176781312360586,-96.06707683027066,0
2019-10-22,-0.12581493766443724,2.560460509101789,-1.7909188525847604,2.045480516512396,2.045480516512396,113.98686189555258,5.405405405405405,-0.050308715219346045,-0.5587286477338766,-0.2693714608208345,0.4846090331741341,-0.43921534350573993,0.13279455361562395,-0.6135531397715688,-0.8145707158540593,-0.30948761594410806,-0.43452767087595967,-0.42033429625239943,-0.48503876649154043,-0.02822130043535374,-0.23099283792099484,0.8465894942017801,0.06889355669865346,-0.31388882970880283,0.016893143816016257,-0.36227404890284365,-0.21001807806302666,-0.4927376087178909,-0.5187465215664085,-0.40934825382911044,9.713491616225243,5.820648643943577,28.24493303737735,11.742892735468883,4.3676303470582045,10.644113967744676,3.562668266327255,6.20113144908507,1.6064643277348758,0.544042730321071,0.23577951015370668,-8.137537543367102,160.32575739061667,-2.267671149584737,-0.21446786638967588,-0.30948761594410806,-0.388686954536404,-55.15302935665225,5.339836392061641,37.18439025228658,19.701242865863858,32.259192609498506,-24.560665079734214,-556.610800744581,20.649912096039248,0.10295126973232382,1886.8434083724987,1
2019-10-23,2.2713391357459356,-1.9862963772869755,-6.021320629466198,-9.152668906308323,-9.152668906308323,-31.522125629108626,-15.384615384615385,-0.034820896959726295,-1.2218567436121663,-0.720726976053892,-0.8086501762442901,-1.1024120751120012,-0.7193335471892768,-1.111674454245366,-1.0041912602943976,-0.6232708479806882,-0.5675977623857209,-0.5171248105878506,-0.5012652374407365,-1.2425819851570257,-1.0232759832647735,-2.542457990459767,-1.3551803279018761,-0.9428435551112231,-1.2943718053468172,-0.8994971984587766,-1.0446708476322695,-0.7911423717442779,-0.645585080225773,-0.46076631780612215,-22.58096735202154,-14.481873394664493,-52.90962718026078,-26.404706155308872,-11.221492755907073,-24.366295923998557,-9.374474773883861,-15.317220234362386,-4.718949916489819,-1.572352896688465,-0.2259697442240494,8.237744046602206,-84.41603600533104,-0.36159279086621665,-2.0537311979140305,-0.6232708479806882,0.5711088440047151,337.88300835654616,-88.59778626759704,-29.722494629072592,0.19870162038987585,14.24959155238421,51.3369988018459,-105.58727569332405,-19.761998141618754,2.045480516512396,-547.4581318385688,-1
2019-10-24,-9.111268709641305,-4.8785929424013705,0.5443137906677159,0.5629057441038776,0.5629057441038776,-26.705182738069,-39.39393939393939,-0.025578001291853236,-1.0019597708575685,-0.5727943657736049,-0.8376947136973244,-0.961571994255291,-0.560753415364547,-0.9843419998542994,-0.06597775502776165,-0.85688244006602,-0.5363329565714298,-0.42889888394927994,-0.5082005392149513,-1.02153830423174,-0.893985664297511,-1.5613449265177994,-1.082386844474744,-0.844576929663115,-1.0499224343501468,-0.8175659255129709,-0.9069231894650082,-0.7484168744985931,-0.6293516044128327,-0.45527194599671783,2.79482297122777,1.615449671738959,10.060907172909122,3.4367624624221604,1.1951736373308695,3.0869962385435357,0.967334722876466,1.7274081058485262,0.42736628840380114,0.1416244275333847,0.060603562962437206,3.980940850750412,-236.20823057678905,0.4943065190698555,-1.358601477480902,-0.85688244006602,-0.4488996679579772,-2.830788804071208,50.55350553505596,-37.68878088795077,-0.9995543884455584,5.517670561325231,-12.411937682679977,1699.2700729891055,-4.911125248749796,-9.152668906308323,-106.15018143741544,0
2019-10-25,0.5133470225872695,7.443024119463676,0.32647326225308987,10.071501532175683,10.071501532175683,25.913220377956243,20.0,-0.03184127248706563,-0.2485384092454039,-0.38652474162809547,0.5574553801470974,-0.173502183182461,-0.20803970055787951,-0.16710993951089215,0.09160152847869732,-0.3656961107949845,-0.38820158190628284,-0.4223306968977186,-0.47509764996489684,0.3583096988145916,0.01295484266828196,2.1932640992554155,0.530323527168099,-0.12207108773870613,0.43770502722554494,-0.1990136770974041,0.04773319018708856,-0.4024955100451548,-0.4838840107666582,-0.3981935156727808,41.13721561543146,25.650414086648215,109.56415009418352,48.78585877036042,19.560737653931866,44.677346567077684,16.10501771574141,27.21570228544466,7.4235246532804275,2.5270580928917266,1.0925646753803426,-12.715506412281599,-547.1941111536607,-2.1996366967412326,0.2001122397735357,-0.3656961107949845,-0.8215899814457112,-122.25859247135831,594.483859957086,14.947736861791173,6.379117090961843,1.8454043113715795,-80.93543653206484,-65.76064908721335,31.891652324427504,0.5629057441038776,1689.1985714605262,1
2019-10-26,10.079673135852913,8.55375659450609,10.977468385714877,3.1328878990348836,3.1328878990348836,15.892274907982282,120.83333333333333,-0.03634708002736163,0.07523798100513748,-0.19930833476033738,1.1887015124693507,0.08145045952169691,-0.2079095854071376,0.08899943417576561,0.23719147765787502,-0.040182607628018244,-0.24472959037043024,-0.48839734780369554,-0.429334913148412,0.7368387353857231,0.29695251148741253,2.5199161224300792,0.9423350629814787,0.11535344822861482,0.8327987575726068,0.009732207928761744,0.3428892035561406,-0.2775800035941566,-0.42950260306878424,-0.3770346612582314,7.91196464563988,6.025406076212217,10.511346315365966,8.562862516553961,4.99825062786113,8.231985399469535,4.32204567389678,6.2593837082595805,2.2631339197014597,0.8342727885636879,0.3707510570837123,-18.270749468424274,127.85440652203923,-5.124693786115732,0.02523799249064007,-0.040182607628018244,-0.09343755877377956,173.52941176470628,-23.34712393020608,54.11979857488208,-1.0348880164314016,1.3886538842557226,-128.6910208208375,60.189573459696035,-4.749815471190732,10.071501532175683,-68.89353698625592,1
2019-10-27,3.3664909806250516,0.6133529963802089,2.1045208225076015,4.866109991361957,4.866109991361957,15.403857931418363,-5.660377358490567,-0.04169953896892574,0.4505437032840171,0.20094458104119076,1.8000874722812916,0.921499519384792,0.11158696438257458,0.47286753231457945,-0.0463790357045755,0.05825098170586447,-0.2462112481662775,-0.44997768858260473,-0.4417240867475798,1.3135846192089449,0.7246286969199075,3.3404266850210798,1.5769873006498312,0.47232971736621554,1.4375391718725716,0.3234890009543507,0.7876567116962027,-0.08962279370154833,-0.34702955740095187,-0.3445099107973663,10.45331471213487,8.429509136117765,12.104364488544455,11.05544948363181,7.1850605227644335,10.756716945570847,6.317841798864582,8.699899097912715,3.466382141581676,1.3196722508578593,0.5934494046011303,-29.860808286535235,66.67613824258889,-9.003018846863702,-0.14318571256999948,0.05825098170586447,0.22242318619591436,59.89247311828021,32.18048666979112,45.495956681571265,6.130230259697926,3.7643937999923875,429.0279144373655,-67.23372781063661,4.338179450858264,3.1328878990348836,55.323463468353054,1
2019-10-28,4.624941649610389,5.353276258369702,5.543640263186589,1.5204557935200402,1.5204557935200402,-8.56113541189593,4.0,-0.03776342642065752,0.5556369079578921,0.1334590249017524,3.9503139297370886,1.1604058721934474,0.15364905934043158,0.9726406358062737,0.13300682889856458,0.12573399077080463,-0.22582030602286032,-0.5013728405544722,-0.3571019733408658,1.34349201147298,0.8021814369033061,2.694549966138001,1.567547515235696,0.5545310356490326,1.450391603710495,0.40432323106640855,0.862628521103805,-0.027870109877976418,-0.3164241658549902,-0.3323360897820204,2.8596791567298845,2.414117590762665,3.036222396623857,2.973740962183137,2.10743812944297,2.918653698016361,1.8819653700073165,2.4778419030066434,1.0816932857521167,0.4260404690965871,0.19394395910475248,-39.73022558874372,28.529559855522464,-12.71640042443847,-0.3455933874945839,0.12573399077080463,0.5084675283344569,40.82044384667111,-14.938756309934242,-4.970203521717622,25.37621188048388,10.42280602939235,19.701676019545094,-180.5869074490905,-6.376008683842811,4.866109991361957,-68.75418360417078,1
2019-10-29,1.2321103751244062,-3.0101814962372777,-0.6957360336157516,-1.206937354203995,-1.206937354203995,-14.669255939068679,3.8461538461538463,-0.03233264122006423,0.7987810633334982,0.056239003423696685,3.4420000870108143,0.9603585338526279,0.20722775471334115,0.9571766481403775,0.09740878086178514,0.053685639927278275,-0.3296551357750066,-0.47304359795308704,-0.36173961083585343,0.974132266595943,0.6049992549483063,1.3258081008881226,1.1044712608557394,0.4150574311783477,1.0382097559742585,0.2943010795014066,0.6495127411670668,-0.07379223223743572,-0.33128732206674855,-0.33815130032550667,-3.0305889584937193,-2.0159623896133074,-7.213117860596177,-3.497289133973335,-1.5904005545962763,-3.2489907727087983,-1.3431212130150476,-2.123091398634942,-0.6941862071398465,-0.23433466099546738,-0.033722896238533424,-45.786820141608054,6.225413845007449,-15.476044804217947,-0.12626061362034174,0.053685639927278275,0.19856633382045163,-12.488061127029585,-7.114707815297537,1.286940834966043,17.34305479510653,16.550814970662778,56.78564623822108,124.64985994408289,-6.065009735084695,1.5204557935200402,-179.37997009500577,-1
2019-10-30,-1.067941415785189,-4.710830018908516,-3.281076581576023,-2.7445075627951683,-2.7445075627951683,-4.290026760258707,-1.8518518518518516,-0.031183167230056683,0.667777846148882,-0.0903899453959892,1.0374243836787995,0.9415868022419047,-0.10093938294825518,0.6491247739705992,-0.10167675759000817,0.04140302409169982,-0.37543709310279083,-0.4851458304340599,-0.36202494889301984,0.44722195557620203,0.28218715466325156,-0.06646943346978029,0.47674288714200663,0.16892316901830168,0.4645052831416442,0.08990719579854087,0.3064563131158353,-0.1766312735341894,-0.3712114322916341,-0.35401165072223173,-6.798590637130711,-4.5296085028975,-16.27953697056624,-7.843764115078422,-3.577514550566343,-7.287485029679195,-3.023623772129287,-4.7691585823377505,-1.565771720931284,-0.5288847492497498,-0.07607930668705108,-38.30279219131849,-8.803333284506307,-16.697795279636203,-0.0442442649682661,0.04140302409169982,0.11013694713691918,-40.136425648021905,-53.105760288882365,-23.837997471276207,-14.060934811119473,7.096386557095435,-19.220055576677055,-166.5835411471923,6.475361743367899,-1.206937354203995,127.39436750677238,-1
2019-10-31,-2.5941537301668802,3.7839132368538073,1.6997776662124566,1.8789584799437133,1.8789584799437133,-5.550130931656934,-5.660377358490567,-0.02928260427575985,0.742014441642099,0.13350310743031107,0.8117052053198095,1.046132052229608,0.005769772023631203,1.0176772509289782,0.0737573165923675,0.20414564121217968,-0.33384389659687874,-0.4100037320444249,-0.3667226161780194,0.6436447530321943,0.4314329154377123,0.5811438876610765,0.6980980311543572,0.2982626128602595,0.6721755957948875,0.20683322022304454,0.4605651800545888,-0.09951451269612592,-0.33487160260534116,-0.33964716492332975,4.281490580762018,3.3010598752832805,8.301806605604337,4.681357784767988,2.7964213754255876,4.470718804611263,2.4595540152915154,3.4165469176929175,1.367180572699733,0.5262121769120396,0.23668522435545017,-81.08337323795044,-3.9647154989425033,-19.250120997437055,-0.22853664591793876,0.20414564121217968,0.5508476672433655,23.108477666363008,11.231919665087476,-21.802182423478715,-9.14118618741927,-2.632031176998228,8.993773908104101,-52.059925093603354,-0.19068174560570444,-2.7445075627951683,-168.46249962707606,1
2019-11-01,1.952575288488601,-1.8724245920553784,0.34203102961915693,0.8841610830973482,0.8841610830973482,12.579636315728388,-2.0,-0.032968827332772156,1.007478928415976,0.23882279383920327,0.05092525686286336,0.9094316966204136,0.1702688136485148,1.032872079938013,0.08727981545167826,0.31522546399448054,-0.3027529249827841,-0.43538554122297063,-0.3471916049725051,0.6770466780417963,0.47435804677573706,0.6833168136686653,0.7278145680122107,0.34327575824701145,0.7036724374671973,0.25183964281845744,0.5026646865765947,-0.06188044775492467,-0.31474714469846704,-0.3315992639766989,1.9646394734787704,1.5321859786708047,3.65986276674056,2.138692132750782,1.3059107134108485,2.0471553818482304,1.1532897935649367,1.583594207114814,0.6492391562948248,0.2521245331024151,0.11367938681863941,-416.29858637731036,-3.7832931667004672,-22.93728822128832,-0.2706092595124317,0.31522546399448054,0.7810077610780298,-10.403554239170413,0.8624243657831657,-23.806807744617746,-17.068777256365724,-13.349113868021437,43.16384956410182,-92.18749999989556,-8.966738379222381,1.8789584799437133,-52.94408617672934,0
2019-11-02,0.7798750819559008,-0.38633385964324246,1.9292265523421332,0.06846970215679282,0.06846970215679282,-21.387015418712625,4.081632653061225,-0.025877774232756414,0.9592983775764924,0.3025612282369374,-0.24005227499396767,0.8991214161237755,0.057174886317488266,0.840686542018919,0.17913094241769395,0.32272775107867757,-0.30332714115207726,-0.4379026225102446,-0.35571783260866446,0.5923561256302982,0.43571703906165754,0.47558588318194267,0.6223457060967513,0.3220492768842471,0.6091247490191704,0.23957840452123288,0.4593479762471808,-0.05684622322589059,-0.308344704872446,-0.32893627353442817,0.1572336891723284,0.12148800309670295,0.30864482600048554,0.17202974007918492,0.10324116742606226,0.16421691847469155,0.09104920375608658,0.12567053665698097,0.051118546968827824,0.019807496899107213,0.008913116378019552,103.93762738582926,-6.690023435913208,-27.773196361399847,-0.2088966152174557,0.32272775107867757,0.7409982322408966,102.14876033057807,36.17272124382872,16.317269800146352,-10.023627119095895,-12.096696035317862,-2.534156588377633,-1739.9999999747565,2.2863031783670813,0.8841610830973482,-92.2559697021573,0
2019-11-03,-0.3115904810820211,-1.0353433157965677,-1.7479142246431791,-1.122134793020899,-1.122134793020899,0.6725664971452759,9.803921568627452,-0.02611772010770491,0.6922653062808648,0.24874619654801497,-0.22063487685818015,0.6321876926945271,-0.00014039856344009186,0.7351573969489311,-0.0285323261583341,0.25249318618058303,-0.35742798643129586,-0.47135600194379523,-0.3635886305340978,0.35500739424624156,0.28795016480946056,-0.06202938720925467,0.34483447062580896,0.21078003654341082,0.3528176568904629,0.14868133914981974,0.30218797185453067,-0.09804008640781474,-0.3219921626511211,-0.33423711485455726,-3.294670387249209,-2.083305907868767,-10.226803325138683,-3.9010593834435383,-1.6127348892835471,-3.5742198202113844,-1.3478472359508513,-2.204980230129603,-0.6774490996975107,-0.22337243765177092,-0.03170711216143109,23.032750812095376,-13.553565370155152,-33.24103632954464,-0.071974905984163,0.25249318618058303,0.5053705222622444,-9.505314799673137,-13.940578272959497,5.381316946692108,-11.860235753884526,-13.29119028045366,-24.790045577897647,-285.67073170756964,-8.569614420721406,0.06846970215679282,-1738.8778652070826,-1
2019-11-04,-0.36065123308374303,1.117737263588352,0.508789782097615,2.1071206144903774,2.1071206144903774,-6.47034711342358,-12.5,-0.02435204004463973,0.8370307759105562,0.3461574081354695,0.7538903783963372,1.5387132276391216,0.08115048360352482,0.749628078682016,0.07231864708501344,0.5967842306513188,-0.28602302221264625,-0.40655161897245495,-0.3626495362865802,0.5939942009312639,0.458077718335887,0.660123049634909,0.6210797968226517,0.35494294970605594,0.6087189906191874,0.27775218961166015,0.4790062844456459,-0.01364239406261575,-0.2815823558930642,-0.31805082118151656,5.349566910197057,3.9751966257342377,13.038508057253248,5.973000059681961,3.330808294301894,5.639495490192589,2.915225378071941,4.127579262676074,1.6061022159240066,0.6134246026564417,0.2739521983771094,37.30807513245417,-5.138923669021083,-47.23381417577763,0.218939504652037,0.5967842306513188,0.8895695607128208,-41.92455387395507,40.476377952756756,18.288177922207087,13.937277249724541,-3.5806731570932366,15.385925661048475,-83.57963875201355,16.422901139771202,-1.122134793020899,-287.7778523218055,1
2019-11-05,1.992485090833899,0.8829575708556778,1.553553972908815,0.33885669750261227,0.33885669750261227,7.066489281612038,10.204081632653061,-0.026009569349863402,0.7187425953716164,0.5835295264896037,0.45059565041459715,1.504556732862072,0.19836287499912642,1.44188831859908,0.19468419106362236,0.6728053079905215,-0.2746477351841084,-0.4226200549843927,-0.36621111463783623,0.5586701877557864,0.44674523038490016,0.5516297019450528,0.5761868488439942,0.3536986948456003,0.5687677223896742,0.28185274565161533,0.46505421071766373,0.00013488996048217298,-0.271013721537455,-0.3135895385724101,0.8294433892447642,0.6278610484736779,1.785747995987512,0.9178046887351321,0.5303547268147026,0.8707826027686515,0.46652406684259684,0.6506501391356696,0.26084310610317485,0.10062215261710178,0.04505429259592972,22.992114643361518,-6.743332321729123,-83.47899403685219,0.5242055300786008,0.6728053079905215,0.7871872964133051,-28.938156359393236,33.97481039608956,20.18760678592437,19.67315688024362,6.993471513820994,-9.876501771133276,24.999999999932317,8.69561414458327,2.1071206144903774,-83.91849544955662,0
2019-11-06,-0.3582654544225569,0.82178052446966,1.1206985458420586,0.42214042078957176,0.42214042078957176,19.16653649868384,-1.8518518518518516,-0.03092597500532158,1.3655037034038882,0.6599551604442043,0.35913261961984305,0.806928735725042,0.26349354356814547,1.4181586849751897,0.11011874249942866,0.6478264100737243,-0.34528591434728484,-0.4343674084497819,-0.35586210014832015,0.5398088404459205,0.4444089459386384,0.5079930197905858,0.5517406588463062,0.3589918081416965,0.5471101773799663,0.2912724184602074,0.4607874534527994,0.016684673382702846,-0.25913424476195657,-0.30856024330016885,1.0745220215688651,0.8046195640834028,2.4112058979851096,1.1951420246800561,0.6768109152741244,1.1307957251464993,0.5939733174605896,0.8347406665520559,0.3301163538581018,0.12670944388556618,0.05656151329287972,16.396941149146997,-7.531458165753373,-467.2343118570443,0.5093295789717313,0.6478264100737243,0.7541536749463175,-67.15927750410519,-5.808365464073235,18.025465237015133,14.588713628062239,16.056538999976382,144.53653939728736,-329.59999999923355,3.754058081328551,0.33885669750261227,24.57785957921802,0
2019-11-07,1.0752688172043054,-0.8680958218746839,-1.2850586435491975,-0.9651600753295754,-0.9651600753295754,-25.130509401818912,1.8867924528301887,-0.023200796161612358,1.2412966983603888,0.5653332232593619,0.14898972719231682,0.476674444237677,0.27103979579154025,0.6668704400175325,0.06578170593890555,0.7308222200210611,-0.42277708939467246,-0.4393062893822784,-0.3480140619278535,0.3321433597127563,0.31059673026902257,0.011978193882620112,0.3113284091525433,0.2565207493578308,0.3240183435159588,0.20679866500419578,0.31906537714298305,-0.0219764093671139,-0.2713169691851942,-0.31308151978469534,-3.360469257036383,-2.0357412241182744,-12.162295598081782,-4.0588404970578384,-1.5486497321349029,-3.679696012538454,-1.2814016348191275,-2.16426224131785,-0.6265104491195639,-0.20181393806980794,-0.028271816167918278,4.196068098213561,-15.983544913576397,106.89461553433104,1.2772666459549356,0.7308222200210611,0.31232341440705214,-121.66666666666694,-23.20129345189991,-0.8566447720455816,2.7616709553257746,11.46818392551546,-9.476655630276394,432.0557491293517,8.067284636547528,0.42214042078957176,-328.63483992467417,0
2019-11-08,-1.436338009262371,-0.9726260904442094,-5.014292110066464,-5.185235491867286,-5.185235491867286,16.832951187616565,-22.22222222222222,-0.027322251563093626,0.2420603228128723,0.43286119367758535,-0.6657201665658956,-0.3459083656256972,0.061275192459799274,0.03643622077183295,-0.12172451490794625,0.42283260298610253,-0.46421946764052596,-0.5361118671176233,-0.3725332832448202,-0.4193367699666777,-0.20449439980939743,-1.7208413398824705,-0.5487315603193199,-0.15946445108254084,-0.47826935239662605,-0.15148423680199055,-0.22099293248328827,-0.22336671710629497,-0.35551844455304027,-0.34641119915015056,-16.07688439309176,-10.190708267400963,-43.71024831530492,-18.95937487883819,-7.882147592485329,-17.412730339552787,-6.581370565533322,-10.786640747813827,-3.288250321446244,-1.0728650619718185,-0.15094574180746678,-27.09660092769815,-52.16637938047639,24.713820959205083,1.2380779922552958,0.42283260298610253,-0.20753553858062643,899.9999999999867,-76.77886639676105,-31.21691136794619,-9.215320284846,2.0767569071866188,-77.81553741905105,-104.84610347087778,-17.98490352770039,-0.9651600753295754,437.2409846207898,-1
2019-11-09,-4.950629894450109,-4.239233157823669,0.7795221348029311,0.2650239954157804,0.2650239954157804,-16.52297472907489,-9.523809523809524,-0.02285598221874712,0.05213123300201725,0.4153292067194879,-1.0360462015059013,-0.4526141828641423,0.06485625848978674,-0.30088523603655326,-0.02422991659362954,0.3151215621483905,-0.41876971274054503,-0.5023870239437943,-0.3602916084455497,-0.33058628080958585,-0.16268555140507449,-1.0820675360763274,-0.42733760450889063,-0.12864863034480206,-0.375146326878073,-0.1252038716554232,-0.17567952966035005,-0.20526460835983135,-0.34540064764094425,-0.3424315609430077,0.9497074050075343,0.6061503329825348,4.7654559554739935,1.1472157065041697,0.48155222416340054,1.0381837179492859,0.41002592508701774,0.6385855903905059,0.2123926204735168,0.07775582066819707,0.03397651841482496,-28.324515878554525,-71.24652047291457,5.697911743230176,0.8187883388177618,0.3151215621483905,-0.0799678148278023,-67.3846153846153,21.700879765394124,-40.227887258333716,-15.140439460620215,-7.036883894745352,-75.9718370648162,428.37837837672055,1.2036160087678436,-5.185235491867286,-105.11112746627393,0
2019-11-10,0.27940965754404185,0.8459044128013558,0.20506547704705003,1.3966280897271128,1.3966280897271128,18.802659550827055,2.631578947368421,-0.027096059133590904,-0.18408466419912586,0.36646746392985075,-0.8458062108711106,-0.23983019447786574,0.29583659027118453,-0.3155592970863764,0.06426704222089705,0.37873275381663113,-0.37498925404987876,-0.49777583399030384,-0.3003197375322821,-0.10525605433863505,-0.023239685567030953,-0.2739120331553589,-0.1533511418218035,-0.017484405955945075,-0.12775436070485333,-0.028805862966116116,-0.028439498898588936,-0.14561095780706565,-0.316823301280678,-0.33104357787628336,5.045355601979752,3.225987131630972,24.30594120076687,6.085031988595989,2.563649487116865,5.5117047581474985,2.1830849196671136,3.398242979476771,1.130514543128446,0.41325588866163787,0.18027728919887537,-17.835071575745946,-100.43720505714377,-0.02356863809526608,0.9372045043948516,0.37873275381663113,-0.06328749687143695,33.72641509433969,94.21686746988117,-29.781654440142297,-19.8493319295319,-14.282633020431385,-511.3102779093418,-417.39130434750706,2.0329575119812873,0.2650239954157804,426.98175028862136,1
2019-11-11,1.2109737800957314,-0.39843422340276635,-3.475388647542431,-4.371719449043585,-4.371719449043585,5.7574880090796725,2.564102564102564,-0.028812994670194738,-0.5990707386076694,0.1508840997220647,-1.8050038330197435,-0.36680025796941407,0.16946214490262285,-0.5513212056831749,-0.04362050163574815,0.06294289876802359,-0.46062376402143207,-0.5307964198789089,-0.28085224510923373,-0.6702217899118562,-0.41763711139898524,-1.6323443604505217,-0.7968487763992375,-0.3393152931611416,-0.7293818424864461,-0.30782319587569507,-0.44096732222836893,-0.3054197245854029,-0.3844857891928137,-0.35796202174303937,-13.212374366296151,-8.434112167539496,-34.09433942061102,-15.513052621611646,-6.536661285320319,-14.282118724151644,-5.462904119282473,-8.922067812336307,-2.730167247115146,-0.8874176211800964,-0.12431117215831514,-73.25242893786297,62067.682489610925,-14.655530207051882,0.1964051351022862,0.06294289876802359,-0.04374755644368098,264.02116402116513,-72.24998405171554,-7.511835560616506,-34.16131255909562,-21.836666419531003,185.85899828549665,-85.73730862209936,-15.570558704947036,1.3966280897271128,-413.0195848987851,-1
2019-11-12,-4.020047294674047,-4.575759702435269,-1.2720848056537175,-0.6520297649745694,-0.6520297649745694,13.713760941891632,-2.5,-0.03289978894987508,-0.5580932186595777,0.030198839959655447,-1.7601135557133372,-0.573609899033077,0.11172225321774869,-0.3874768341727143,-0.06184276988101318,0.46488369956251197,-0.4085200283714298,-0.5584161154827463,-0.2883976269388309,-0.6679025695820258,-0.43805188340764256,-1.3164179313912028,-0.7755532236568434,-0.36149349411109566,-0.7188186920055387,-0.3290358210206471,-0.4602227007769981,-0.3179920581446617,-0.3887714990821268,-0.35984214823921706,-1.9790844818537834,-1.2445300955578296,-5.51358869901392,-2.340851113044225,-0.95887817409379,-2.1466174232910666,-0.7986985061902824,-1.3185356877171241,-0.3956119308626669,-0.12767212282439724,-0.017815594907596002,-245.0913042638565,69.37807460027287,-29.085955946986246,2.6080426171307227,0.46488369956251197,-1.2524857025328282,9.544573643410555,60.52012891447664,-3.8744236446137865,-34.09371504955125,-28.001428617573854,-4.822425995825951,-59.88700564981443,2.4968292772590512,-4.371719449043585,-85.08527885710438,0
2019-11-13,-0.9781569463852406,-0.10664117084651485,0.4257242964246638,-0.2632652304497688,-0.2632652304497688,-25.40059800334271,-2.564102564102564,-0.024533371629737767,-0.3791322802988563,0.43176363639430015,-0.7397774888021766,-0.6719582409342433,0.20839844344199246,-0.5511724478115121,-0.07623550982497135,0.42615010403127096,0.13531712117679942,-0.5908789050598957,-0.3027351049478768,-0.6163089121864701,-0.42286130127835314,-0.974732919309601,-0.700127787887523,-0.3545473051939243,-0.6565667509140902,-0.3249956723792539,-0.4422887533522547,-0.3160136438042609,-0.386766363642824,-0.3592264929515615,-0.8434012887758628,-0.5202696251329608,-2.585382609027744,-1.0069908087396302,-0.397839308792839,-0.9187888631992696,-0.32996888366663385,-0.5522822572727467,-0.16160404590286034,-0.051698501354384266,-0.007181584633009834,139.33065099154658,23.524516068218855,-50.66455708050002,2.8936327863460756,0.42615010403127096,-1.6284092368590926,-11.366651923927908,24.254873529886034,-25.915796443291672,4.900899435771176,-26.03901995215761,-23.84244932424662,271.8309859166105,0.3116072826420379,-0.6520297649745694,-59.623740419266646,0
2019-11-14,-0.12626262626261084,-0.5779495674581296,-1.2905162064825821,-0.9814856123131972,-0.9814856123131972,-4.391306419887875,7.894736842105263,-0.023493263163673696,-0.5801145726280615,0.3625664803174699,-0.9912952342135021,-0.7596040461497432,0.14862531929604178,-0.69440138880279,0.0451484708671729,-0.05359000493863629,0.03204140381580951,-0.5603391567206898,-0.2912257084590123,-0.6630365086634518,-0.47148875018656955,-0.9769395045687296,-0.741735046698447,-0.3989217151971162,-0.7011430953589497,-0.3653474396553863,-0.49147356699152267,-0.340083666084058,-0.3962796024241228,-0.36319706973220417,-3.2508014003661456,-1.9863868643684408,-10.342772077358715,-3.8982051408712097,-1.5129439596712968,-3.548580073359145,-1.251951561449871,-2.110722270876598,-0.6091780712488645,-0.19377713295221324,-0.026829673484479743,57.09332120135054,14.555545489372621,-117.6417121217356,-0.2705132121182451,-0.05359000493863629,0.13533498126431995,43.56287425149774,-18.405633802818162,13.640611445249576,-2.266866238819688,-13.797901091746272,59.95502886368773,168.93939393957393,0.9686287406189584,-0.2632652304497688,272.8124715277913,0
2019-11-15,-1.3051238194392825,-0.847896919431267,-1.6456369717239256,-2.6657655628144306,-2.6657655628144306,6.606337507207892,-7.317073170731707,-0.025122646534411784,-0.826456673901753,-0.17000314572751374,-1.810576767572866,-0.8780490681416904,-0.04161396024349703,-0.897416060652941,-2.5118107361094426e-14,-0.32591782665381913,0.006391864377564624,-0.6002619959007236,-0.2754041379211706,-0.9184819207601773,-0.6615186617610443,-1.5287738023119228,-1.0255738648285206,-0.558429452925322,-0.9699130953696157,-0.5058703904056591,-0.6888328936590177,-0.42366184921392974,-0.4323694251364949,-0.37779836921304955,-8.5648771151341,-5.299950906274653,-25.02564849116341,-10.199101208178407,-4.054096810498269,-9.31979204866701,-3.362243974764035,-5.62511308438895,-1.6436199035469692,-0.5235984933110507,-0.07246379098301921,48.94230757138872,20.621737139577363,804.3520707219086,-1.4615941875072895,-0.32591782665381913,0.6591682881500537,28.154327424400034,-87.72704958271956,-26.88770188459336,-34.62460424803724,-10.726307064334469,30.783167244872534,-187.60563380289133,-0.5785736827295501,-0.9814856123131972,171.60515950221182,-1
2019-11-16,-2.3207625362619217,1.1277493558385308,-0.15456547780055374,2.3993210924239854,2.3993210924239854,-1.6555830432250687,7.894736842105263,-0.024643684405222133,-0.6806740803672171,-0.2075022627468115,-0.4491993022437919,-0.8819601229092524,0.040390617245793715,-0.64532916991932,0.04633472981060802,-0.4553157676377928,-0.21343153673579113,-0.5595083216879906,-0.2868464117830688,-0.5027633061955137,-0.4017903773992616,-0.2600648327260128,-0.5286959256229783,-0.3547161751833734,-0.5168785276874038,-0.33225692622316855,-0.41410277928895484,-0.3244964114223778,-0.38834938037881966,-0.360592247333252,12.750432497464134,7.010541065584021,93.79740193637444,16.42507769847656,5.233112018786434,14.371393046956188,4.302304881723541,7.50417257118491,2.0398535755449503,0.6981669659070305,0.2948195308792658,11.896074659958082,-7.80813261213158,81.99762220697599,-0.9655298295957541,-0.4553157676377928,-0.02208007459776164,-13.479793870355152,2936.70848708487,106.5178154491705,78.81456589299526,5.446980271596914,-25.854818471327434,-103.53697749191319,8.00426543809405,-2.6657655628144306,-190.00495489524062,1
2019-11-17,2.379758552859951,-0.12554927809164843,1.6602809706258073,-0.08287500941759304,-0.08287500941759304,-6.256966216920769,-7.317073170731707,-0.023072644784402227,-0.6072042305129038,-0.43870993748552867,-0.33465943702010353,-0.9264205415073477,-0.036653810273778294,-0.8234797879408791,0.13664827000636026,-0.539518159951687,-0.14105671631478986,-0.5396966473991451,-0.2891681773222956,-0.4486170165657566,-0.3739676534521818,-0.2013095649185262,-0.4621131087400977,-0.33547580842674923,-0.4568108189844177,-0.3169454856698042,-0.3838034303511923,-0.315776820342741,-0.3834677329132019,-0.3588239421903238,-0.28119484611694506,-0.17158135269715563,-0.87630750365867,-0.3370222454189661,-0.13047966518729026,-0.3069058633756409,-0.10784112090962848,-0.18237769802275597,-0.052192396167897885,-0.016471249166512353,-0.0022663692699614376,7.591545487562991,-10.556804358875038,40.29794057872308,-0.7763089093542228,-0.539518159951687,-0.34035049885359314,-8.307210031348196,-0.9927657277677299,55.46644004780613,38.286016643969035,21.84292522579829,-7.042160043320123,4936.363636428779,-7.260365879493016,2.3993210924239854,-103.45410248254385,0
2019-11-18,-0.06027727546715689,-0.7357562761119578,-4.324653570884733,-4.177348816166496,-4.177348816166496,11.149757908393067,0.0,-0.025793085877175912,-1.0520150133717725,-0.7022960001349525,-1.1182711317024734,-1.3085714458805795,0.14859885614721172,-1.1661134924473333,-0.01698244785728526,-0.6757920492337506,-0.21642432139478948,-0.5491166666297221,-0.3128480070130789,-0.9312185638205428,-0.7067506628606037,-1.521309120044861,-1.0190931193771688,-0.608084977467533,-0.9736815484701724,-0.5545213770347507,-0.7318695996705369,-0.4554581482496292,-0.44427897270064637,-0.38320491785990474,-13.174521348742383,-8.301433609668383,-34.62378953495907,-15.5320780290125,-6.388233336858811,-14.270445053823103,-5.3140710456311,-8.796125122880907,-2.6111611475365093,-0.8308859660226507,-0.11458187010851752,23.193675330985315,14.704772423242755,32.946785135553135,-1.6342685809569077,-0.6757920492337506,0.1268679089850982,-14.324786324786196,-71.7928340567687,12.176995748090667,-1.8919060505993652,27.105113316171842,59.41449194888391,-2.1660649819503064,-5.293353853487489,-0.08287500941759304,4940.540985179738,-1
2019-11-19,-4.5536791314837055,-3.8811084624553085,-5.3199108706032066,-4.265029902423676,-4.265029902423676,17.174502020953618,-15.789473684210526,-0.03047122276858713,-1.3706063485634483,-0.8307750332565024,-1.7566618845578887,-1.5705424310412726,-0.019682844680340116,-1.5199115728722097,-0.22815758533621197,-0.7308025778310066,-0.3558559502047116,-0.5848489479851223,-0.3533047676728826,-1.348568108670833,-1.0072059010051262,-2.40762585703251,-1.4901898045656208,-0.8582536923742812,-1.4161350065268996,-0.7745535865019326,-1.0447931230499938,-0.5881062707159914,-0.5032244965402529,-0.40704605826335954,-12.134109398127745,-7.841204772564263,-28.900810247553682,-14.135043405467055,-6.0946799706287775,-13.07015212766452,-5.098365978957532,-8.287066156048226,-2.5395215796218706,-0.8143315176279106,-0.11253367116338672,28.54496287683263,25.872882890509246,31.193735318667866,-2.5389001094794605,-0.7308025778310066,0.7567254666752227,46.20909816440522,12.150244742954373,-30.26410241758788,1.7461615182968446,10.172001442457555,12.445608540636373,-68.72693726939131,-10.244178005322622,-4.177348816166496,2.0989649204746117,-1
2019-11-20,-3.8902053712480247,-4.940711462450587,0.13448203404076814,-1.3932270261384145,-1.3932270261384145,17.003331765322294,0.0,-0.03577466327004721,-1.511797177522329,-0.7584154650284203,-1.4998990228519182,-1.2251554441305503,-0.40571162672875233,-1.558220498482025,-0.27286974454080787,-0.893395786398997,-0.31552120798305267,-0.5996915066977063,-0.334880628694444,-1.353993540727663,-1.0387281974410594,-2.0861765451982337,-1.476513581799401,-0.8935932211474901,-1.4131444961654203,-0.8099502104673167,-1.0746488211189154,-0.6151034400701585,-0.5164360821942048,-0.41286829263077507,-3.9069125720034474,-2.5046131954335813,-9.7845854372775,-4.569983857268575,-1.940884578504597,-4.216261378628901,-1.6208577220636955,-2.6491127027843895,-0.8035604984582329,-0.25655318208956185,-0.03535618418497596,19.891659665787685,12.645284368042281,26.78349828928755,-2.4915026683023456,-0.893395786398997,0.37836782417182363,19.923580786026317,-63.128491620111625,-55.264670259556034,3.156305521998263,0.9975125864891564,5.8489141570446375,384.66076696198564,-2.9753000838878303,-4.265029902423676,-67.33371024323453,-1
2019-11-21,-1.4957879597287846,-1.8507194977783192,-6.996264741679614,-6.847830617263377,-6.847830617263377,-30.150779236595486,-6.25,-0.02521094038483651,-1.897438364658876,-1.1400162267603449,-3.30886121866405,-1.7823938882136479,-0.7511428180434705,-1.616539062975975,-0.5375471867153048,-1.2465112222351535,-0.446458111104075,-0.6490958090546909,-0.36049071877461375,-2.0211522374379305,-1.5113973806586938,-3.6057592364957682,-2.2347573961457323,-1.2849382136636944,-2.1227560972312984,-1.1533685745737723,-1.5677331537008459,-0.8224618632024419,-0.6095937252001383,-0.45048515752445417,-16.866043989981332,-11.2821743063337,-36.26775951180551,-19.351366946704047,-8.899185332669704,-18.037123077337547,-7.5080496536552745,-11.879654032343563,-3.820660147419811,-1.2402708451274624,-0.17191827328481502,26.546639331894607,26.369770011214637,26.696096610224306,-3.8969223102983688,-1.2465112222351535,0.8023670000555946,9.14883932635403,-35.477136827659024,-28.922420459766922,-34.302329443596754,-10.122248192765273,5.535542037785525,-11.138161898967404,-13.045886409043783,-1.3932270261384145,391.50859757891845,-1
2019-11-22,-6.74147928747236,-5.768991153382902,-10.57761732851985,-6.532438478747202,-6.532438478747202,31.291382122273408,-33.33333333333333,-0.03350499945270622,-1.9158831398469074,-1.4528031067635947,-4.594870121926444,-2.409688897174384,-1.148472765206583,-2.095454344396413,-0.41970265381591454,-1.5345663837961734,-0.5011215159418834,-0.5860732443991316,-0.35711593191690594,-2.5420043203362583,-1.8978079783163717,-4.508334674017613,-2.812814529854641,-1.6103967418331442,-2.6707362026391337,-1.441690252330811,-1.9690200079682068,-1.0008876185234372,-0.6912703855513018,-0.48375367874488856,-13.836193340136576,-9.504682057767479,-27.8883443658523,-15.703564955011057,-7.588920502403569,-14.720191528157715,-6.4495407545894725,-9.97828009222235,-3.3471005506548854,-1.1008941556370666,-0.1532982221025854,25.609479470339018,24.795415035563924,26.295604564297186,-5.041476802769393,-1.5345663837961734,1.050038406239329,26.7514595496248,292.8386024788949,-4.07160496226602,-39.34218621213121,-21.736957874093665,-0.22287748360856002,-152.26027397263303,11.725047019884299,-6.847830617263377,-4.60572342021814,-1
2019-11-23,-6.293893983448902,-1.9702045133991515,4.072466693580938,3.6524652943992333,3.6524652943992333,-35.722201257472555,15.0,-0.02147152681823973,-1.7619199733337187,-1.3425684750675702,-3.2167616963439403,-1.8091574391842404,-1.1167296699828295,-2.028258270107121,-0.34495150876558267,-1.3546089218441675,-0.5494513561208259,-0.5663986804691964,-0.3429307009946908,-1.8561030845531818,-1.4908478887361178,-2.044925460810038,-1.9764881147246314,-1.3003145141872694,-1.9161445830428276,-1.1827437938730057,-1.5357984056824983,-0.8636039686636227,-0.6348930562318591,-0.46250358438221906,25.85584903344162,12.632578463527771,206.39307008501387,34.6211143975863,8.86126600332664,29.710950562935405,7.008603448060804,13.720998848979754,2.9783177579491737,0.9276632332205804,0.37333807862023244,10.54306247435466,-1.4380593526221386,20.52126695378157,-3.4446749570918063,-1.3546089218441675,0.0929189982535084,-13.71936173712778,100.7968588242976,97.83911860145263,28.691936099821824,-23.70014162347045,-16.07892829200366,-314.8099606814003,6.982619141621335,-6.532438478747202,-155.9127392670021,1
2019-11-24,2.73057093755967,-2.549345802796628,-2.9530136255637003,-7.569389922874437,-7.569389922874437,-7.2182616244489255,-8.695652173913043,-0.020051992900194087,-2.3675147457176906,-1.596295903834357,-3.813881184970632,-2.332882745388751,-1.3120079791971344,-2.192606256244704,-0.8495407622561523,-1.7990592683661593,-0.6568579617547454,-0.6131293943181673,-0.36415672068400323,-2.524231318519972,-1.9598123503046585,-3.8095272252360064,-2.741512115695343,-1.6882167216462542,-2.6290877272542827,-1.523275435748089,-2.025279814572039,-1.0704508712975582,-0.7287792637900227,-0.5005251182358068,-14.19892363561723,-10.016215998051544,-27.730955666525848,-15.966525404579096,-8.108392440629508,-15.037323570637486,-6.951470644476504,-10.481468036438974,-3.6986829963234658,-1.2379080350777043,-0.17337728106563496,14.671142682274734,8.969619199652852,18.55435726796299,-4.641328755788888,-1.7990592683661593,0.09985374047960018,26.215443279313572,-86.30691956490011,0.6251378685110918,-16.818996195205315,-14.689825375211365,17.219549465790728,-138.01098230630876,-12.922692949541814,3.6524652943992333,-307.2405707586452,-1
2019-11-25,-6.9934944237918035,-2.237704161668371,-6.095732986909159,3.112821025282313,3.112821025282313,-4.627028028826173,-19.047619047619047,-0.019169119358759295,-1.8850875643301603,-1.619635664107189,-3.0817263544536937,-2.150260668878385,-1.1237090628731392,-1.9902999594522064,-0.8841598440256474,-1.731129072705907,-0.5470753794532132,-0.6185954295440192,-0.34418904207633566,-1.899137773004022,-1.5908469270623073,-1.6848462494018945,-1.9804789135332173,-1.4089211026615336,-1.9417029169570381,-1.2912587029329303,-1.6320334575139077,-0.9498903220157378,-0.6803518281324106,-0.4825672466646512,17.79949217020723,9.614111141850813,64.15202740277347,22.40805417347014,6.944129175958825,19.89591775225383,5.56998741758442,10.354259337149617,2.434014412252284,0.7634781367084452,0.3064117662591552,6.1202929768552465,-7.282558020928525,14.51074918792713,-3.140373797632213,-1.731129072705907,-0.8342105711729362,-20.135951661631378,730.732557450345,39.11522422930289,48.056925967337925,17.42151724031564,-17.697466094643783,-62.60032102725841,30.14510680232126,-7.569389922874437,-141.1238033315666,1
2019-11-26,3.062702972770417,0.5946481665014919,8.279238054698318,1.129040073654119,1.129040073654119,-6.671631120308483,23.52941176470588,-0.01780396279039354,-1.8002833697384917,-1.6216256328533227,-1.402258773592076,-2.0230737102203156,-1.1804320463061335,-1.9332223686784131,-1.031714035729315,-1.7404243290356212,-0.594163259298873,-0.6448338389453386,-0.3468049276235101,-1.5461869741616283,-1.3835560303619459,-0.7790322262981848,-1.555253240099103,-1.254506265859114,-1.5551442318257649,-1.1647288860838092,-1.4105205526889308,-0.8875187368109686,-0.6566714062213163,-0.47426839446030256,5.601060397856735,3.255744640562764,14.82292397019579,6.789656748677457,2.414554193499145,6.1523834007302085,1.9646489533846831,3.481724229884685,0.8888478609799456,0.28434681380902244,0.11471365126645192,2.4048516074313055,-14.280568867712592,10.86232667687021,-2.1833135363143827,-1.7404243290356212,-1.4651012757536737,7.357669756005168,52.822280949781295,32.464741278244006,55.58762994165325,29.906456524975862,-6.794883863014402,139.48497854059934,5.146259801531916,3.112821025282313,-63.72936110094163,1
2019-11-27,-0.06302113631956138,2.8946751114238776,-2.702702702702695,2.673694298035455,2.673694298035455,29.446278416970507,-4.761904761904762,-0.023005157333129973,-1.6442177341056365,-1.5667017420788025,0.5169895448954573,-1.6106093878179635,-1.1499076468415181,-1.702514528276565,-1.0279660749755666,-1.6024373189491723,-0.5617901527768544,-0.6936843266591977,-0.41216525544693083,-1.0409718215431751,-1.0664622529225032,0.3538039214983694,-0.9611773861821776,-1.0097373268441105,-1.0082845230994628,-0.959404431013937,-1.0744155697857907,-0.7785022145605602,-0.6123017670625032,-0.4577970563638316,12.62350083656772,7.51449986988133,31.039751113888098,15.135435689379634,5.6269873302972995,13.794703843446971,4.603881567717635,8.01629339696258,2.11287129191158,0.6816636301447128,0.27554567880367176,-1.577744445212571,-24.482728786315374,7.399206694080654,-1.1734117212501087,-1.6024373189491723,-1.8671980414271019,-10.218463706835694,43.33197502729183,78.15666498246414,44.196848420865436,48.52884268603998,-14.259451610764314,-117.20430107520876,13.33277449970825,1.129040073654119,136.8112842427386,1
2019-11-28,4.0698520494785315,0.11398869232172495,7.282828282828277,-0.44801194698524766,-0.44801194698524766,-19.39803305608539,60.0,-0.018476675659875742,-1.6203611736769234,-1.555046381265136,-0.3068774975622132,-1.8983954298696852,-1.1806244842802398,-1.527728335834077,-1.0053849898187117,-1.3379922806576132,-0.5744872053589622,-0.6730449730185906,-0.38514562884327086,-0.9673163170963703,-1.0163000762234355,0.08464739569450812,-0.8864429567952615,-0.9734334161445101,-0.9331370247311871,-0.9310456139322009,-1.0209134245747506,-0.7680331843303418,-0.6100406076510341,-0.457744246271047,-0.9518506463755343,-0.6413746931410037,-2.4404948178625006,-1.0968386361884428,-0.51099124777902,-1.0194005368042705,-0.43442125610562743,-0.6740798282417678,-0.2264551226037958,-0.07458273449109304,-0.010343042702977711,-1.9973378185655053,-27.39612690811306,5.002002159363022,-1.5333865134070097,-1.3379922806576132,-1.216557890282895,-19.85871271585561,5.006924454667707,27.55245463236971,24.85090048941673,37.526780821536256,-1.577351022256529,-730.2083333355063,4.123836892297152,2.673694298035455,-116.75628912828344,0
2019-11-29,-0.6758646406264534,0.21405474336201863,-0.38132002636285534,2.8361147571723295,2.8361147571723295,58.99273236332226,-3.125,-0.0293251489143199,-1.2385487824198755,-1.1647118578759614,1.8440559641737748,-1.7024261521160429,-1.0535949294326583,-1.557173505414095,-0.8344875167978778,-1.2468643183609585,-0.47586758414341396,-0.6028357616572013,-0.40384040974383295,-0.4923893370794792,-0.7020388032461773,1.00335456662445,-0.3419131747989661,-0.725918686399478,-0.4251041253091941,-0.7211225109064124,-0.6895716127241703,-0.6534954134838465,-0.5625330390253214,-0.4399655991531728,12.482937299767128,7.7194756450517765,27.827378364629464,14.713431772017193,5.870569036015579,13.531131992290529,4.84560626853485,8.202361681895042,2.274082948211746,0.7424439560975036,0.3005504269269555,-5.297015646241448,-46.47659725168396,2.5497054400658596,-0.6264740379254959,-1.2468643183609585,-1.63119033772027,-41.3565132223311,22.024467962361616,21.24139096768296,37.62802102109605,34.83344353426423,-24.070530857905656,-243.4710743800506,11.11629865326303,-0.44801194698524766,-733.0444480905135,1
2019-11-30,2.989347224177571,1.5497182330485413,-1.5878266622560508,-3.956785339836808,-3.956785339836808,-30.45780279574012,22.58064516129032,-0.020430269868430623,-1.7227496052490952,-1.3639156014460465,0.4067643403261753,-1.6412940057088476,-1.2906184786845818,-1.872151446927638,-1.0234929601597398,-1.5249645744769784,-0.5182427560585043,-0.6563111338288925,-0.47251743923785494,-0.9394517753782491,-0.9770056422991727,-0.6828743377427586,-0.887553245138633,-0.943367176663794,-0.9167065125916191,-0.9078886712712645,-0.9802092007438512,-0.7621594613153703,-0.6109243825484902,-0.4595722960821416,-8.494514854819368,-5.75460912479266,-21.15085437355076,-9.770207924850213,-4.5994681010091005,-9.089191758485578,-3.9188873042559953,-6.043821287384821,-2.0565070337171085,-0.6800007865904154,-0.09430501130593145,-1.6425237922527136,-34.52655162105385,1.6278740811131434,-0.5622912133161899,-1.5249645744769784,-2.127422941705019,22.08768267223389,-49.07459555553337,-10.430167318074272,4.369456543694157,20.0004306306101,34.31074004735117,-39.40092165899929,-9.845043795582162,2.8361147571723295,-239.51428904032798,-1
2019-12-01,-4.032625535405087,-5.746251957932425,-2.665066026410564,-2.4965589254354676,-2.4965589254354676,-8.040952312322668,-34.21052631578947,-0.0188903510470054,-1.9142569092160218,-1.5658280583452766,-0.3066506620653675,-1.454482639488679,-1.4044478311441142,-1.7043169267035374,-1.1366318870685816,-1.3972769710641348,-0.534762642932881,-0.7013560992889545,-0.5767269425846663,-1.1342679957275912,-1.1015172136201565,-1.2791223047124298,-1.1229006318067176,-1.0447222668173728,-1.1298711990317105,-0.9967670861773588,-1.1110425007658806,-0.8173770832923859,-0.636902586420788,-0.47052975096086147,-5.226999437296534,-3.524537254404457,-13.330367837185097,-6.027441221610244,-2.8130156783078197,-5.599512341282389,-2.3951926015281577,-3.703213300220293,-1.2551934186088414,-0.414469948478357,-0.05740074014597048,-0.057899272332040105,-20.76924756399428,1.2691172523664302,-1.2432157496253635,-1.3972769710641348,-1.4952330760449504,-38.20109439124499,-41.44996059889668,-22.38697515029893,-6.741800017173769,8.906449282367692,4.4348708758300415,-43.91634980990885,9.327455186563514,-3.956785339836808,-36.904362733550414,-1
2019-12-02,-2.469018565120363,-1.1300508048051,-1.637888505180064,-1.436012266952264,-1.436012266952264,-6.641678622405897,12.0,-0.01766836701302236,-1.6863318366921232,-1.398890702791513,-1.1099718744415277,-1.4588105143426955,-1.4904295509704302,-1.4531325609860388,-1.1914852974534373,-1.4424015846888016,-0.5584022008796711,-0.7110109740217735,-0.6043541987903648,-1.171500290530802,-1.128538983689741,-1.3300637476504835,-1.1680628468672363,-1.0698816633301558,-1.1706068984870945,-1.0209684649252098,-1.138688610115136,-0.8367389639279542,-0.6477057961895059,-0.47561759952789967,-3.0452369983222805,-2.0288043692696824,-8.23279246517164,-3.53273709288196,-1.6119121211709042,-3.2713447275219987,-1.3690843852779275,-2.134200641856894,-0.7129184304921119,-0.23422447575957855,-0.03234292842698107,0.15622480637267697,-17.381830781771377,1.0353812372284241,-1.1194448655360334,-1.4424015846888016,-1.6482711691312675,-64.4714997232982,-55.885173403504396,-48.04983415978546,-19.043927837733573,-7.027771405508782,-7.04730715472898,-53.559322033951126,-9.174209989554623,-2.4965589254354676,-42.480337542934,-1
2019-12-03,-1.6990409425052435,-1.133362147625206,-0.8024877119069135,-0.6766100355590589,-0.6766100355590589,33.64410981169848,0.0,-0.023635966042513515,-1.4009479050502034,-1.410510338189308,-1.1614302428445311,-0.8850816892054467,-1.4890600806560887,-1.4016262041275744,-1.1802106953321951,-1.4778829278065078,-0.5758984294949359,-0.6842471366690982,-0.532547916312984,-1.1105991064273248,-1.092143996600502,-1.1181181834378624,-1.0973694565215675,-1.0446884349451169,-1.1050512808420458,-1.0020746834826564,-1.0994964866766754,-0.8317575780491564,-0.6480934538122826,-0.47666655789561546,-1.492628071087458,-0.9774091356194101,-4.386770868369629,-1.7463080423301462,-0.7713780710077486,-1.609761584281524,-0.6527174148197552,-1.0299752181711848,-0.33656922161322417,-0.10974262210618271,-0.015093098251764902,-0.39549596967542855,-28.03511614927452,0.7374752246780989,-0.7391587063895215,-1.4778829278065078,-1.951316552857042,140.1869158878501,0.7239529009645235,-40.12585196204032,-24.905829231480972,-16.113206961212885,-10.419665217026875,101.45985401481079,-1.0437492495671283,-1.436012266952264,-52.88271199834009,0
2019-12-04,-0.41105388272581356,1.7632486520619748,-0.4247143290524863,-1.372383272835771,-1.372383272835771,-22.346765497782112,-14.285714285714285,-0.0183494733802336,-1.399646553900546,-1.4734567089949269,-2.0229433729838453,-0.42076799132144205,-1.3090653626193645,-0.9209687932562265,-1.3145381726887055,-1.5027041602295166,-0.5016282423336712,-0.6787254180250276,-0.5202221625313236,-1.1429556407162402,-1.1148071927446779,-1.2009564588587724,-1.1370973182145607,-1.065758856827916,-1.1406811380038866,-1.0224590582493678,-1.122740895235135,-0.848601995218883,-0.6578046894449431,-0.4813318177242457,-3.121273077196265,-2.0211595151763566,-9.588254751996244,-3.6713594475432667,-1.5881575451794552,-3.374628230197014,-1.3405799273931527,-2.132279167755324,-0.686862470321978,-0.22280068962125038,-0.030549230965716535,-0.19284399753942488,-25.422687416986335,0.5459628626822448,-0.5717543311627223,-1.5027041602295166,-2.106707336874951,-88.39169909208827,-58.99932372961455,-43.374225459706665,-45.65303286336477,-27.698393567562885,-0.8541943645278753,-160.86956521756048,-21.176285646517048,-0.6766100355590589,102.83223728744,-1
2019-12-05,-1.1636580635536404,-2.749403341288783,-0.8073524931451174,0.8469876480968062,0.8469876480968062,-39.884665709705,-12.5,-0.011044176758041284,-0.8012508662863179,-1.4040221391275496,-1.0470895625012528,-0.6608538231394869,-1.3110113140949133,-0.327830075360304,-1.3226872246696038,-1.3286151526303303,-0.46460933895373724,-0.6524106901471033,-0.5954709625721023,-0.8975693818538334,-0.9565683795348575,-0.5349043443446414,-0.851163103903832,-0.9431525077983505,-0.8763866599442224,-0.9199154541431535,-0.955383660396533,-0.7960511436855678,-0.637773650826164,-0.47447533038646617,4.784235250939137,2.6915533657777484,19.76893964731682,5.919213471159774,1.9718491503330455,5.302251438104752,1.5928586027397458,2.8873135644244114,0.7045926546017152,0.21821118923508195,0.08570705865442438,-2.058108252541445,-97.45181699054004,0.013836590260542974,-0.3650434192538732,-1.3286151526303303,-1.9635860751526346,254.18994413408052,476.6096874041488,57.071550327859455,-17.41318586739347,-30.705627381094015,-33.459168005063866,-31.54761904756256,11.009453633096484,-1.372383272835771,-161.7165528654882,0
2019-12-06,0.472955974842769,0.009816432708346572,1.0340414640389086,0.5749137629355623,0.5749137629355623,8.950719739264267,38.095238095238095,-0.012021658985834108,-0.2656846887153045,-1.2468458408049055,-0.4218781020448692,0.0419309188112778,-1.3742980177467292,-0.5691931177691469,-1.3418118505786814,-1.461802783974763,-0.47647465515893983,-0.533526972811714,-0.5658089212442481,-0.7127963879230447,-0.8307892406619576,-0.16894390221785222,-0.6421256533227445,-0.8440864908902522,-0.680056419368272,-0.8364582891151714,-0.8229964544545776,-0.7528575527582722,-0.6213897472443023,-0.4689866980269404,3.2345074106859126,1.8388807794316033,12.024504948161843,3.9765308003574056,1.3513775296445185,3.574532317385034,1.0932899259373712,1.9708552213029584,0.4850021996125494,0.15018802977468754,0.05889279619446531,-3.322114003317779,-4825.247936422883,-0.6537227428203822,0.995969890941231,-1.461802783974763,-3.1078254723670287,18.611987381703504,34.34477968046883,57.658003888486256,13.189613219533742,-24.693330753468697,-60.69704081623934,19.999999999950514,-4.964866067817098,0.8469876480968062,-32.12253281055426,0
2019-12-07,0.5708848715509015,0.9962701217118267,0.7903936768505846,0.6859528780196801,0.6859528780196801,36.499967685049256,10.344827586206897,-0.0163866204833009,-0.482059917597749,-1.3678403127983414,0.007974879130725584,-0.15354792428193348,-1.1610663610933092,0.09024967834566854,-1.299962951126592,-1.4465627978573985,-0.40675232625100916,-0.441633167668822,-0.5660640157408824,-0.5349993894581948,-0.7044549521635767,0.11505719775481442,-0.4450684574094691,-0.7428102377887367,-0.49292929794152973,-0.7502514640843296,-0.6906161081683785,-0.7069199626779001,-0.6035143918760042,-0.46288264774490506,3.8979908631210045,2.2241829724397264,13.664169719905905,4.779110232455582,1.635613766395631,4.302615105602308,1.3234842299569554,2.383233253390405,0.5869073718983533,0.1813755004902591,0.07096278615784181,-4.497325620205725,113.09389847589084,-1.4022098425422325,2.226440614644263,-1.4465627978573985,-4.010638120142417,55.85106382978733,23.670668953687684,59.12185298024435,36.95162454431156,10.150438612483322,98.97656631125913,74.63768115926361,9.035936974734865,0.5749137629355623,19.31404712197955,0
2019-12-08,0.8664044216501545,0.1312017104815552,0.8344643844568413,1.1897709320695182,1.1897709320695182,-9.916938212649674,-12.5,-0.014743322484749315,0.1674751474509953,-1.328823813439953,0.38475723413375446,-0.15055499495457866,-1.1034388692820745,-0.05216348034740864,-1.0637825384931905,-1.1518962145960152,-0.40244841343063437,-0.4777450519646819,-0.5268817230795397,-0.313070204157846,-0.5444695419531199,0.47411851880540395,-0.19973897549303155,-0.6130475976660942,-0.2596883603109952,-0.6388076665567156,-0.5233628056931855,-0.6455139225994422,-0.5786766269331989,-0.4540472827949694,6.6651560445139575,3.8566381199652158,20.524811539378167,8.10436768586547,2.848458349807589,7.329674434285873,2.3099164741020624,4.127355480145922,1.0290050363204823,0.3183307845331146,0.1244059568950175,-6.045998959521231,60.18929587423527,-2.278134296783457,2.126968345070144,-1.1518962145960152,-3.589555813870824,-28.75426621160417,33.42579750346768,30.382893107562282,38.9848933384322,31.354155667989904,-144.48074322000085,-305.8091286303238,10.923804325303152,0.6859528780196801,73.44791022734914,1
2019-12-09,0.9774398973194465,-0.14558866349606317,-1.2363527593598795,-2.4198663219007823,-2.4198663219007823,13.650753724037795,14.285714285714285,-0.01678352006263916,-0.22015757189745455,-1.209969342974371,0.1648313457585785,-0.5768523346956225,-1.1890190291315705,-0.3239551607287425,-1.1577627303216238,-1.026021283249164,-0.4971075924500403,-0.49067228808215446,-0.5345150345512646,-0.5882420834475085,-0.705626645397383,-0.49964720917839417,-0.5375372840509083,-0.7365665931348008,-0.5634643521305854,-0.7430027434822911,-0.6949546420255849,-0.7040203449593229,-0.6046314891124602,-0.46473042985099944,-6.771493547763244,-4.163560013084284,-23.652279642283215,-8.149013197094469,-3.2013884191731687,-7.400777629698556,-2.668830388608762,-4.4166895453748145,-1.3218484120229852,-0.4167780724142967,-0.05621297747587481,-3.5156065108875167,7.348302748994614,-2.5025499506599194,1.355502349000988,-1.026021283249164,-2.9015375431923927,131.85628742515053,-36.0003183532599,1.4420537264624818,19.472942024915657,29.817259636082426,-235.196164543976,54.03225806454635,-5.131657849286877,1.1897709320695182,-303.3892623088043,-1
2019-12-10,-2.2341725739428138,-2.6244167962674902,-3.487961233658089,-3.8198090095495094,-3.8198090095495094,-5.467328001691326,-18.75,-0.01593867887814186,-0.5665260470150544,-1.15240988245194,-0.7593556381660607,-0.85179914616791,-1.2905623376329087,-0.8194391460778016,-1.3405395268701734,-1.1383845757985698,-0.5630732757686591,-0.5043938851116614,-0.5604976767125879,-1.0025453431067484,-0.9686153508801117,-1.5952528766674916,-1.0274924221508586,-0.9437709849817988,-1.0128401773024458,-0.9199604189662685,-0.9727742194511899,-0.8049831482992492,-0.6491274314646516,-0.48260529514868344,-10.051966809289693,-6.295637416698884,-30.41956857513727,-11.970372703781763,-4.871376326442968,-10.934147985347686,-4.074795600193429,-6.667037608263453,-2.0345411787738907,-0.6442153593700892,-0.08694339181129672,0.2613109095626392,-21.827046283817182,-2.006531672021885,1.2228669772198442,-1.1383845757985698,-3.079463402381104,-5.371900826446456,-81.90449921730094,-26.519175663058004,-9.728098402734817,12.31893344135868,130.9536819774413,-114.00523560213927,-8.495983938212882,-2.4198663219007823,57.852067074065786,-1
2019-12-11,-3.8153815381538148,-1.3675384308245153,-0.04707112970708747,0.5562197847897253,0.5562197847897253,-18.442081243595375,-23.076923076923077,-0.013002510979618218,-0.7271077926835616,-1.0637908389051454,-0.7731572585881574,-1.0633368190113366,-1.1630291075430634,-0.7496596741167701,-1.1585792331874443,-0.7277939321452217,-0.6009670678763434,-0.5096087295753302,-0.5910171257101374,-0.8083908329199259,-0.8435523830047339,-0.9013472021367773,-0.7977563929376812,-0.8458932940056291,-0.8024499066582449,-0.8375450714769866,-0.8407450566895149,-0.7622158256041965,-0.6329785825737498,-0.4772563376802659,3.536894759673421,1.944351259684236,15.162372721700642,4.413300491105701,1.4066878315383473,3.9358953140030737,1.1270295092514049,2.0917416099481905,0.4854237823490899,0.14570374548107554,0.05599263709630594,-1.5298666902749714,-6.281000085210016,-1.919006897172475,-0.19519464373427686,-0.7277939321452217,-1.1850551003171859,-34.5524017467248,97.94643112368259,-43.89758086423938,-12.110181100296325,-1.5918181184789573,39.52923559207304,-532.7102803723327,4.449746080208966,-3.8198090095495094,-114.56145538688386,0
2019-12-12,0.5510787626722221,-1.4826434571399736,-1.3343100831981671,-2.393507030603795,-2.393507030603795,93.60931812874767,15.0,-0.025227236400228014,-0.8614175608282008,-0.8023165183765144,-1.384204963003979,-0.9068978952341858,-1.3707473747460506,-1.1610986363929554,-1.2151278002551158,-0.4899725137370499,-0.44309763981691214,-0.511487144205933,-0.6404568714113205,-1.0085437430217155,-0.9724701605878973,-1.3896858979319182,-1.032398157994143,-0.9483064941455862,-1.018711737965083,-0.9256356294251321,-0.9767155450649672,-0.8141499198810582,-0.6568478513829374,-0.48722566009937046,-6.445102740648373,-3.983693532933992,-20.16293651212268,-7.716604813783425,-3.0643447305144695,-7.028881970042732,-2.554366311847927,-4.224882655843263,-1.262915667812989,-0.39631570496439306,-0.0531829176363087,0.2554288040636363,-22.406664849064892,-1.51815495152209,-1.3448316830921614,-0.4899725137370499,0.25131576518243665,14.01167639699704,-90.8338442673203,-62.8378012567683,-26.639579435345702,-15.502286871220432,9.308190450031333,-101.94384449250676,-10.46017574294347,0.5562197847897253,-530.3167733432325,-1
2019-12-13,-2.3938782896437703,-2.1264574451692315,-1.0023334747560546,0.047666966792005674,0.047666966792005674,-26.874556706688928,-4.3478260869565215,-0.01846916551830881,-1.0801900170164198,-0.4663048141308769,-1.6404654961209015,-0.6914177200364653,-1.3841771543682566,-0.8376162341481465,-1.217907869102284,-0.6771826456935223,-0.4555093385531279,-0.49988174247226314,-0.6686723244454325,-0.8770417401851727,-0.8888376496829151,-0.9240724013206559,-0.8757678163336748,-0.8833596682667987,-0.8757791772630646,-0.8713486495247492,-0.88829701151281,-0.7871498395875075,-0.647463009215918,-0.4844961808126254,0.3337447576945723,0.17767687023139825,1.6282562513800836,0.4227027595611119,0.12681788763574678,0.37398852131508437,0.10080033801174301,0.19179428360198064,0.04246149867365688,0.012502221790087356,0.0047541351314583456,-0.9906377322823581,-7.940089350654181,-1.4191570956066542,-0.849929913945513,-0.6771826456935223,-0.5297704185167267,-10.68032187271375,717.70560502879,15.301042754169561,-41.283713497110305,-24.623700380943173,40.41321569058185,-4455.555555406807,-4.523751943969547,-2.393507030603795,-101.99151145923268,0
2019-12-14,0.058268884415725156,-0.38310154815011077,-1.403546365243469,-2.0751720487030174,-2.0751720487030174,10.977818599450117,22.727272727272727,-0.020526901400123178,-0.9213963939748789,-0.7390420328692437,-1.5598891575768725,-0.7370872837701828,-1.271960065087307,-0.7927462746739605,-1.2526308172431047,-0.3740891447522566,-0.6916752354539065,-0.5251283431415282,-0.6477373988453261,-1.027604846366659,-0.9870142754352327,-1.3006148141444371,-1.0513250216389756,-0.9618070494536288,-1.0380380121073833,-0.939115663306192,-0.991708353717107,-0.8278421592306797,-0.6666145868150967,-0.49265657435471094,-5.887438610665139,-3.5667478384848836,-19.657522104526997,-7.110756757752743,-2.720058661034821,-6.447308150372081,-2.255986666219818,-3.7908816258626326,-1.0999364829218325,-0.34109192683889494,-0.04545769197189867,0.3046107533082273,-23.988229753936764,-1.0942556374664247,-1.3688456937333253,-0.3740891447522566,0.47204463136436525,9.50040950040934,-51.18761221072718,-34.44201251757347,-47.21392223067352,-35.697865994175885,-5.889923068597707,-84.69387755108536,-7.705408791404265,0.047666966792005674,-4453.480383506703,-1
2019-12-15,-2.2182222457514915,-2.47076177431251,-0.9942950285248714,-0.32435939020435195,-0.32435939020435195,24.649040519867253,-22.22222222222222,-0.02562180825174743,-0.7614066309294253,-0.37191828181304826,-0.8423827095414285,-0.7098879369969088,-1.0976465965320568,-0.7072550299117679,-1.1671762473552685,-0.5446641980507136,-0.7710756695347477,-0.4818183710116636,-0.6463209944040149,-0.9401668528756827,-0.9327781017700355,-0.9837727675702127,-0.9460198269859506,-0.9203207022352248,-0.9425004625636431,-0.9049059721512185,-0.9341991413291442,-0.8121357553090187,-0.6620886084217803,-0.4918069167556125,-0.9562727362123231,-0.568675086782941,-3.484746246283611,-1.1653392870337236,-0.4304872089291828,-1.0515676391646462,-0.3555455804353176,-0.6055594687331668,-0.17143038898181823,-0.05270223756105634,-0.00699211011548389,-0.561667931818962,-10.295914435325045,-0.9924519750149302,-1.3916838076201707,-0.5446641980507136,0.16260470730077053,17.05310396409894,145.9824046920846,66.96434922425586,14.554911326916589,-33.996477125408155,-7.703599633293573,1680.000000008426,-4.903286313092074,-2.0751720487030174,-84.36951816081574,0
2019-12-16,-0.34650785056849787,-0.25387565494516523,-5.136648007902513,-5.792385291246337,-5.792385291246337,-16.85864721939491,14.285714285714285,-0.02140026135546024,-1.0489982030711924,-0.7738533729063936,-2.098861256127051,-1.0534278070752663,-1.2470978566035051,-1.0786709640351297,-1.447567483999626,-0.8716528530443288,-0.9782768658223813,-0.5750064509913331,-0.6349324151959335,-1.5472176523350822,-1.3329640689130193,-2.5547930580807727,-1.6524499042094312,-1.2393114947581796,-1.5957882054297305,-1.1784756748762606,-1.35543357169417,-0.9682612222342003,-0.7301622395870163,-0.5186122093427658,-15.424454306253155,-9.587713411193945,-42.671785940784495,-18.348434382091266,-7.370862197854287,-16.776066430815046,-6.138247355014797,-10.167193068448684,-3.0185384312384547,-0.9385878866038665,-0.12492559859568393,4.50409467590151,-106.26291046475227,0.06277943433684337,-2.639808747366075,-0.8716528530443288,0.5818623761767635,75.591054313099,-72.56578612510907,-24.94019784637515,-24.239061812403328,-25.409980268949546,12.886687516138148,61.23595505619708,-11.697537842234839,-0.32435939020435195,1685.7923852912045,-1
2019-12-17,-5.62859936977072,-5.52908047221922,-10.650237186162235,-9.913644214162357,-9.913644214162357,34.16699886985135,-4.166666666666666,-0.029013235779738564,-1.6439577278536992,-1.2465803784142535,-3.511191719973556,-1.8809413776869763,-1.2779101916293425,-1.6656853696572063,-1.7409538749669804,-1.4521299580942495,-1.169727640115812,-0.6480412096218376,-0.6988326244726417,-2.5487908831053345,-2.0076417278696455,-4.879121814671536,-2.805951818792633,-1.7810666910949406,-2.6684351579566745,-1.6445860970234945,-2.064105975418332,-1.2350288884249934,-0.8458034183596619,-0.5636046681996193,-21.0398596215878,-13.937759670677261,-45.22430245911938,-24.27089696905247,-10.985759633836588,-22.558510178773197,-9.278096258643018,-14.685106978830273,-4.729520650766926,-1.5054639214715095,-0.20202314720216868,11.62740831633645,3695.836737107762,2.3815097335663755,-4.931648993317469,-1.4521299580942495,1.316596147727219,67.68558951965066,46.13804247461202,-0.3340468740516216,11.434056744920957,-1.0913649313913738,14.237171819006111,-130.83623693382077,-10.811728565305712,-5.792385291246337,71.1495992703422,-1
2019-12-18,-9.913644214162357,-5.325308111206645,-2.1430883781158934,3.3934049079754622,3.3934049079754622,1.8200628081263222,-34.78260869565217,-0.029580995349753586,-1.369206339694997,-1.2688428849073403,-3.051415965062473,-1.7338826823019664,-0.9099021145421922,-1.5470444734829776,-1.504791973139557,-1.3136829009626623,-1.1081280850955602,-0.6760468178393455,-0.6841998501977973,-1.8911914203874343,-1.6172331487058371,-2.4044997374724666,-2.003643199594588,-1.4846539806078263,-1.9449074083716187,-1.3983591040251302,-1.6484114672125418,-1.1091292786389217,-0.7973038570140537,-0.5464365690703046,29.81596007227301,14.091839803791478,245.09064732079494,39.93340915218905,9.569411251236188,34.29239927599461,7.386003713621819,15.402732029988528,2.8646434083877943,0.7849957584785093,0.2876182352541802,4.427304310526471,21.60795697068987,2.828738645859885,-3.1194212112348376,-1.3136829009626623,0.03456875146877299,-6.293402777777746,389.63708794147817,57.486249288066446,38.77649890543172,6.595306118893952,-21.41147654668644,-148.3992467042478,35.61750517528715,-9.913644214162357,-134.22964184177337,1
2019-12-19,3.348670756646218,-0.7568418503269564,3.1163159984120745,-1.5884788923913735,-1.5884788923913735,-15.638672757198316,40.0,-0.024941984619065567,-1.5495899149453287,-1.324568168741661,-2.990723648311376,-1.9414170463046176,-1.1170734274526444,-1.7242158639364982,-1.3909977141987515,-1.553850008912372,-1.0737233319616006,-0.6847969892073724,-0.7007088627770199,-1.8558869481967606,-1.6150488231320408,-2.145895879093987,-1.946954336576782,-1.490895945711716,-1.9000487950652376,-1.4081025883540035,-1.643612430508538,-1.1227618991803376,-0.8067378378177695,-0.5511367324937354,-3.260519868660895,-2.1379000521523523,-7.68603358139991,-3.7835698365076733,-1.6793462930405616,-3.50518130344719,-1.4157738407970306,-2.254644579864423,-0.718411524508211,-0.2276103095681892,-0.03042490712358921,3.3842692760705146,7.312031432703065,2.952070544450232,-2.5292648301748906,-1.553850008912372,-0.8485203925422788,-5.534969893469268,-13.66298013638369,53.84108369642866,31.850494208873197,28.381698572104312,10.06341881452931,-162.64591439707647,6.620030674187484,3.3934049079754622,-146.8107678119402,-1
2019-12-20,-1.5458817709621584,-1.2262827161247012,1.2640359319858903,1.0111795000628152,1.0111795000628152,-24.21635216105001,9.523809523809524,-0.0188905075089182,-1.5562386464002256,-1.4525153526456624,-2.818435319602261,-2.016399808135944,-0.7748774901144524,-1.744849703756034,-1.3267537974344166,-1.3083592241162372,-1.1177701219898226,-0.6797845905273269,-0.6305545228494981,-1.5205983565606211,-1.415492735126314,-1.1396929016070498,-1.5415574459187853,-1.3406199057957158,-1.532490000310658,-1.2843431873499487,-1.4309136503725668,-1.0623588209729191,-0.7852318044074652,-0.5441633631794882,7.386778234935543,3.9088119329564757,25.567450462458513,9.256477136800632,2.7472713139763454,8.244540486355305,2.156222309499832,4.230567625225108,0.8649631118730032,0.23976382702286603,0.08776198209942317,0.696593826642892,-14.584048582445472,2.4492359684703007,-2.2900785576448923,-1.3083592241162372,-0.6105042862333624,-22.677126746751615,21.60727894090137,40.90185941700845,19.895254138541304,28.305917343517926,-1.8368251978417374,-210.55900621078743,2.1052965652844597,-1.5884788923913735,-163.65709389695064,1
2019-12-21,0.8604446677553178,-0.50030883261271,0.43087061208971367,-1.1067586892992451,-1.1067586892992451,-11.682770235663455,0.0,-0.016687577549858175,-1.7046434000407555,-1.3001956336187912,-1.804142755104594,-1.9096372341962895,-0.940054631239172,-1.9541423391832495,-1.0955630122968494,-1.2331761064817701,-1.1685218396336543,-0.683125368013345,-0.5680594997631959,-1.4709577390237938,-1.391455871620429,-1.1289679481848136,-1.480425619907537,-1.3262392528461964,-1.4773505244097789,-1.275047529210051,-1.4042992985106058,-1.0636419376655377,-0.7891043505190138,-0.5467137673408143,-2.4741052765929563,-1.5773388161339001,-6.757271079267216,-2.9111935641211133,-1.2255572442756928,-2.6769001572800164,-1.0268731563680205,-1.668184380027905,-0.5126715135753955,-0.160324435784976,-0.021275152154480042,0.20224043169516426,-18.146302262445925,1.9568620376320955,-2.3621923049134868,-1.2331761064817701,-0.4441776348081298,9.036144578313143,17.38549695206085,7.97911962428099,33.54646877374836,28.495557573296033,7.162648580233838,-264.6067415734765,0.02447078326022432,1.0111795000628152,-209.45224752187818,-1
2019-12-22,-0.9776449343047567,1.2353342851821825,-0.5552050473185981,1.8421879911977246,1.8421879911977246,-29.069232927579147,-13.043478260869565,-0.01182366315363891,-1.713479451399582,-1.1083985745152485,0.689767611021246,-1.4444259606929732,-0.9369428629299845,-1.6506362957690046,-0.8064114176306831,-1.0902806193870773,-1.1580777970217897,-0.6770233970521162,-0.5899570139595401,-1.0720725154521422,-1.1389697420493792,-0.161200246134472,-1.0115010386321943,-1.130972155386478,-1.045796388849345,-1.1115977320337385,-1.1369459904297445,-0.9797026349428375,-0.7575139124957355,-0.5359451820530419,13.58085983674912,7.255746851567945,45.358232232329726,16.919542099169554,5.109753861304453,15.11753730623086,4.012372233999898,7.84738252311613,1.606860644723641,0.44265573888058035,0.1610955298612235,-2.2954244826752195,-45.755683188013435,1.041113292477432,-1.7422815808718117,-1.0902806193870773,-0.6434164014564493,-21.983134632160418,127.84896418517089,61.82208004999141,59.860127612048984,41.04128375764691,-1.9854449491371748,-199.31740614314342,4.504386618139171,-1.1067586892992451,-266.44892956423274,1
2019-12-23,2.1380958370016354,1.4164827078734277,0.5392716660322183,-1.7965180886529173,-1.7965180886529173,90.37174551339548,65.0,-0.022501658025935716,-1.660218821220315,-1.1197899200849804,-0.3387846102108541,-1.6575358320955205,-1.1176769486468099,-1.469595265520062,-0.9955903629070922,-1.1442133397203351,-1.168319876002575,-0.7102321622475838,-0.6070669815002505,-1.1618612773036545,-1.1918599917007457,-0.7045459318361189,-1.1254853897627064,-1.1732225552180837,-1.1462417798087081,-1.1485837183730427,-1.1928995641246207,-1.0039699990022009,-0.7703146185611562,-0.5417633987419053,-4.259559078037212,-2.6813026552935306,-12.307188100691441,-5.04218682051507,-2.0724688279020005,-4.6215758802585345,-1.7312743267393522,-2.8394927949495665,-0.8571398415040584,-0.26595175264475074,-0.035105282552918476,-1.644617861892513,-53.23806448822439,0.4818283474604581,-1.8459929480640354,-1.1442133397203351,-0.6685517152521667,11.18151323145725,-56.34578043893629,3.4564071542150896,3.2481112002544816,26.937964917332085,-1.6677809590777262,43.98625429557886,1.6036454050909619,1.8421879911977246,-197.52088805469216,-1
2019-12-24,-2.0379263637482943,-2.841767942439073,-2.7954817946614545,-2.634060476519777,-2.634060476519777,5.323819978046103,-24.242424242424242,-0.023766679726698912,-1.5459793814433207,-1.206038802987622,-0.5423983003187148,-1.663895958689459,-1.1964377111270792,-1.7271110752789272,-0.7920909907087856,-1.1968282811596662,-1.2756461921647468,-0.714603414605901,-0.6504079204190801,-1.34315598444542,-1.3071542623906993,-1.3385902640505747,-1.3430436589877068,-1.2653750454231778,-1.344000096853792,-1.2282742974076768,-1.31441089018941,-1.0520118219056833,-0.793038818169471,-0.5512986337908328,-6.166074779539257,-3.8873256163307106,-17.535832794816127,-7.291573893554894,-3.0057002617386757,-6.6870953205801875,-2.5112044190205163,-4.116198846860172,-1.243196878486316,-0.38527321112461727,-0.050773722509973016,-0.49436433042076056,-41.01471490864479,0.28284499702549226,-2.1653378750234475,-1.1968282811596662,-0.5481601474555725,0.9051290646999995,-78.07316606014165,-18.298067648768154,-8.281285513705532,12.092858040132954,-3.1181616157420486,-41.52744630074625,13.041379118790934,-1.7965180886529173,46.62031477205245,-1
2019-12-25,-2.5956885173779263,-2.744414711556416,-1.8761360685536181,-1.5818698347107352,-1.5818698347107352,-32.54458024083554,-12.0,-0.016065148784213227,-1.7176891405690584,-1.212575719966843,-1.0555283296264582,-1.8187167748820539,-1.387052792547115,-1.6581057122151803,-0.9515358819347437,-1.3264114717872948,-1.3239187183198766,-0.7264922672558339,-0.642281680875435,-1.3721678733709,-1.3288206622855827,-1.4174829879444204,-1.3770351280208764,-1.2850633891941505,-1.3752038975810195,-1.2469734667064036,-1.3366601072585738,-1.0673780531410075,-0.8024783573778431,-0.5558968988223718,-3.71931732493733,-2.3258725226918617,-10.956277213769514,-4.414946416118069,-1.7923931475526247,-4.040742160708103,-1.4946326407206625,-2.4648963236173405,-0.736010264394568,-0.22701534384553093,-0.029828235729405392,-0.37985349404208707,-47.239334696593936,0.1488100005663505,-2.0502667511321038,-1.3264114717872948,-0.8494862283300885,6.146179401993277,21.455323702514995,-57.67571486816947,-10.986127430638627,-5.271353749721956,6.909993976167798,53.46938775516992,-18.952921754753547,-2.634060476519777,-39.94557646600515,-1
2019-12-26,-1.6195638146857625,-1.5101100588686978,-1.9120079391333182,-2.466706028996948,-2.466706028996948,76.47742809544722,77.27272727272727,-0.02840150055154589,-1.7106328574472505,-1.3728729290629156,-1.3182458947689566,-1.8442799892319641,-1.3031821008926663,-1.8644939727208067,-1.0691406089987279,-1.48290186753574,-1.388464788798137,-0.7918036135182879,-0.6229389620469192,-1.5049088218374083,-1.4183337997319487,-1.757166398067465,-1.5318028600446665,-1.3583493882115485,-1.5180873322061486,-1.3112577567029506,-1.4304320677344389,-1.1077484450345958,-0.8222368515333459,-0.5643347017811912,-5.763263231149033,-3.6046822976242043,-16.789705480502796,-6.838278862291546,-2.777239911844272,-6.260245906134676,-2.3153829993405277,-3.8202633351921493,-1.1390183528832156,-0.3506491738889831,-0.04598494092937638,0.33173648159166796,24.916976765052105,0.1856127435069216,-2.0521360283968466,-1.48290186753574,-1.1123936816641973,-21.65884194053193,-73.37273788675024,-62.540370637963285,-19.54249247668656,-12.552106719199896,-0.7026675087820848,22.60638297873877,-9.213305619643803,-1.5818698347107352,55.93609378409974,-1
2019-12-27,-2.4922935659474232,-3.079521829521821,-3.3454741670039,-3.1008273357099365,-3.1008273357099365,58.23752357464094,-2.564102564102564,-0.045067750763456205,-1.9441891118472676,-1.5480933409220343,-2.3062172631688007,-2.0864381520119055,-1.306550850524767,-1.9325040378566412,-1.2641410249947338,-1.6769288982147463,-1.424491442445528,-0.848967778143507,-0.6666493699581462,-1.6965650906122194,-1.5492816608229263,-2.1890316091555793,-1.7525381079639386,-1.4652043540015174,-1.7232806858049576,-1.4044702446362731,-1.5675853462580154,-1.1644583036893634,-0.8488407919258484,-0.5753211265229845,-7.038014401613722,-4.425141125985328,-19.809017620130643,-8.326558354438074,-3.4152724409290736,-7.634797837888282,-2.84983618810959,-4.687543826594812,-1.4044340758573848,-0.43234015533519615,-0.05663028708665508,1.282500482820831,119.47349519468405,0.4066160445055769,-2.056062169208224,-1.6769288982147463,-1.432500391095868,-50.379544546544274,43.74454835540529,-21.08495833209882,-56.89292182591193,-26.5229778261688,3.885579276375227,-173.53579175716257,-16.360040672851188,-2.466706028996948,25.707210314431272,-1
2019-12-28,-3.0268379632743483,1.0189033382490675,0.39078855547802155,2.3531861724281478,2.3531861724281478,-56.660127984984584,-2.631578947368421,-0.01950243027386357,-1.659503342884427,-1.5171035462398925,-1.5307399454625117,-1.3873033992896813,-1.1870838034139197,-1.7784391343291845,-1.2010123000288717,-1.67695815184753,-1.2658227848101085,-0.8032910185733431,-0.6405625653678038,-1.2171717008277405,-1.2503406378140096,-0.7427295899250868,-1.1828587535147743,-1.2349339028731297,-1.2021975179281177,-1.2121143838184123,-1.2506720889600347,-1.0663303050567654,-0.8123042917083281,-0.5629589493798703,20.67942414142588,10.360943069633388,100.70814310415905,26.56396767161602,7.093580531852741,23.346732474514255,5.474329798113271,11.28314428108103,2.079646743862293,0.5434672319292974,0.1916838752885991,-1.7179936843308892,-106.22000522791349,-0.025189116237678645,-0.6266831764822182,-1.67695815184753,-2.349790396420789,15.45893719806773,593.6344238975822,100.35640726505817,-17.66524172643457,-33.20805295732333,-15.609396167888084,-22.713864306763888,13.905661827630283,-3.1008273357099365,-175.88897792947841,1
2019-12-29,2.2196018589165627,3.443928334439298,2.363408869734452,1.7768735164462535,1.7768735164462535,7.723157426192012,0.0,-0.020948636501550218,-1.5427227640412078,-1.5346040637657588,-0.6434868693895615,-0.3435321103375823,-1.1142401816316485,-1.1585548217551396,-1.2789116148427533,-1.4808005930319097,-1.263759892431034,-0.7745269601578174,-0.6581031026788488,-0.8499384841632507,-1.00998457023912,0.08456886479922451,-0.7574933071863725,-1.0467064026938142,-0.8076874696126465,-1.0535848477292244,-0.9970268094056753,-0.9842750802322409,-0.7818178034249175,-0.5527920953492536,12.883601722849432,7.15962719247951,34.807924144130794,15.664041922856791,5.077411062842031,14.18256477844343,3.9896231221423517,7.721677387219744,1.5763289437006132,0.4195333074807672,0.14849052503500157,-3.7441140369798926,2949.0589026702364,-0.7682245001115974,-0.11414321125675941,-1.4808005930319097,-2.371764345572351,-36.192468619246895,118.55737278853502,167.56458504234223,97.11077177353647,-16.8204745686227,-11.376543673940736,-147.3282442746407,-11.203624430682298,2.3531861724281478,-24.490737823230106,1
2019-12-30,1.8796227183279908,-2.482519725447421,0.6654896102132342,-0.826281068834538,-0.826281068834538,1.9988626631682875,8.108108108108109,-0.02138241075135357,-1.13578239742794,-1.452916478593767,-0.4847309743092676,-0.6969615488034286,-1.0932387861340729,-0.3794680502782389,-1.1563978561961552,-1.3104353269768165,-1.330683266046976,-0.7753710899119995,-0.6824718133155556,-0.8469599196304091,-0.9949881675960051,-0.21956087612484532,-0.7676317752742131,-1.032537499450913,-0.8102139257716856,-1.041184275422443,-0.9823210709582317,-0.9795882005416303,-0.7823548410569996,-0.5540082761919973,-2.0703419486227608,-1.2726155355666509,-6.44315658482792,-2.4753926358663474,-0.9730141883327237,-2.2569822164403845,-0.8075072592610193,-1.3512803401424605,-0.3919329881461543,-0.11899188532714473,-0.015448196860186138,-3.5798979441646464,69.61936720930717,-1.3131454408347238,-0.4541831696003828,-1.3104353269768165,-1.8815596042606668,31.147540983606604,-15.78578107639747,50.94676218227306,38.45595391920193,36.18453331655265,-15.422144249990783,32.25806451620837,5.650136744066902,1.7768735164462535,-146.50196320597374,0
2019-12-31,-0.8591980817903103,1.0064465201947137,-1.0590933621154943,-1.1019283746556536,-1.1019283746556536,27.637093145994484,-5.0,-0.027293726023431192,-0.4291369681403784,-1.3014959425475339,-0.20024895816421814,-0.6514887302739106,-1.179427428607149,-0.7269721609496476,-1.1014636378938272,-1.410482400229373,-1.2410704744670353,-0.7857570202642753,-0.6755637142141018,-0.8790681770835344,-1.0037329719635046,-0.5123889777702043,-0.8168738522420066,-1.0370072291080632,-0.8498450038949359,-1.0445053702744134,-0.9926386669113829,-0.9832230308874961,-0.7862130154443521,-0.556438156515911,-2.8501620206317044,-1.73273300242929,-9.27723141516726,-3.4252475727550658,-1.3187617512000631,-3.1145377493831,-1.091547015097029,-1.8419708378108839,-0.5259493905130109,-0.1586978776297348,-0.020529428161122094,-3.2155732370589933,25.759553768141153,-1.6733797567034279,0.07219145333451958,-1.410482400229373,-2.4138196819013866,-1.1666666666663703,-29.656419529837436,5.863717505814309,22.66200644433912,41.18414565175213,-48.45460721526226,-235.365853658964,0.8688980718791771,-0.826281068834538,33.35999289078768,-1
2020-01-01,-0.8397715821296616,-0.3712145880820677,-0.4908979341378666,1.5082546368639174,1.5082546368639174,46.96394845919127,-2.631578947368421,-0.04008435823086153,-0.5743393705463288,-1.285093441441146,0.7253253796095752,-0.6225095529596436,-1.1693357125110446,-0.4920425534048919,-1.0148644074603224,-1.218769043266316,-1.2163181600305852,-0.7435034654893741,-0.7043869836446359,-0.5791078075464198,-0.7985243634869582,0.15422097453341932,-0.47536545081903375,-0.8731648048763545,-0.5302981657887704,-0.9050179379083463,-0.7771441038596634,-0.909287858908929,-0.7586003211495156,-0.547332018105143,11.149006442898928,6.261579244738487,31.204009722349575,13.499439824422263,4.454168898513587,12.247568547939483,3.503087679182752,6.746408579264042,1.3807366527991984,0.3636295723646919,0.12746063256696857,-4.907585764734556,33.747190535445796,-2.276187675363864,0.4075397891142181,-1.218769043266316,-2.347341462747127,5.986509274873352,49.3150158023964,-4.742931931584852,27.672610599663265,28.614557449959666,44.12070281097261,-257.65765765731123,3.2352744906798687,-1.1019283746556536,-236.87410829539996,1
2020-01-02,1.1788617886179016,-0.790953065760216,-1.2812607057211232,-2.3425473529214886,-2.3425473529214886,10.98265689955328,5.405405405405405,-0.044531143742890765,-0.6210513545545249,-1.2684126805788045,-0.20728178208495626,-0.7207543237031709,-1.2947002991637595,-0.7520464534860384,-1.0664193810131033,-1.3462267134720087,-1.259855577780968,-0.4404869438250394,-0.6973209146866929,-0.805330939996952,-0.9275913211528936,-0.6805982087845274,-0.7550779237802102,-0.9700235619016926,-0.7809095702901734,-0.9854800687840731,-0.9151370929062026,-0.9528578355178036,-0.7780976887306027,-0.5554133003815177,-6.284086006222041,-3.81021092074946,-19.85683557641051,-7.551863260749515,-2.893622245301876,-6.8675867260248085,-2.391413616725637,-4.052252400805498,-1.1460931202818965,-0.34355965727479515,-0.04422010892875173,-3.2515761967051535,5.318793741576615,-2.453090343041495,0.7722456521216489,-1.3462267134720087,-2.857807872307044,4.69371519490851,-66.41279721720032,-23.503106758531043,-4.248683701502001,13.170667891864095,4.9384672001797565,-218.28571428590084,1.31297435722182,1.5082546368639174,-255.315110304735,-1
2020-01-03,-2.2365072987813104,0.5732358173551759,1.2354247640200082,2.8373654992803865,2.8373654992803865,1.5576763139050602,-2.564102564102564,-0.045128748241578316,-0.5061436828291528,-1.1634244507798106,-0.0026975627520375834,-0.6591342302273455,-1.2716259771051908,-0.4570848146267189,-0.9431751611013389,-1.1087551343012672,-1.2056386857718746,-0.4745597284107829,-0.7200825744730733,-0.34526882030929124,-0.6173683304690128,0.47598484614258746,-0.22552150382317399,-0.7225265340564766,-0.2884227110616742,-0.774438479175679,-0.5891128681713079,-0.8392545889025019,-0.7342953689398574,-0.5404149492186853,19.59464505428373,11.419029702267688,48.74642991904027,23.319949316970025,8.232893319643523,21.351106909091598,6.519178410404609,12.258176948042209,2.603409212219302,0.6863496036624438,0.23960450274017353,-6.134143340475009,23.87741337104457,-3.1152446297901903,1.4487165546896612,-1.1087551343012672,-3.0017635236011824,-63.297872340425634,306.8395450689855,34.739541939960134,5.77069445119287,8.374116163675511,-23.960151628327253,15.942028985494893,13.301066556066388,-2.3425473529214886,-221.1230797849948,1
2020-01-04,2.6369863013698627,1.5526729559748618,2.6189496777731853,3.198933688770395,3.198933688770395,-45.319772763705934,0.0,-0.024605381090541202,-0.19820202449213456,-0.9129113479152952,0.8119882922618554,-0.234702617323494,-1.0591093725082046,-0.363775510204051,-0.89064994973092,-0.9478566499221726,-1.0954726619807609,-0.441304949394901,-0.6859167052786866,0.11664934745084954,-0.2919836010556697,1.3922340767205266,0.2947682389799323,-0.45847373815031783,0.20112469838039845,-0.5471026344260251,-0.24865672820319462,-0.7137314863182471,-0.6849286664350639,-0.5233231323944018,17.269223816293245,11.269972711330537,27.237267755948924,19.495555697165116,8.493157249508162,18.357433893474287,6.889742894420682,11.958864271030398,2.912784369910315,0.7911963482301273,0.27820732126672104,-9.176387841385267,29.73640349213721,-4.171560662178693,2.791955724271932,-0.9478566499221726,-3.8430277619070465,-150.10351966873662,56.30439480108672,42.03174459552081,27.37566410513239,9.764070422352669,-63.68901368901483,-112.91666666659643,11.88836904088672,2.8373654992803865,12.743095296737389,1
2020-01-05,3.149816483149806,1.528933617185984,2.3717263495456935,-0.4003874717468489,-0.4003874717468489,20.062843658185546,2.631578947368421,-0.029494868181794923,-0.3664562498522412,-0.9219337675442647,0.9419194284261937,-0.03623592373733406,-0.9040485446098643,-0.24784035803715995,-0.9338600343708703,-0.6309301602115602,-1.1801804382678027,-0.603648788184151,-0.687865373149263,0.04718900984603412,-0.3015499089160943,0.7782836988748318,0.1860924500230904,-0.45441877106784845,0.1141595073025865,-0.5383921673850566,-0.26276506784052106,-0.7036076637298054,-0.6812176738908238,-0.5227401920785321,-1.1483712126513752,-0.6976715356039095,-3.503749088280641,-1.3768333474985819,-0.5295117611771493,-1.253753574344919,-0.4372734042145973,-0.7420025198063511,-0.20870044060674808,-0.062110827046973405,-0.007941693329224456,-8.64065593334771,12.785834692512784,-4.909742394902816,1.603556936371278,-0.6309301602115602,-2.480116270469292,129.75206611570607,-22.55045692224988,34.34773326212473,17.873822136980152,17.270890380722705,94.6509181006732,-2451.612903237623,-3.1239947762777778,3.198933688770395,-112.51627919491986,0
2020-01-06,0.0,9.04816368026434,0.8288194217842484,9.453413732736829,9.453413732736829,75.34021534128453,5.128205128205128,-0.05132073371314255,0.46224668976320005,-0.1509189389380207,2.571409636158854,0.9134762847503012,-0.5891414274301346,0.7150813899169878,-0.6776332829374234,0.4020936261801167,-1.035367634427057,-0.49994140133536163,-0.6707009154390224,1.3051973688536844,0.5584421890095763,3.7146575143282368,1.6263996680618071,0.23761643490760714,1.457466815968967,0.055643613099487475,0.6394252112011728,-0.3744426498507258,-0.5486678509677345,-0.47537675737538265,36.74330771761213,27.419879890010883,37.85763138457881,39.12405648245735,21.866346812759804,37.99188523624847,18.318008984553032,28.68112967214998,8.392833850695137,2.3864443007810867,0.8490589565012171,-19.227029570991505,39.094919014142185,-7.181810608142706,-0.906183088778973,0.4020936261801167,1.5301170565142665,345.14388489208415,17.664588185210224,11.24684804231673,14.577170679900005,19.07963542401396,-198.3958813364114,-75.6515775034138,34.589043713384484,-0.4003874717468489,-2461.0663169585278,1
2020-01-07,9.419680403700607,1.8645845472555693,9.1326860841424,2.102955986019792,2.102955986019792,2.519333799367969,-2.4390243902439024,-0.052320707455357655,0.825759150431773,0.4908415397834883,3.417975059766206,1.309179731753553,-0.39581042485252893,1.0158209137800915,-0.6592113721542965,0.3433178077030578,-0.8874741379403737,-0.48426580012982895,-0.7119646709967775,1.4204729352967471,0.706650095373355,3.138940398724927,1.706169361022581,0.3798840371258422,1.5576275357483822,0.18879339154830288,0.787222227879066,-0.28623591563620654,-0.5104996390692776,-0.46191450336560863,5.1360528720845355,4.515115585967211,3.522836204769015,5.139533995188353,3.904319814265631,5.153779793740622,3.438047702542925,4.632515904990212,1.8098943727911223,0.5628480989298896,0.20553674395842347,-23.00792261355094,21.064840841014913,-9.367396239054234,-1.0528572165009829,0.3433178077030578,1.5182425338746264,0.6464646464647147,1.903039009144055,-2.656584816682245,22.148449606211344,18.40856587950246,81.62836149526036,-373.8028169010955,10.07013973931325,9.453413732736829,-77.75453348944906,1
2020-01-08,1.8388222077691645,0.7722228577965692,-4.809916375066738,-5.639359480157833,-5.639359480157833,-32.58989943373705,27.500000000000004,-0.03539113404327709,0.4783725027174928,0.02614467540618642,1.5731600649756792,1.0135171992450247,-0.634363872663421,0.7048827129658864,-0.7604477627126216,0.1107028986680116,-0.8831607258381835,-0.5654705698568333,-0.7217248846624883,0.39346727527520026,0.08925884708835347,0.03473402577808304,0.4718209133697906,-0.08707808376451116,0.4348726216726913,-0.19749036041720047,0.1297511062266948,-0.4813983927845083,-0.5862651919779069,-0.4896440865210595,-13.959579359032892,-9.37458492366038,-29.4156037014144,-15.97682632955533,-7.4077729841846445,-14.912183467226534,-6.258281343137978,-9.867449575086678,-3.1645150291231214,-0.9755256965409083,-0.1259288422581201,-13.106362686762033,-5.123426228668332,-9.806034731873073,-0.09125398851755508,0.1107028986680116,0.2763515919219859,-49.53833801686084,-46.534242184662126,-10.632669283788605,-3.3676571573591927,9.940179591182916,-48.62198152891004,-40.226337448572686,-13.593426224454266,2.102955986019792,-368.16345742125077,-1
2020-01-09,-5.643288434742204,-7.74819776352384,-4.660436137071632,-3.572306935563175,-3.572306935563175,24.344164983102086,-13.725490196078432,-0.044263609395540186,0.38050295402723305,-0.07349346092701112,0.24357539150441843,0.5065341829571236,-0.6843620238639685,0.6398244365837158,-0.728750584394842,-0.12933389809136311,-0.9177564334062542,-0.5541573617855917,-0.7471834003620146,-0.1487731047853305,-0.24657927568284044,-1.1684479183463718,-0.16642227795053352,-0.3424306695373408,-0.15245360661850874,-0.40897318280999856,-0.2271662072341188,-0.5882452675920229,-0.6281340707568939,-0.5052999302659738,-8.20648921816865,-5.544863762488041,-17.42316709351611,-9.3757675088027,-4.396061235433791,-8.75847186861655,-3.7216376300704503,-5.831872454187891,-1.892857107115,-0.585490334268079,-0.07559145871994127,-5.083141453459306,-14.715767499668777,-9.272240592740864,0.024514791246147846,-0.12933389809136311,-0.25506077579803244,-36.35640413683344,-66.3603911687063,-31.85508082272236,-20.262321838574966,-1.72898065709385,-22.70230351597715,-87.9518072289595,3.133729152089556,-5.639359480157833,-36.65403051299734,-1
2020-01-10,-3.211912380014777,-0.3322667979325742,0.7123251862501615,-0.44634317413761615,-0.44634317413761615,-17.435323389445635,-6.8181818181818175,-0.03653076532073837,0.5606938295806619,-0.14463318562283783,0.23316602648275742,0.32559988824291924,-0.6915256892614153,0.43213533602504894,-0.7706607729328743,-0.09453601271704924,-0.7509259785612481,-0.5666626181335608,-0.8622567736461285,-0.18806486537334444,-0.26429072648103435,-0.9334377837700775,-0.20909219272235172,-0.349797289380724,-0.19405320539331458,-0.41124058983616657,-0.24758870108388145,-0.5834872229905755,-0.6256606048992526,-0.5050097379828403,-1.0482527286165124,-0.6950039488717503,-2.4571170342585065,-1.2089502894059,-0.547008291157467,-1.1236405356585206,-0.46119950653115027,-0.7323638583699725,-0.23207632753403876,-0.07119568979394762,-0.009152104001644849,-4.335943229071459,-14.98341794523445,-8.688566854668862,-0.011548823923946624,-0.09453601271704924,-0.16254416348987114,11.749999999999808,-18.372703412074035,-49.762654382045625,-19.468008733832885,-13.865654430513787,57.79799533002718,-648.57142857412,-4.954158016452847,-3.572306935563175,-87.50546405477742,0
2020-01-11,-0.9472345835982299,0.6482281763180697,0.6943092596197485,2.459488887465578,2.459488887465578,1.5959576094085,21.951219512195124,-0.03704496552825732,0.5783551063397386,0.028352183426285732,-1.0823120339875745,0.5966024720978537,-0.3384340829989408,0.490752536794025,-0.6003343054419469,-0.06513602411003601,-0.5495147244789174,-0.5201918434237602,-0.8344879965148125,0.1606189349905705,-0.023236009607427947,0.17622492477753443,0.196727485259214,-0.15083285170949065,0.1806019833589609,-0.23712179413443926,0.004149068145444412,-0.48131403581276505,-0.5836079941003582,-0.49040951340716565,7.819158473218748,5.894791018709761,16.302605708451395,8.56685358352718,4.865690697171827,8.17387049174535,4.188701608382979,6.129278846299873,2.10130021276245,0.631783198041313,0.22623045929150293,-10.421904419319082,-6.43197698101246,-8.903288399446563,0.06342308959467549,-0.06513602411003601,-0.17064978874521766,18.120805369127567,123.47266881029009,-23.98306515483675,-22.97995090531353,-20.718042906377345,2.9368359038198113,-63.28124999995293,-2.0848918539318086,-0.44634317413761615,-651.0309174588743,1
2020-01-12,2.5993196842307995,0.2944243390786724,2.526098724062379,0.8814152653622476,0.8814152653622476,-30.18694865199581,-10.0,-0.025818301180059434,0.5194554673721445,-0.01848531341849013,-1.3590286287178752,0.7554381967439996,0.12119143547544536,0.6190774512754147,-0.5763169743358868,0.07490660994083688,-0.6227915743018893,-0.5783440408542188,-0.8506076235269034,0.2577268740253023,0.05881387565188121,0.412115394982692,0.3032015720717668,-0.07581384418601873,0.2818010816106195,-0.16744518960541635,0.08773116027951212,-0.4342059405831507,-0.5630275160695045,-0.48345295922731185,2.6275146373156923,2.0291154179827844,5.009183794932713,2.852419459589453,1.6962384905085048,2.734668088103591,1.47231583518084,2.103690154576441,0.7572886558584846,0.23157945095369023,0.083238402780665,-12.604171209263287,-4.290652329998967,-9.354101919346816,-0.0552942714829103,0.07490660994083688,0.18201840176784134,46.496212121211904,20.28776978417247,32.80461427541456,-27.649153499142333,-22.726059686512595,-7.772448969998214,-192.19858155989314,2.844364909662231,2.459488887465578,-64.16266526536266,0
2020-01-13,1.0759414487676844,-1.0152284263959361,-0.2765556253928496,-0.8055521130251467,-0.8055521130251467,-15.816052779671509,8.88888888888889,-0.021746401779508942,0.5140295806889363,0.03112269738262003,-0.3212246690507513,0.5637836381217103,-0.042242143825845076,0.6319370906380816,-0.5244722103449517,0.16849472643909352,-0.4552200305904323,-0.5774573708484615,-0.7417934540864478,0.1135874726963782,-0.020226730885209186,0.00289449272419442,0.12978811577891186,-0.12935588040850868,0.12384585741524275,-0.20761215651922568,0.001948133486398986,-0.4472126041458669,-0.566483963874077,-0.48510873292802903,-2.1575373086261744,-1.386754726932583,-6.010680599036759,-2.5284663446781392,-1.07893869774143,-2.3297835710804238,-0.9039113398747921,-1.4657428386334377,-0.4473485783409119,-0.13531095035030677,-0.017238111330321562,-9.960464619867746,-8.664000874338464,-9.42531612369957,0.030443474015248956,0.16849472643909352,0.28179572239368683,-35.164835164835125,86.36910979242096,67.7006383205561,12.678899725732332,-15.98750390650507,-0.6337059459468323,-1373.0769230799433,-13.067712605035181,0.8814152653622476,-191.3930294472573,0
2020-01-14,-0.8788216363411513,9.904232313870871,0.611370225639732,10.338580709645157,10.338580709645157,200.70135148102713,14.285714285714285,-0.06482531959454574,1.3382791475743794,0.6700079784858226,2.492478505520012,1.6140896576364578,0.4302611222870862,1.3260906632888947,-0.1641000014822115,0.7828295081437018,-0.33949461648751916,-0.46523413379229334,-0.8141305582756272,1.486974220393713,0.9195778800813017,3.4483226697155014,1.7115684284461374,0.6334927279627127,1.5939235890371126,0.45226218414217656,0.9865715208384642,-0.07079234564635915,-0.4114392282121279,-0.42964794811484014,26.559956119775364,21.52531516843475,42.663421611862205,28.260770025347952,18.40270388473397,27.381101501115896,16.19374282178448,22.19533832744841,8.657665032860578,2.7174660087581537,0.9836770611766403,-44.84862282852,30.31767661421167,-13.56102219768703,-1.1662696600188145,0.7828295081437018,2.378478656186826,117.14855433698897,40.7699614220791,48.50237030221583,47.930137013414004,8.113744949899946,108.04878257415716,-30.090634441082404,28.043622524168914,-0.8055521130251467,-1383.4155037865887,1
2020-01-15,10.308441558441556,13.379806611198584,9.158679446219391,6.55041612410124,6.55041612410124,43.77353112215624,-3.571428571428571,-0.09198930914159337,1.7400236847771342,1.0945599422273342,3.9388840442649653,1.9726364557695022,0.673509211844131,2.033300158182944,0.3075304667252108,1.2687968416491722,-0.23481330624007055,-0.4523061827537711,-0.7813989826583075,2.226396859307058,1.4781160157094537,4.551290135827241,2.524905897590771,1.106271609498674,2.3686481375652884,0.8713756231988581,1.5656398659939774,0.18435620531963368,-0.3017733016732308,-0.3900139898368318,10.37759071324853,9.824574207811413,9.331196957593917,10.346700002828571,9.054407176329875,10.374598384733142,8.356438640069612,9.951926227699458,5.167444186745436,1.8141490490440912,0.6818283045930643,-109.2700310636579,31.883058240030504,-20.690539450641765,-1.99027827234502,1.2687968416491722,3.8444913644134022,55.96877869605146,-25.04770908535308,17.611619865018426,23.83025145029159,28.048915863827954,16.752184439665573,-126.44770959374603,7.691920799771575,10.338580709645157,-36.641050565188635,1
2020-01-16,7.1149600950925525,-6.168187227290767,0.797704447632713,-1.6259298618491007,-1.6259298618491007,-44.06859248656687,1.8518518518518516,-0.05158934254954366,1.7296644283465803,1.103897086643953,2.9742632287950204,1.5359183818346622,0.6377164422804276,1.6535039770799338,0.6059862817899554,1.3020272069171073,-0.33456412517336676,-0.4718943726970771,-0.672409748456103,1.6400398494088724,1.1548272111859663,2.312947085310033,1.7998188495042904,0.8762058977848075,1.7187699674354757,0.6900780122462727,1.217168168108334,0.110163998081489,-0.32406554472377685,-0.3975206925925425,-3.960437361216103,-2.7638091617021585,-8.335371275872147,-4.481499066188469,-2.231311019788788,-4.206204818041508,-1.9112839304284428,-2.89481962678949,-1.0060811660873294,-0.31767986172807183,-0.0410166333892534,795.6501010487959,6.5545412671325,-27.79833483245752,-0.03136477081823447,1.3020272069171073,2.2966158937503,-51.92817191639687,-13.319090665646202,-2.4669909489871125,10.538910218443062,23.77284327196747,1.6793111020494478,-492.1568627455546,6.209020484118252,6.55041612410124,-124.82177973192789,-1
2020-01-17,-2.2352568167406455,5.168040583386175,5.101343657481217,6.481581505887435,6.481581505887435,27.35914092784962,-1.8181818181818181,-0.06516521991580086,2.040913621982427,1.5891168845166128,4.103599830164316,2.1429284858169932,0.8539680612059367,1.960366206976457,0.7429373662817923,1.554678113736514,-0.1863904984620949,-0.42073547244088905,-0.6356912406713272,2.353284453697262,1.6943617183788302,3.7653176381278888,2.590129120952935,1.3365004098021545,2.4681532158986363,1.1008546121256941,1.7758179233377036,0.3667598402139672,-0.21098857026619514,-0.35625372446426673,8.788795008966565,8.496246199209045,9.094277619562217,8.768294347651608,7.995541622486465,8.7830502673098,7.501700321801856,8.572268402309952,4.944218069724438,1.8435137662514673,0.7072486932774249,123.94798066172493,14.771430045461106,-44.188103338064586,-1.3637115365869665,1.554678113736514,3.681991386619749,51.74525413349657,45.31722054380664,-2.329252093389772,16.126805744148367,16.344137881500927,9.495183124207967,-101.41666666664288,8.778684735831522,-1.6259298618491007,-498.63844425098625,1
2020-01-18,6.750986433165776,3.291126519947741,5.3737811484290345,-0.08623313381353179,-0.08623313381353179,-14.83404621205805,-5.555555555555555,-0.055239261031700154,1.7889984242203032,1.4593463590016025,4.066402848356035,1.3768084055718302,0.9127229729241679,1.9431335642906808,0.7875264160350975,1.4449219772941193,-0.25852557325737835,-0.3895608686565848,-0.638440346345309,1.979405098635265,1.5055194132793164,2.388293589635791,2.1212055690870764,1.2137386121920084,2.050502959620131,1.0121764137714473,1.5690843036753999,0.3474049993357075,-0.20877671854130872,-0.354522744147166,-0.2160768888707329,-0.15110452896069043,-0.47667428830217834,-0.24486169225779447,-0.122395205586937,-0.22960286988299045,-0.1051185595407845,-0.15817324262123234,-0.05587058796800873,-0.017776745333971618,-0.002297778510629846,41.87224789894137,2.920428410969931,-81.4854681210561,-0.6467973313131481,1.4449219772941193,2.8954461504409865,38.53914447134808,-9.130389724643003,4.6255413467844235,3.639526433012201,9.74823954107944,-5.675207540696917,6282.352941280446,-6.336025427018116,6.481581505887435,-101.33043353285306,0
2020-01-19,-0.2075949367088576,-0.35997470448021446,-6.570018507094392,-5.50845306391836,-5.50845306391836,-20.86218766802425,3.9215686274509802,-0.04394903172153491,1.3306850378258284,1.0471067322717968,1.0052114227608093,0.6636218512927101,0.7455295670248843,0.7719820896587245,0.5234680951474114,1.1324880419102825,-0.2843052399179563,-0.4252237462754962,-0.7007992690899931,0.8550642246326805,0.7733123538546752,-0.36675416019815243,0.8133142528520129,0.6411582806469468,0.8404672991656613,0.5303671273709595,0.7961092284641554,0.09828541687711524,-0.30285272301628013,-0.38765122570188987,-12.873654677528886,-9.17617087126783,-26.744028296777717,-14.478942178222074,-7.503452886885106,-13.630267709142865,-6.483212217211146,-9.58403229849446,-3.5095276062897827,-1.132937809758594,-0.1471686905710903,6.193308496929643,-15.326792851136183,-372.6605656005324,1.06668983526349,1.1324880419102825,1.1765456929690428,-14.681036993883023,-53.3721229309763,-10.183276471521388,-14.280821022616424,0.9408688496029809,-32.43133381920037,-99.07834101385058,-11.215527817627551,-0.08623313381353179,6287.861394240711,-1
2020-01-20,-5.6725353899233895,-8.553434555485035,-0.8528667326950528,-0.05372877713303026,-0.05372877713303026,-14.978025860418215,-9.433962264150944,-0.0375215716763285,0.7086970845000913,1.0690252869466503,-0.22861457470349486,1.1201448810145331,0.7956793121009618,0.604534450940206,0.5553347760643751,1.1660520594347432,-0.22523803169120984,-0.41151426715252337,-0.6518096498167972,0.7272142598730784,0.6923572212959254,-0.26318053889298076,0.6740042609482868,0.5855861446951262,0.7063368990907279,0.4898008183269232,0.7090993305872466,0.0921806682289454,-0.29866136057155235,-0.3856151759663929,-0.12696487483193314,-0.08852185867614434,-0.29491417180335083,-0.14435831649280922,-0.07176456497598582,-0.13510523576992384,-0.061706777484545915,-0.09266275616142951,-0.03298191243229881,-0.010545129247895602,-0.0013631568465581228,3.2926662879091317,-16.884044992641993,113.5992611738717,1.6160995730789847,1.1660520594347432,0.8650331052094203,2.0484807101400753,-8.491450565219424,-26.2507539355251,-10.647997450867482,-7.050302733372775,-36.34157740313011,-920.0000000258404,1.5549604711368592,-5.50845306391836,-99.02461223669185,0
2020-01-21,0.02689473401108887,0.6673429074795799,1.7703535157333916,0.4408128158262485,0.4408128158262485,-35.23988188598845,2.083333333333333,-0.02426029083269776,0.5920813212245575,1.1276826902840342,0.1786859227025727,1.4218638213596815,0.8970327650794662,1.0645551523149535,0.5090611241937191,1.1110550421951775,-0.1818998062370887,-0.40820379196176315,-0.683819951257435,0.6872353806359344,0.6679171746432799,-0.029754528993856316,0.6368076405366365,0.5740817897619982,0.6668085956127738,0.48641693269890973,0.6818391180477588,0.10616100143297548,-0.2861895828287807,-0.38055934758217974,0.7841853230080482,0.6527055034881505,1.8839216300423838,0.8494600569206904,0.586615328085305,0.8137769050542162,0.5389573624184522,0.6674105519141991,0.34433221360610805,0.1280301207153489,0.048888729735305066,2.4458594971684695,-17.123528635836283,44.076491013715966,1.603005719276262,1.1110550421951775,0.7795585599847463,-10.103713616594241,-24.449143728240358,-35.79761572341806,-11.595844396873439,-12.309687939243034,-12.914290658549168,935.3658536553896,-5.924245804546671,-0.05372877713303026,-920.4408128157917,0
2020-01-22,0.6990750699074971,5.112431056427642,1.6959319445959333,4.543994861913951,4.543994861913951,79.74238437422346,6.122448979591836,-0.043359420239254,1.3288131735017943,1.2914439029054992,-0.1899086130375987,1.8312451532733172,1.1941835087613013,1.6757709634594598,0.7387396197507768,1.4508410885711995,-0.06734634430529579,-0.37256032849785664,-0.6712486106522585,1.2242842043135038,1.0436671633534937,1.4939210662168776,1.2588335252979157,0.8891313307095228,1.2427056283171731,0.7665701871764691,1.073327840018912,0.2847153955793699,-0.2041310077196842,-0.3501840635725933,7.605485734362184,6.452494832269341,16.53300848991156,8.168059929744091,5.850287496811866,7.860920557837621,5.404679730507689,6.583959586310748,3.5119212974285663,1.3238771665610365,0.5078088853965002,11.726458387790105,-2.9525833788782294,29.689157172754932,2.0102839201992073,1.4508410885711995,1.0707854509950852,26.34908820245641,127.66917293233146,22.022450189181534,-11.054754471328414,-11.083343887195731,129.38148137205496,-220.84805653702978,7.265240551517499,0.4408128158262485,930.8218587966521,1
2020-01-23,4.309516180711323,-1.3168516649848505,-0.9008525926323205,-5.252649362617123,-5.252649362617123,-34.94845315268738,-5.769230769230769,-0.02829483338441942,1.1328717335665366,1.0872854790747537,-1.250946093684322,1.1514712223945405,0.8659064857823158,1.238896380487612,0.6105625912608231,1.0133922887271167,-0.1548377468309446,-0.3625436696078388,-0.6912800592756704,0.2928009893390231,0.41215306905345456,-0.8211390101022386,0.18857102078554955,0.384066803231589,0.24646003053342166,0.3353971434672909,0.4100742318772001,0.05245937510587362,-0.2939794854228936,-0.3819082536754104,-12.371180802826293,-8.742125051435332,-27.340148676288756,-14.001094826833867,-7.1436476890027665,-13.1349408525864,-6.176318316057309,-9.135160533084127,-3.363046695196148,-1.0916224643676582,-0.14158588241722259,-4.80972374595178,-28.049777828972694,16.47124170762231,2.2614091475194757,1.0133922887271167,0.15767514430467558,-26.391752577319693,-66.79948189195231,-12.341322482695755,-25.644930509734365,-15.553608119589127,-18.35167248608218,-97.85575048735579,-11.304082139773671,4.543994861913951,-215.5954071744855,-1
2020-01-24,-5.2270516561716125,-4.039061301702536,-2.6838374546831876,-0.11887393959043166,-0.11887393959043166,-35.62694752042015,-18.367346938775512,-0.0182674459859154,1.1392214262480802,0.9558365080106405,-0.13519555451467435,1.0644377120258401,0.793665282278307,1.052057389561419,0.6516831798601177,0.859416627992916,-0.17726521117681465,-0.3491262223406881,-0.7302291099550271,0.23686937885914874,0.3618963768352221,-0.5909268639754354,0.14078215995477372,0.345030231473041,0.19349958748266308,0.30466878146932413,0.35774372930226256,0.04565411120104903,-0.29101811743997397,-0.38028936390064494,-0.2834112663099928,-0.19599441343006882,-0.6985748073422752,-0.32418224887495534,-0.15881645023197494,-0.3023937813275442,-0.13666317408195264,-0.2052525145471976,-0.07350029195470825,-0.023635592732998756,-0.0030510412753466712,-5.366212246708048,-31.882068600421515,9.633166919626525,1.8338941942029483,0.859416627992916,0.17722063446892602,-67.10684273709482,37.579845446017515,0.9901767809934469,-5.975727132173976,-14.825421493557291,2.305072170511341,222.72727273004108,-5.62294612476014,-5.252649362617123,-97.73687654773921,0
2020-01-25,-0.1404494382022377,-1.1774734935265727,1.6958576591604098,-0.38409521233431515,-0.38409521233431515,-58.93002105225074,2.5,-0.007501380162987798,0.9479397899393905,0.7968788684265723,-0.2004029378218073,1.0797032835365712,0.7994149848992133,0.9523929081041741,0.7083756887540984,0.8495373131784825,-0.19933881281101826,-0.3649021409507443,-0.7110766754870068,0.1528023541026524,0.2916335218318186,-0.5228026395448087,0.0594074223987044,0.28869959386203686,0.1100299145694619,0.2582752923830674,0.2846998292043548,0.028612778387578752,-0.292594945877096,-0.3803128491142784,-0.9704669131028221,-0.6582856634133702,-2.6341263259061933,-1.1207076959330111,-0.5294392505015072,-1.0400463405438498,-0.45368331288165015,-0.6907219826164478,-0.24136561429327336,-0.07698198094801104,-0.009894795842464518,-6.495937423492232,-39.98254567535897,5.273569776782807,2.1557327619433906,0.8495373131784825,-0.08000434695405353,-149.3917274939173,-14.199999999999733,-33.99469609010534,-6.743981015798729,-14.247951085697231,-12.4441845764171,-480.2816901427601,3.6344750697945907,-0.11887393959043166,223.11136793964624,0
2020-01-26,-0.4273504273504418,0.932715117532904,-0.6342263531984774,1.4662756598240436,1.4662756598240436,174.84652443220924,2.4390243902439024,-0.020595985094268528,0.9891565750162084,0.8801904515125978,0.0,0.45328420164705296,0.8905529514025469,1.1092090046548295,0.8483550478910331,0.5077943475138662,-0.18426438422640687,-0.3170317471346816,-0.6046340783846605,0.32966889009985884,0.40152434250561353,0.13325438985977925,0.2765554717923241,0.37906621983761263,0.30505699465394465,0.3391219594750862,0.40026578897355897,0.0853868255763995,-0.262825086364575,-0.36891831258316105,3.130749324696188,2.360253933413107,10.728783229309691,3.5620753800319287,2.052320091996077,3.324299415175571,1.85672840334925,2.4361553845861783,1.159723796605205,0.43077263037573393,0.16372104629143183,-2.8668270768308854,-33.73926149289686,3.319262647968398,0.6172196958972965,0.5077943475138662,0.4281804349767225,-141.871921182266,62.93706293706307,25.964724531297723,7.608385136980009,-2.004001391441261,3.6127661719335333,70.37037037029734,20.89122613724608,-0.38409521233431515,-481.74796580065953,1
2020-01-27,1.4939968490248325,4.011537845200567,2.707164080554635,2.4619995718261727,2.4619995718261727,55.99337593568248,19.047619047619047,-0.03198358417858595,1.2064461773429687,0.6054865698637643,-0.4154961921750252,0.14319429344222687,0.9356758995000044,0.6071438820312414,0.8650117589686342,0.534651467769578,-0.15888673595207833,-0.30409881385815696,-0.5262573576942017,0.6200519758592404,0.5963313843668947,0.9115688009125433,0.6178776610790037,0.5406408013051379,0.6188144137847257,0.4827937270760002,0.6040580914655007,0.18053539526635656,-0.2159063710471507,-0.35112811863137683,4.984506948243962,3.835407716493565,14.501999717719242,5.611101408229925,3.3632758476651965,5.2670898328839035,3.0586461665140474,3.9505026592837034,1.9424493057216279,0.7321785531980554,0.27958185385513173,3.065407635276839,1.5358208588471736,3.261967313451443,0.35097146809606766,0.534651467769578,0.6685419228441709,-435.2941176470575,93.30255783811707,52.284083494376176,8.313096109645466,2.9609602063243137,18.222656829321892,-19.782608695640015,-2.7449638571637105,1.4662756598240436,67.90837079854558,1
2020-01-28,2.5479070763301612,0.8268282662284379,1.75184828029573,1.927496865858743,1.927496865858743,-8.69911947639452,8.0,-0.029129549376190687,0.7032268609853823,0.6055657798155476,1.0790055130103129,0.44088441678802864,1.0855828335873219,0.2823845809054039,0.8784533294863043,0.9055789684928973,-0.057398461768277606,-0.3192955236318286,-0.5504242658141228,0.8013605914130763,0.7245201558075337,1.2563296402584472,0.8261624381401143,0.6502760569765154,0.8126677729115116,0.582493970797327,0.7372894238615665,0.25206842958066045,-0.17800866317345576,-0.3364044272316127,3.6140411849921437,2.863726946998742,8.522327406185283,4.007064404170847,2.541722608370195,3.7926026693729695,2.3287712978514956,2.9408519510886553,1.5146710865367314,0.5835376064933728,0.2245037723274233,6.263225221300332,24.664745650229808,3.9380648658029136,1.28689700971528,0.9055789684928973,0.6285004199643681,-67.71929824561389,25.917890380893898,51.32265470701098,40.02734655939617,19.498697136372904,-30.050957774790515,174.79674796734423,0.8370332090612843,2.4619995718261727,-21.710105561512272,1
2020-01-29,1.8269130389393442,6.2089339377578625,2.5430421734323216,5.196535642904736,5.196535642904736,16.07852072939567,5.555555555555555,-0.033575296878584605,0.6443381661841575,1.1269161937037602,2.166808149405842,0.3572228886281743,1.2048376785601773,0.8179502078398007,1.0907270805271443,1.3380291416338923,0.1518166807695283,-0.2732224792530346,-0.5022350692965897,1.417666301316377,1.1603102845262043,2.6023234972575073,1.528828763146971,1.0142325419999212,1.4692252617460422,0.9051710188751431,1.1915081838393764,0.45791367459226834,-0.08097647201570776,-0.29984034935579523,8.416975996414063,7.016890550726025,14.846263424657366,9.100397920300672,6.359563794442915,8.731127536651384,5.9004567980741465,7.168279110968304,3.9854466594263713,1.5857006642105185,0.617413749121881,16.595964627396175,80.88083647656777,6.853316616439872,1.8645325095905378,1.3380291416338923,0.9529509091364405,-1140.7608695652168,-5.235602094240802,24.34464027009752,23.76433236865627,24.36540232173149,-5.783903354763036,-25.147928994075592,2.6146730498310142,1.927496865858743,169.60021232457828,1
2020-01-30,5.177363133073613,3.1603683099942446,2.2078455535017447,3.6975690553904745,3.6975690553904745,25.18044482932161,0.0,-0.04181704962444214,1.0396429509057548,1.4646374871912993,2.982904385035691,0.6957031899896274,1.2506440784665942,0.633574618323682,1.2554076968516463,1.5463285259861361,0.22820238331653567,-0.26334903028802426,-0.3626910325327456,1.7492736624290757,1.4174268967550172,2.9859246398120214,1.8901140084386623,1.2379445220862058,1.8152160946243279,1.1087588902568997,1.4568786572647632,0.5991470815578585,-0.00915536296603947,-0.2719674033838978,4.86270716917205,4.351281656486237,6.034955827921645,5.081149161763422,4.0643339656946935,4.965201287202282,3.8414765460747744,4.4122651629668965,2.751938550861487,1.1571193407903848,0.4604463485954711,18.433470779135984,52.2277774216087,9.763526201363689,1.9202848061315498,1.5463285259861361,1.270351693682636,40.1566579634466,6.138275521236139,7.719151778574622,22.13536070078314,27.015947714657386,52.22113112605739,-127.2727272726793,18.963433722238126,5.196535642904736,-28.84549804947329,1
2020-01-31,3.59684179744614,0.09762447120076571,3.5516929568974143,-0.9724701681856728,-0.9724701681856728,13.467451802855528,-3.508771929824561,-0.047358846084883985,0.5066777529491282,1.40820033234149,2.4154345765173937,1.0726506689391873,1.204321589636347,0.5534907564640312,1.1588478733687773,1.3641414927713233,0.25769660504062714,-0.15634459711644108,-0.3845182008279097,1.3458212242672283,1.1697984358210658,1.589947833330527,1.4047836356418117,1.0491831540267555,1.3743748907121394,0.9531357212858742,1.1939499895551662,0.5285218824823537,-0.02814444721613356,-0.2770462537855933,-2.769178541143938,-1.8937037460200232,-6.922538307941051,-3.1866124483294596,-1.5310892693425586,-2.9630095373926943,-1.3173856946306288,-1.9848958750725263,-0.7122335088321237,-0.23027160995931373,-0.02959518356637794,9.115493521169132,7.788037299247938,9.587805373837368,2.138439110620309,1.3641414927713233,0.7890485636427953,-10.767511177347274,-9.718710365476241,-3.112930846741438,11.956780246240239,18.46609459692364,-42.922657111087844,-5553.623188413459,-3.3891668784146427,3.6975690553904745,-126.30025710454174,0
2020-02-01,-0.9079789235980531,52.39178896526102,2.095764808615914,53.55567152141943,53.55567152141943,1356.8268290186086,3.6363636363636362,-0.6455762390868381,4.679669235911355,4.159076878520248,13.022284808319442,5.921929983050691,3.258376849892106,5.478950093599332,3.317830093952604,4.297925979281034,1.5761180346119457,0.37924524766257967,-0.1311810042967094,8.908012271544196,6.482808153881445,19.45405366362091,10.039307911351349,5.4433391489833856,9.435226160664682,4.811446330747616,6.739739427977281,2.8758717783944996,1.0181348162425086,0.1105349305454179,29.054890141738376,31.488685991587534,23.125342185098617,28.168205812530562,32.431544160507315,28.620983842956925,32.690470687690244,31.21598717967069,29.12174332533664,15.298919784828058,6.768659484098452,102.32948446337262,295.7870599427482,34.62729532058241,-18.06759859109783,4.297925979281034,21.131838446845173,435.90814196242144,14.948844986424744,3.3605090938918627,5.361985587796936,12.280274189428907,230.80485475048792,-115.74098680130804,24.978826074528968,-0.9724701681856728,-5607.1788599271795,1
2020-02-02,52.90319517637564,20.51930637247431,43.27393680209076,-5.489990113692516,-5.489990113692516,6.19733559653068,0.0,-0.6536985957480398,4.226321100205332,3.5251907354290277,9.652095876208017,4.83584053544737,2.7211508094175856,4.5271234697499265,2.815496975138152,3.702641080197268,1.3922131388172019,0.17476157562088127,-0.20123944640543706,5.967632216939393,4.7317182072428,8.431146932888376,6.4513565753888225,4.110856277080979,6.200068900848019,3.7044518856694806,4.8763396657709235,2.3231041889495345,0.8249662855227164,0.048686141238288606,-9.439535737284627,-7.893327808486992,-13.400145089902656,-10.02108773785575,-7.055855712898537,-9.719195333616328,-6.481288072627158,-8.081820559244964,-4.357573309923151,-1.7580689886308398,-0.25187606569736165,30.94464434467945,28.8176223281987,33.13299758590505,-5.054506388648795,3.702641080197268,8.160907466309588,-5.85118815738209,-42.77624575667402,-13.811782600836334,-8.209352230883676,2.5085559202959318,-9.05485108727704,-80.3601575689487,-28.746639289534432,53.55567152141943,-110.25099668761844,-1
2020-02-03,-4.968018381668004,-15.222778536387999,-2.4276996550809233,-1.1408584224118383,-1.1408584224118383,-60.40836164406886,3.508771929824561,-0.2625424945438523,3.940193015297043,3.3535558199531064,7.719446011553484,4.148668699226305,2.772642519934978,4.175351769232076,2.5927455131640675,3.0797895391456094,1.3402822722576075,0.11745125987739735,-0.26321860535160163,4.672890321945759,3.9566479666216554,4.744292739443029,4.893993671432904,3.5298348844274443,4.784018543357032,3.229937199786671,4.050142351398331,2.111702147077807,0.7702728747101193,0.036276775218532994,-1.9476453789140566,-1.5981038281044462,-3.061436977699283,-2.0876253107419425,-1.4186422887654184,-2.014261551793782,-1.2982685434221093,-1.639298788595162,-0.8653826972660915,-0.34752286582092257,-0.04969069880561545,16.244404653579252,6.049979661673073,26.392808573608672,-3.1304864012767872,3.0797895391456094,5.855142883217204,-2.7060575968222644,-4.972583424721963,-13.355622484491288,-8.44042013415395,-3.7906180187765632,-4.606303049318253,13.180515759322004,-8.622483624754963,-5.489990113692516,-79.21929914652421,-1
2020-02-04,-1.467032607985367,-6.77682992304479,-5.146159075458865,-1.306130546921498,-1.306130546921498,-18.21685516012059,-5.084745762711865,-0.21642883724243184,3.6354813601383507,2.7774295099606547,6.315005237301495,4.218122303228671,2.7337401904585548,3.576617783218241,2.4701929367278592,2.619140365211818,1.3979612644730994,0.03393404386415562,-0.26943335482014086,3.6443566999804515,3.296118752957041,2.5447862130750396,3.695355973293726,3.0189471224924778,3.6756671205418416,2.8045163543257567,3.3513851088879423,1.9097594737960337,0.7135985498964618,0.022437526777262642,-2.307314654050093,-1.8596350169434592,-3.991957008265258,-2.4957992804860307,-1.6400358754282252,-2.396285506014381,-1.4956570441394228,-1.9109080924377537,-0.9891515369177343,-0.3956895316514909,-0.05648946150961299,8.707798519603138,-4.693586940896509,19.901479713074625,-1.6909792261799537,2.619140365211818,4.381813813013938,-2.755805052309288,-7.325677854726104,-23.442745456216002,-11.638092004180756,-9.330940387631124,-5.689779124381043,-344.8101265825199,0.04958261106571617,-1.1408584224118383,14.486646306233148,-1
2020-02-05,-0.9251583380309761,1.3598259422793715,2.117824123844339,3.2398566020035364,3.2398566020035364,-6.021905858881474,-5.357142857142857,-0.20169571438120687,3.5450317390484662,2.660231600286588,6.754459608539835,4.400385466485837,2.8558170293190734,4.120366805384873,2.3285858015261804,2.8469388463648677,1.6758177705634358,0.058923105109283724,-0.29169417052672475,3.5780966786869013,3.2893719280150204,2.7879757444796525,3.6115439753870966,3.0413049568203694,3.6001647470174563,2.8437127412785443,3.337491233815866,1.9858683057778708,0.781168623579847,0.05516621268767687,1.787090645397069,1.6983471314812766,3.066735887434527,1.8625590631989302,1.692948846974985,1.8199467311764708,1.6944740283357358,1.702454122502063,1.618883709408336,1.0641568344405312,0.544879205452463,7.616091598191646,-4.730114103097861,15.813080088596937,-0.8492962596704158,2.8469388463648677,4.270613196534431,6.096387649785674,8.264100295019434,-1.6447298293946038,-9.294161933261154,-9.76848283689034,0.4286190604501131,9.927611168560718,1.9750761087716735,-1.306130546921498,-348.0499831842805,1
2020-02-06,3.1595153624740746,5.167461094100213,7.474470996947034,3.449730641916006,3.449730641916006,15.628266089280924,15.09433962264151,-0.22937692008724708,4.057650811378434,2.88706879230524,-0.31911713093555094,4.602593424475792,2.9005466836413643,4.306192402425714,2.3912301418144533,2.737299788676789,1.706013212962576,0.1265981526683142,-0.24785151185661675,3.5571380656559777,3.308592549700198,3.020526809046548,3.5818770893312495,3.082720605695501,3.574193299840584,2.8984864710737104,3.351460459962139,2.0706611753521122,0.8542862331876125,0.09079597022253585,1.8270652906129576,1.7442044255869018,3.085807607925011,1.901744934430643,1.7446435354925138,1.8594646814704956,1.7511922820350838,1.7472582083356514,1.6973428677498057,1.1454110342797965,0.5969590621100376,6.938228178360687,-4.286469174100165,13.068694204095928,-1.4742863648977402,2.737299788676789,4.279819191920533,4.971145919208541,-35.391151580900306,-12.005156632828053,-20.454462195862725,-13.498396195265478,18.28720962521341,-94.73189087485635,-1.7367275580714534,3.2398566020035364,6.477880526646532,1
2020-02-07,3.432613068587361,-2.0170488654100307,1.7794756260815745,0.17567525174891144,0.17567525174891144,-37.30975242237521,-8.19672131147541,-0.14347723780897553,3.9221748121013422,2.5658309184830546,0.8750024450515497,4.330134783574955,2.8036985034516064,4.167565801236757,2.4993619600587076,2.6803590752367157,1.7108419573544777,0.16729830149126237,-0.2392043444176018,3.005611613574627,2.932567552968653,2.0166362365247723,2.9581801325601926,2.786887533735309,2.9881668357865214,2.6510721858762416,2.955828973147746,1.9594128401640039,0.8352140428758627,0.09171677110506692,0.09456203066688836,0.08965251645658359,0.16495358399559365,0.0987887735849604,0.08949526892803993,0.09640187986236858,0.08976935162229051,0.08986502105068502,0.08720054977477298,0.05957973192205843,0.0313675008151541,4.068433639022617,-9.705338131155482,10.436428337061548,0.0423205183036839,2.6803590752367157,3.593242675245467,-2.4581795334956347,110.03825779606771,16.86408483091211,6.677785920966567,-8.761134305353652,0.403839038360157,-1246.428571422081,-0.05798959832318767,3.449730641916006,-94.9075661266314,0
2020-02-08,0.21329987452950303,-0.8944982232569556,-4.74464262799949,-2.0104593993674156,-2.0104593993674156,0.7067408110945325,0.0,-0.14513465738610648,3.6138965365305022,2.373684329056461,0.678029641982237,3.805200785662578,2.638830854447331,3.7309302910581343,2.428924242400663,2.704899496951435,1.597703878487082,0.11110820569993382,-0.212768024910294,2.209952941717991,2.3551762518055197,0.6212000269476999,2.0729785991282785,2.3110917319120547,2.14976298794892,2.237706274056602,2.3538476751602895,1.7304320681181313,0.7557602190130093,0.06889248087499533,-4.169559786671963,-3.187803830209776,-9.499413748536496,-4.635205763988234,-2.760670056980093,-4.3852507930884865,-2.49498878203872,-3.292180162636223,-1.6244130693687433,-0.6510586068912043,-0.09329545069945033,0.5486254177195753,-18.400008348544397,7.711336539932639,3.0985148664486704,2.704899496951435,2.573359252852333,-13.333333333333306,-12.679524117934088,6.159180413338163,3.8242711934232627,-4.4997241424166345,-7.033135617873445,-871.0280373835682,-19.39469206096201,0.17567525174891144,-1244.418112029223,-1
2020-02-09,-2.2254914235633003,16.28956478733928,5.179671976560136,15.819245150362734,15.819245150362734,154.75530419172142,0.0,-0.3559925720012911,4.755468639963618,3.525567312557428,4.104980675646194,5.04816397479537,3.1252891371894194,4.877721732779423,3.1340161076395168,3.663944863227871,2.102838045485628,0.33390448365668407,-0.14327184936274853,4.279547132025582,3.8608244008932107,5.749766671112652,4.4240096314079205,3.594227070893604,4.349126519018499,3.3920193989867444,3.916440375787622,2.513186841903729,1.1647995197299927,0.23634785247528836,8.219733639014812,7.565522612747156,15.981169208789723,8.708299820879366,7.477677020760873,8.435034712236993,7.4705366652565806,7.605317835883757,7.281702371170449,5.138729711756113,2.779932008747097,9.829226665142423,15.322152863454248,8.256214803443255,0.0889688281893995,3.663944863227871,4.864763890602586,38.93534002229655,35.6347787377837,30.147833007209034,13.372332590227684,8.054646927359913,10.081807485592382,-136.20202020201253,33.280479877073226,-2.0104593993674156,-886.8472825335359,1
2020-02-10,16.04187341934245,-1.4831747381851121,6.3686721526688155,-4.944675919538649,-4.944675919538649,-33.27405154332728,1.7857142857142856,-0.23679998235972124,3.957306084245,3.0612639135188506,2.24166851673704,3.9994714101856927,2.54951314722709,4.063012603064626,2.718226346996645,3.15893880495332,1.8483709907738208,0.2470271777227822,-0.1765792492835725,2.7215701129336263,2.7627540353817226,1.797304340276982,2.646824675315993,2.6874015440028476,2.6894238009360247,2.598308590278563,2.7703693886762295,2.0450565976660027,0.9748689775300518,0.17270056770120307,-9.039198354904295,-7.2063303797547755,-16.88929356659023,-9.866290068992638,-6.371967561486135,-9.425784670894828,-5.840829218163246,-7.406781085241095,-4.015036473403777,-1.7337688651473677,-0.26045613495930187,2.3975116366558047,-11.794713992803585,6.727020609364613,3.9352394406733096,3.15893880495332,2.9100582311483447,-10.598462052825152,-29.320908757370447,-5.327704458679763,2.3462794282074118,6.366314845687151,-17.357391354142628,-202.95758928574554,1.0582743069674372,15.819245150362734,-131.25734428248154,-1
2020-02-11,-4.960273670271466,-1.2033239801424616,0.6110776640578018,5.355743272663936,5.355743272663936,-29.739780299288142,-8.771929824561402,-0.1651391021967859,4.173775922876806,3.300787803017423,2.6641976946879464,4.145650216287562,2.828291826268473,4.121606608372827,2.8906732905287518,3.255669402224103,2.0272238855837017,0.3490180562073877,-0.1570279316146951,3.133279121019531,3.0618548253260713,3.025335176923585,3.1226864807816472,2.9497160982996475,3.1301813740181523,2.841534504447449,3.079651619288871,2.238634094568992,1.1030768888657727,0.23311993152103375,3.099138289505239,2.6830924669787106,6.764894262338708,3.360878080676171,2.5782840431687535,3.216492840464992,2.5356747612192234,2.71620437079385,2.4087271744202465,1.76859864975295,1.00891404970499,4.188462562736485,-3.358884752044184,6.091304435120087,2.9834488157937598,3.255669402224103,3.3438122382058255,-70.63575168287211,38.79310344827583,9.971216698623115,15.689087535821711,10.393532282803298,3.673259477508283,-121.95121951217693,5.202211254129936,-4.944675919538649,-208.31333255837805,1
2020-02-12,5.47169811320754,0.9721994647441208,6.489543128983027,-1.11588692345843,-1.11588692345843,-10.00396765381829,17.307692307692307,-0.1473502173824481,3.667757778048385,2.9677800983090785,2.3242150780222124,3.9281110586537693,2.502212156651664,3.6662214545381158,2.7711298476652204,3.2698378061122724,1.98830853917164,0.3000940087534634,-0.1344265509017166,2.4548427219740563,2.569227274017006,1.5638565870546857,2.3619949186437887,2.540701346075159,2.4131353895380414,2.4839270371821773,2.566666697752808,2.036513539171007,1.035406589837227,0.21659070680097145,-2.0879975279719165,-1.6314921545500076,-4.349813271808221,-2.3032145690103762,-1.4331094946989331,-2.187895587946315,-1.309679644123175,-1.680020025692729,-0.8977472103064651,-0.39110103697796766,-0.059259426788509095,1.2739672980019754,-14.543128000480305,4.906564455906967,6.320794543975953,3.2698378061122724,2.285407313020153,34.946510443198974,-6.135434025147732,-2.947060844457912,1.7908631922245923,6.398733181639728,-6.351889354247225,-922.4691358030963,-4.459237819828328,5.355743272663936,-120.83533258873689,-1
2020-02-13,-1.3870923352139741,10.95634770379185,0.03090582153292067,9.281395413636492,9.281395413636492,130.12270454375397,6.557377049180328,-0.33017945618524186,4.130345162724154,3.6500286356227543,4.552605590133472,1.7486907787952102,2.946409841186979,4.393398157005649,2.923720423049076,3.7770871890529745,2.291272675495897,0.4507644559865371,-0.08482141237175472,3.5068068154554246,3.332270907008212,4.215591438402601,3.5616189022757623,3.194657841181826,3.533031204041885,3.0765960724878427,3.358193521110225,2.459554272319603,1.2815246859322502,0.3261839244205084,5.116164964256629,4.416419836712688,10.901369098724725,5.551248483678424,4.24046257657772,5.311720404534563,4.17180230502721,4.472386875300009,4.005820175103026,3.0573817050960863,1.8079371838787872,5.823752191609036,9.562367036861387,5.1243200899410315,5.487433237608764,3.7770871890529745,3.203449693052792,69.46017365043434,4.385296764741716,9.751683401944964,5.151952227657153,7.145870927659965,6.41297089548106,-80.06604623235604,3.0715699025209835,-1.11588692345843,-931.7505312160989,1
2020-02-14,8.81638804387261,-2.05728214503351,6.996601409993561,1.6930137684854616,1.6930137684854616,-38.184022433800244,-3.076923076923077,-0.20191260004507797,4.159156004290791,3.6381225050494694,2.000626053719855,2.33089533670436,3.1184854411062304,1.7436249582420504,2.7757023262188407,3.768630321413103,2.3371069088381256,0.47391306581312087,-0.08118898001691273,3.2117099995877676,3.1351903017338154,3.3067055620069827,3.2197641588897437,3.0403811686103843,3.2163515705027566,2.948700295658336,3.150654574144509,2.41181456471147,1.2947764935831785,0.3441838876155624,0.8497677021061609,0.7549843533722214,1.5348245125061957,0.908938009330759,0.7336976621798569,0.8764599877042752,0.7272843925680034,0.7622816744708933,0.7180442486615971,0.5748539068680225,0.35368384013885606,4.298098724096848,1.0733924163623136,4.926856267650811,7.097988456709679,3.768630321413103,2.6272757891835448,11.79550011138338,4.671816123851908,0.8765905095451068,0.13290221371302824,2.3240702371637534,3.2336820293281496,-858.2831325297639,2.990174107088204,9.281395413636492,-81.75906000084802,1
2020-02-15,2.2928956142600643,0.007466215375416394,-11.610752349451365,-12.624109918764411,-12.624109918764411,15.59643284675953,1.5873015873015872,-0.23911891415368675,0.5268187030194579,2.6960876790351405,0.215359434896818,1.1292192528573732,2.3097876309003254,0.9708782138394564,2.094405303005998,2.7343941621150063,1.8661856436163051,0.25099129943304765,-0.1693977610635656,0.6731964262488696,1.2670134913684692,-2.3435152602957965,0.3640567351986263,1.4520787072287271,0.5303352953716598,1.5267368033369977,1.212356780063724,1.48195826046547,0.8447631776642622,0.17110706306148693,-20.697560779440433,-16.620320233946178,-37.88651172720534,-22.561723276370742,-14.809564266195311,-21.568154797341386,-13.673285969083535,-17.060218224010715,-9.795996626676938,-4.599597773670255,-0.7379675348384163,-6.097557070917739,-50.84988082330154,2.307851214981664,10.330514021356167,2.7343941621150063,0.01688901485480081,-59.798744644814164,-78.0300241643619,-24.229499920812835,-10.615779298767846,-1.8959424940876906,-83.26104712755765,-63.01886792453198,-15.871100960761034,1.6930137684854616,-845.6590226113533,-1
2020-02-16,-12.684284424831999,-8.814453513836344,-9.028540880876722,-5.343051450543762,-5.343051450543762,19.38714737592711,-7.8125,-0.2912365040182338,0.5061034470376233,2.284743986633073,-1.7766579275368382,0.7610497639291278,1.987507729505511,0.6198767021204507,1.666896906828139,2.279290938488964,1.6347548047022593,0.2348311371715029,-0.23340135183819738,-0.16383624896825846,0.5909143493908295,-3.295373000076633,-0.5314767704536382,0.8586816862208435,-0.3352779444598772,0.9868832157478784,0.5169876058578493,1.118552546623469,0.6714241199780862,0.10691453742997101,-7.579344321127094,-6.04953389320289,-14.393114088751357,-8.28959280433613,-5.381331320256934,-7.910232581847046,-4.965628713970172,-6.212937925302212,-3.563449969580501,-1.6889766574337464,-0.2735230916871276,-9.451206536051195,-111.35602323045293,-0.25616814055345216,10.25971460856409,2.279290938488964,-0.8701017451806298,-72.49070631970244,20.837272339393564,-31.718006301818374,-17.45422841757263,-9.01788927369598,-3.7775016137373085,-105.80021482278686,-5.809975921728304,-12.624109918764411,-57.67581647398461,-1
2020-02-17,-5.17731514716439,-8.744064188635987,-1.8869772452744022,0.327401703701449,0.327401703701449,-20.07368439502995,-16.94915254237288,-0.2343347401366897,0.5996002664890017,2.1787373599344115,-1.5282039501392337,0.5486760574221802,1.847814831568474,0.728945744263032,1.6550078254026996,2.186480269035931,1.5948817064740253,0.23585363845520335,-0.2111566317999124,-0.09903651566171495,0.565551393637305,-2.1700828642851158,-0.403224730359468,0.8151394983223993,-0.24252024589155635,0.9383070986158285,0.49804957729637234,1.0791186740563203,0.6623627854081905,0.10934157755713254,0.33322510170444264,0.23740462050232647,1.26591810549178,0.39019146763219986,0.2070560322131008,0.3587744687154217,0.19154299281251075,0.24588543927298542,0.15253682396310067,0.10163158447954715,0.05828484655380345,-9.110758152579876,682.2000342743185,-2.008893428149539,10.283121557869777,2.186480269035931,-1.36752419220491,4.68468468468434,22.31531473539361,-45.46780608438757,-17.59680754458768,-14.895683022294406,20.314931114912433,402.7777777767584,11.63838164777605,-5.343051450543762,-106.12761652647247,0
2020-02-18,0.08782024105140303,0.7805490759016608,4.937942967424238,1.6407312282822235,1.6407312282822235,-36.47072231452121,8.16326530612245,-0.14752336835812788,0.7919861282302928,2.1588748479235202,-3.1005082345100243,0.4212827953464933,2.0241869673984185,0.6292012664235045,1.8258903129143047,2.065495310848333,1.6277329945079682,0.24231287663823803,-0.20450855044689764,0.1314377652072067,0.6687918317709407,-0.9561663289893791,-0.09577197786219065,0.8824752849746755,0.022591362208295735,0.9897331456221656,0.6119999927697446,1.1069033323034982,0.6880466460751891,0.12623525930906992,1.7368398456334417,1.219402543677686,7.045783138034724,2.048238685548222,1.0575130011263705,1.8761858458549034,0.9752521140974916,1.2648347748307216,0.771105696271114,0.5124848381498611,0.29405313034467634,-7.850738486029263,50.30909195615454,-3.0814525683556773,9.613063524602662,2.065495310848333,-1.6388309651663757,101.97934595524916,27.63313414779221,24.046497250268743,-19.56101807076695,-18.0731224411432,32.03230033675616,-569.2449355429872,0.2928070563228641,0.327401703701449,401.13704654951795,1
2020-02-19,1.518864784726642,0.8130805068399758,-2.2893743856422737,-7.574766632974626,-7.574766632974626,-29.561934863431254,-5.660377358490567,-0.10462523970318574,0.05720669649983204,1.5803387487451401,-5.040899267997726,-0.20082426090476316,1.6528091198873571,-0.17425112975396104,1.490273483323326,1.513257207419962,1.3980704902170844,0.18156005384189236,-0.24725443863311394,-0.9048229794291709,-0.13040982437878548,-3.119769245339878,-1.2403199152790068,0.1875127238078281,-1.0642163162501763,0.35866497064324987,-0.21274762263594582,0.6751273353593246,0.4690811562146154,0.03999585963041115,-11.019534913275052,-8.511867681558297,-24.12412669814519,-12.245203958566961,-7.479113970921754,-11.585987791364804,-6.856949465681289,-8.77045890126016,-4.860454912203696,-2.3122961216321856,-0.37813568298031863,-13.632064721546989,54.84610860189522,-4.9232159550030605,8.802563911771674,1.513257207419962,-2.4735666042496023,-319.4716659565404,-71.07391910739196,-14.491995814195628,-39.56723903607062,-24.103575156465766,-93.18290262071457,-100.9811616954583,-6.0687079766845,1.6407312282822235,-561.6701689102996,-1
2020-02-20,-7.424075343486425,-6.958467017926013,-1.4408567256206393,0.08041170794467906,0.08041170794467906,-13.0484924013511,-12.0,-0.0915644269064241,-0.15784992656457414,1.4476467088093108,-2.254027852395611,-0.04201209279899282,1.63831867562037,-0.18143104289582224,1.4616881551639884,1.5259747171108287,1.3622022972319416,0.19051312638198048,-0.25903547400994814,-0.7812549120295873,-0.11149449507353285,-2.1217444515086656,-1.05116561365965,0.1793937113746996,-0.9112514684044779,0.3397828737276535,-0.185393179970042,0.647973389832612,0.4596060025151256,0.040414004800047004,0.10223458484661596,0.0678024516374252,0.5006232007199718,0.12347680390130053,0.057210941386736,0.11169174124581681,0.051842330963963894,0.07078604231503896,0.03872871972087864,0.024363809438632186,0.013636659482324417,-13.43966686164752,21.157437894603888,-6.2737106361076265,10.684722498379488,1.5259747171108287,-4.062505350984476,-35.274703940982334,57.463016953682036,-15.825149952861178,-2.3005919838305093,-22.9237042590549,-388.12502511237386,2603.999999971372,-2.999331241432057,-7.574766632974626,-101.06157340339217,0
2020-02-21,0.08370356062069963,3.1668195767028435,0.7935201343386837,2.172585569660945,2.172585569660945,-0.047762025079602324,0.0,-0.09089522908546817,-0.029462109030523324,1.55518421354458,-0.7386135556585002,-1.0626840294112716,1.6634367539948742,0.11110074170854321,1.420581629554772,-0.08641424322388677,1.4291459357415814,0.2244110414085379,-0.26350199081389086,-0.4075670838139984,0.09383145076639626,-0.7523610027280805,-0.5841820868020992,0.3303424210859695,-0.4950118406822415,0.46383425327686456,0.03521368304833644,0.7171926615292838,0.5012081409702981,0.06248241944977656,2.859573784017767,1.8713626842987066,14.76094963226201,3.4755490412613157,1.570756252172435,3.1332993917556293,1.4192380445307171,1.9563798343807468,1.0531146470100012,0.6609357431749617,0.3701395668346742,-11.23961358253039,4.591218390630979,-7.0009710585379015,-0.20243039491154302,-0.08641424322388677,-0.004741833370001272,35.06298740251933,175.0797974557057,14.496727783269492,19.325241995674656,-13.462775095733317,-81.83784199660221,-125.44378698219798,-2.4919172213559158,0.08041170794467906,2601.827414430124,1
2020-02-22,-0.8910190427174456,-1.1744863538791825,-2.969423755390055,-0.541033625868952,-0.541033625868952,-25.328177077426716,-2.272727272727273,-0.06808151249044678,0.06807337812059105,-0.10707571782902604,-0.9183159230754863,-0.683078245044073,1.5573232266489023,-1.02587550106316,1.4982677136562574,0.154091288595897,1.3610045252130734,0.22811857772986546,-0.24218780005732685,-0.42488925653553994,0.03557540318229564,-0.6829865421594283,-0.5777584016044071,0.2631395221904555,-0.5013901414814711,0.3946639815153798,-0.019850540798710865,0.659242164295156,0.4754748668227692,0.05610417852284719,-0.8764679868980645,-0.6399890344798754,-2.505467482345778,-1.0009618156528655,-0.5500925948965354,-0.9332932579881538,-0.49815113912991443,-0.663202665893345,-0.34223264076041615,-0.15952729661968054,-0.025876555270817784,-11.652461277166374,1.6356674116555694,-7.6511375888888535,0.4962395697620158,0.154091288595897,-0.08629618664505061,-5.174328225627449,1.2054556773378344,48.99572897812463,12.81451654196488,10.029043951827148,-335.517697939253,-476.1627906984278,14.910601624118897,2.172585569660945,-124.90275335637915,0
2020-02-23,2.51533543215086,2.1131349489558477,3.1511968488031608,2.046238021442809,2.046238021442809,-1.9975220394554567,6.976744186046512,-0.0662233707936265,-0.8244134220727194,0.23971171625005633,-0.8615222319202716,-0.9789268259488427,1.567614676305358,-0.48954969501254175,1.5514671446069725,0.3029191891224369,1.356226713972806,0.2895557223552451,-0.2395180319688136,-0.10454406147357315,0.21901295661712145,0.21424269752598263,-0.1869691864814736,0.39955396905287843,-0.14844719638242815,0.5072908156972682,0.17654865501190317,0.7223617095442294,0.5138651356443231,0.07701132378001976,2.884762433989796,1.8525087907897377,14.846689335532284,3.5316269399094167,1.5415144345091791,3.172073092879731,1.3857522911796962,1.9408171680839557,1.0151765139182487,0.6341986599241966,0.35580914748702946,-8.953359638060498,-5.549363737992665,-7.8252703339393115,0.9658827731312998,0.3029191891224369,-0.16558329713267378,62.85714285714289,33.768267223382075,41.685596861505836,16.321497232623187,15.987835132114068,-1577.2321112768534,-267.23338485305726,7.272060350859837,-0.541033625868952,-478.2090287191257,1
2020-02-24,2.1021971759640277,-0.24006320651512014,-0.283951826103986,-3.3533750697328655,-3.3533750697328655,31.44749233039075,0.0,-0.08724793287486281,-0.6827887056500909,0.13448862200555967,0.059538513183979194,-1.1547627520904762,1.2897533771763088,-1.151583032291652,1.415684722467035,0.19949596307909473,1.2567468110876865,0.21114507278080794,-0.24541819245149865,-0.5347748500951438,-0.11284676807633415,-0.9800479050323974,-0.6690897667417828,0.10773024179382712,-0.6022100080305318,0.23998680252969162,-0.1652631256261461,0.5344447727921869,0.41790681888397757,0.040264638970620825,-5.76122067330151,-4.131765039799533,-16.93663463975826,-6.629589326182753,-3.5245123052433422,-6.157029384509254,-3.178226872696832,-4.289943122317567,-2.163007768634602,-1.0072923349996294,-0.1639834443404156,-13.472448361605554,0.9607348683043291,-8.571167459019502,0.7941356709212748,0.19949596307909473,-0.22548599644582504,25.107851596203705,-23.01496819919634,1.2546383113696085,20.487588718010358,16.89121783893564,-14.783018369906165,119.4085027726713,-10.11270673350231,2.046238021442809,-263.88000978343524,-1
2020-02-25,-3.274418604651167,-4.69402053062843,-6.189447499345368,-7.612878399179049,-7.612878399179049,-15.834946023562916,-4.3478260869565215,-0.07456527378455755,-1.575841034614174,-0.14785285433001144,-1.459091628422249,-2.5848069961115874,0.8989902489906723,-1.6138997371342607,1.1069001439648096,-0.2984247817657171,0.9393860168583898,0.10385093438583365,-0.276209747544298,-1.445540618602112,-0.7869650027897965,-3.147225869013358,-1.697787674228718,-0.4718597312520294,-1.5673271492411531,-0.2842374332197764,-0.8634054283505888,0.1733289252588981,0.22612165326984768,-0.038935658726146495,-11.928034249936314,-8.67340675743563,-30.84011954126907,-13.612911577504658,-7.433553846185189,-12.700507684367098,-6.721415388326117,-8.994215422622224,-4.617231284359062,-2.1834472791871793,-0.3602898068848654,-25.07440404630352,13.434321086391494,-10.63411327270152,-1.3565792363514129,-0.2984247817657171,0.4655539997617595,-30.586206896551772,-92.40763667311255,-27.373814112388445,-5.960258250136046,8.920551557618609,122.99174783975442,102.23251895536201,-17.73259071078006,-3.3533750697328655,127.02138117182172,-1
2020-02-26,-7.748284926588454,-7.696241370493471,-21.077422281148614,-16.66435265532802,-16.66435265532802,431.1834427396825,-6.8181818181818175,-0.40876609284923465,-2.5415189640529134,-0.9716764524456918,-4.999036423202999,-4.046359168858695,0.34696606008788955,-3.5247527505630516,0.5259840442496752,-1.1751667607636855,0.5283971536923396,-0.06385243959880375,-0.3496783269007384,-3.281257480047315,-2.115872432501825,-7.360109242170074,-3.7816145939501458,-1.6002220855318814,-3.5179987040687166,-1.297340258854258,-2.243749272799942,-0.5149638752039839,-0.14569544530544729,-0.19795139171776477,-20.53741508278646,-15.52320884207394,-42.80566819271224,-22.97256778429358,-13.503233343179543,-21.66710678657541,-12.316070608881589,-16.03602009156179,-8.696056050756669,-4.2693906862993165,-0.7269431085926416,-59.03593046548307,31.99529320416178,-15.706808837244306,-6.3941827773831585,-1.1751667607636855,2.5245783320451642,48.666997847325874,284.82854854029495,-42.39283985674711,-15.499251660027259,-1.2748584347255238,29.502214074792604,-112.80983128515523,-3.359934436604538,-7.612878399179049,118.89687161067751,-1
2020-02-27,-16.53751259686554,-10.720221606648204,-0.5658709106984954,2.561539422716485,2.561539422716485,-66.62859036266082,-4.878048780487805,-0.137041600969367,-3.203989841007826,-1.0458076135025216,-4.729930758411846,-2.7161425197833355,-0.9138616910925528,-3.6652999853483887,0.5496892873505915,-1.1046559077705247,0.6487791931235379,0.013260003696453216,-0.3383275769355588,-2.6740097415874473,-1.7825689647448437,-4.578400390628573,-3.0166919571786135,-1.3546105520906593,-2.839501818248459,-1.0958287896314134,-1.8858919392113378,-0.40961706966174016,-0.09595868776354471,-0.1759125960423453,4.714658149047011,2.7081699067155043,34.0947661861654,6.041527444462838,2.1336913576819776,5.298003081396219,1.8513605015217298,2.8739095164333635,1.2042322309541327,0.6594746118995664,0.3443263510226221,-104.14568970336914,8.466466951159884,-20.211146809754375,-5.025975645380526,-1.1046559077705247,1.4333362508736638,-5.647137447092936,51.60549368032123,-40.71673387588624,-14.515627716094256,-11.725770423833112,38.637910878833765,-183.90243902431013,2.7811612509975476,-16.66435265532802,-115.37137070786542,1
2020-02-28,2.3482388208843306,-1.3535525907539507,4.0369909301084945,-2.0955165692007762,-2.0955165692007762,-35.619641246082345,2.564102564102564,-0.08810056474597218,-3.5776406530282765,-1.140208486939675,-5.790209591676071,-2.4244459735465353,-0.7721083452728568,-2.678039378972098,0.38303193145003245,-1.0977389603343757,0.6496090009206468,0.005221569349471389,-0.34948611887109415,-2.610652092682831,-1.8058553357171245,-3.830192877005334,-2.8992178588861566,-1.4000719125815038,-2.751854951542111,-1.1499631285865075,-1.9022106489178532,-0.46906856687934834,-0.13367133239136827,-0.19166401663867882,-2.405164869694709,-1.7621022567234232,-5.852162780466208,-2.731461269762647,-1.5141832128584347,-2.555378450809409,-1.371670188180404,-1.8260875431120402,-0.9523098246352261,-0.463358686575727,-0.07877747092518336,2167.5384898617253,2.6443774547835353,-26.000631654498996,-4.95767328020609,-1.0977389603343757,1.2414325515555888,12.501475622712796,-23.6233490470578,32.35175886119523,-30.888665694461192,-19.505458906704366,8.845999344811533,-141.27906976751532,-4.5295565742807815,2.561539422716485,-181.80692245518907,-1
2020-02-29,-1.7858595720445791,-0.4678592490662515,2.982905982905971,0.8835241413638683,0.8835241413638683,-24.237763585882085,-5.0,-0.06653842552134454,-2.476098639415799,-1.027337192112064,-5.170452405168261,-2.4553027992242833,-0.710662701070366,-2.2201385473028026,0.32339183155918355,-1.8418881207487587,0.6670961781394781,0.08948848545166395,-0.3425136438182412,-2.2259391978804772,-1.6063294462088546,-2.3841105833549836,-2.4128259208505307,-1.2609406992346666,-2.3206904181407593,-1.0409005761820787,-1.6857760759901246,-0.4221502236075988,-0.11486340569912257,-0.1830097887761364,1.7486252067794288,0.9879511510345433,11.737743534420531,2.2510506601990286,0.7714786811541859,1.969757104198011,0.6656762685720583,1.0506055563793628,0.4260917982674352,0.23065002207163657,0.11991104569418097,70.10329227812079,-3.821007107883206,-33.793728554720026,-4.6222845904638366,-1.8418881207487587,-0.2601023746427773,-28.971668415529972,33.00918875141279,14.701529762376769,-25.5894511548297,-22.91373865997818,-13.37987792511306,-125.82159624397487,-7.716832218745075,-2.0955165692007762,-142.16259390880555,0
2020-03-01,0.7869775918485656,-0.8255648601674727,-1.0457299360942767,-0.22614201718680546,-0.22614201718680546,6.8653593687630705,2.631578947368421,-0.07113628942887996,-2.1031840774423305,-1.7833660718141933,-3.6100165247235987,-2.6886609768342447,-0.6746489854879936,-2.3132549060706826,0.33849340166221065,-1.6030111359135704,0.6292677618416638,0.1531420660298034,-0.2778990191176257,-1.99875690336693,-1.5013417708940995,-1.6999243280136225,-2.122160641424342,-1.1965248976875729,-2.064123068141152,-0.9963526346144324,-1.5694077610317652,-0.4152619976979358,-0.11694151114003694,-0.18336067112717777,-0.29035283703078085,-0.20415802873022965,-0.8653796011932677,-0.3364309882808544,-0.17262833081634,-0.3113705477465826,-0.1549660065773172,-0.21245438131756736,-0.10507445092253799,-0.05025931245158834,-0.008477512075780059,31.703144608459606,-7.059593902104417,-47.43965770725559,-4.415576773056034,-1.6030111359135704,-0.07290487186932572,1.1818584724479797,33.55502200852925,12.834665116142844,32.829371144089365,-14.369896320940706,-6.7508774943835395,-2361.818181829529,-4.626604200255744,0.8835241413638683,-125.59545422694474,0
2020-03-02,-0.32055233633336705,2.67256143704942,0.415163968799792,5.12651446468309,5.12651446468309,-18.889335389070382,-2.564102564102564,-0.05733467256099441,-1.8685211461905347,-1.3554043317139364,1.2371422919689028,-1.6450326205841155,-0.6455193363710628,-2.1800177555579716,-0.7259355232070822,-1.7252771338385806,0.7087457348207833,0.17469365201224696,-0.256106494788656,-1.1746660005017766,-0.9906489148523967,0.4968545544333047,-1.1399646083605295,-0.7990524955948954,-1.1667906985024201,-0.6589728056318445,-1.028294938847968,-0.22014005491384922,-0.019128091901042806,-0.14018314474429713,10.670593291628034,5.945518538818297,69.6929165722288,13.798045432096561,4.610749293303402,12.047336659437104,3.9619892834815524,6.333157680126467,2.509508185744062,1.3533919690808487,0.7049262323699066,8.205913559056368,-15.253602784714108,-76.48999037000684,-2.607818941937299,-1.7252771338385806,-1.2660177106876203,-8.293181486348299,230.1191368231,118.45258757347426,79.63517806504954,28.380544788998808,-19.395858982226706,-94.93569131830726,7.936186109091527,-0.22614201718680546,-2366.94469628288,1
2020-03-03,4.980416408987826,1.5982620839475492,4.723324284819379,0.24696197569580775,0.24696197569580775,1.3402925620384538,0.0,-0.05779994761564821,-2.024596398653457,-1.64794203228255,0.7726188440840818,-1.6611564550405684,-0.7722083394581102,-1.5126962844757346,-0.5350512979632204,-1.6793781286883063,0.7182505474173012,0.2513426190090715,-0.24961537671788978,-0.9997604278707136,-0.8893961533678921,0.4127333853884753,-0.9401236436681879,-0.7293713580344373,-0.9791319810014512,-0.6061471575755417,-0.9188296759186724,-0.20281246191724364,-0.013908881268927852,-0.13686902085260597,0.48703716397820235,0.2833034307978487,1.9980687472359513,0.6120009328278951,0.22230791564804603,0.542973422244196,0.1921118634156507,0.3007290380667465,0.12331386650256516,0.06748649314862594,0.03555499122225807,4.356691306055603,-16.78246200929477,-270.74887589174364,-2.1842790261651093,-1.6793781286883063,-1.4202071502259035,-3.7414424454704642,-15.043597435696443,40.70970616833263,32.55975619071011,45.88062735775551,9.7237671019336,-112.69841269793017,4.815235312373139,5.12651446468309,-95.18265329402385,0
2020-03-04,0.5026901779051944,-1.1492936235204245,-0.9889934598819518,-0.03128299378249558,-0.03128299378249558,-30.448320988875118,5.263157894736842,-0.04023801310387678,-1.4156285390713526,-1.6135082081994556,1.1771074019616004,-1.8977020918614391,-0.7861184905734847,-1.5451174289245637,-0.5013743037361366,-2.260915062115184,0.5891418078198845,0.22225419331154975,-0.26323900046562093,-0.8791063052923977,-0.8183863329544685,0.26351121156118346,-0.8076003482232339,-0.6824102445016891,-0.8517585211116943,-0.5723387410411379,-0.8417482154468003,-0.19642073602859125,-0.014250554079021588,-0.13596168631960598,-0.04833430274067335,-0.03247760384286521,-0.1738225900191884,-0.0572068627120953,-0.026961413401634125,-0.0523498783523295,-0.023951674660610687,-0.033956873392920785,-0.01581333122757899,-0.007441588538353859,-0.0012491363979381146,2.1854427990742686,-17.97599408902925,130.06180732113918,0.4429858703137014,-2.260915062115184,-3.6380984021699883,10.833608997684403,-5.840802966597372,23.09060132469048,24.684765711747545,38.030095853408554,-17.563683669973486,-13700.000000461523,19.461983186300756,0.24696197569580775,-112.66712970462824,0
2020-03-05,-0.09378297057559187,4.063501873382534,2.79925890124054,4.25581850185799,4.25581850185799,108.154254387181,2.5,-0.08301233623695589,-1.1596809447943082,-1.9962701978002508,1.8620992534036158,-1.5429308228860965,-0.5770896168662494,-1.4528652946732161,-0.34412207391189215,-2.24138748848051,0.5805770192895576,0.260236548407473,-0.2604747941427378,-0.2339192318470519,-0.3951579398833234,1.6012753272077025,-0.06349562878607014,-0.34803267461905124,-0.1597143379026067,-0.28684414356479637,-0.39541736585423864,-0.030241830107278753,0.06970872497323653,-0.09818215367823262,8.947808633569295,5.106621476091722,37.55493674222718,11.327427809773459,3.9723624450416244,10.011432357512556,3.4152122199789776,5.432397372524722,2.163112561700923,1.1754765904267792,0.6188491442856046,-6.675283887041596,-27.701762608894132,40.87266604879869,3.412528722211726,-2.24138748848051,-5.243068968296349,-32.38322638412179,23.669752016096325,-0.40433527388860757,23.982877181550364,26.372597429059862,-25.573600353070702,-119.0257352940887,0.6768181147733768,-0.03128299378249558,-13704.255818504085,1
2020-03-06,4.748308366253373,0.5901785382873537,1.7827057947733302,-0.7766480321164555,-0.7766480321164555,-8.601021159058469,-4.878048780487805,-0.07570279888291911,-1.40547306198545,-2.178109657561264,1.7089059082678246,-1.836605246632091,-1.2258306739252913,-1.4843274759833338,-0.4722340845329494,-1.4561415973369465,0.5845212408475112,0.22522522522524419,-0.3014108503307682,-0.30518021799384026,-0.42846297646614284,0.7836495472633508,-0.17282798380815245,-0.3783959128572024,-0.24700180182032094,-0.31712628321397773,-0.4303557485295288,-0.05929572109144823,0.05237128643214428,-0.10427290556124992,-1.3234813220322348,-0.873805128004536,-4.803036711070909,-1.5769079622846194,-0.7195116707370138,-1.4381058335249584,-0.6361329023617606,-0.9154364233615584,-0.4148345434248738,-0.19405661066760155,-0.03257916771364208,-5.273468059597242,-27.853905583932498,20.9324016255329,0.2643545744358479,-1.4561415973369465,-2.4529945962225557,-47.826086956521635,-12.595746314539472,0.5727991910618028,14.251616607372487,20.201572648485126,24.082889400015006,338.64734299560234,2.438960062096849,4.25581850185799,-118.2490872620011,0
2020-03-07,-1.105261192636562,-0.2767527675276704,-1.8900608206944276,-3.433411479996972,-3.433411479996972,-7.773973595637402,-2.564102564102564,-0.07003263368198658,-1.62179894067006,-1.542784899895446,0.021580460434543904,-1.815031391749071,-1.129039410583405,-1.9596021378536819,-0.6885749138874068,-1.3098985351785866,0.4266854220698252,0.1883556276057892,-0.30337908490830473,-0.7139785482449049,-0.689885118441943,-0.6438974756890173,-0.6696797120987392,-0.5939489521223662,-0.6954403463836782,-0.508902554613608,-0.7046175346791211,-0.18969059845965866,-0.018442578028516336,-0.13395822674601393,-5.855849214786591,-3.860429757650632,-20.18011930745301,-6.97110789104098,-3.173496412671131,-6.361307305253325,-2.8025832608970713,-4.045733576869808,-1.822232302588658,-0.8524079468003363,-0.14341621430316695,1.3064867571082557,-17.445221928325484,14.289551414466997,-0.6976068433526531,-1.3098985351785866,-1.6745419681906804,-164.67851099830776,-60.57826869252303,-17.29792781658351,-14.636006232553859,5.7215975212538615,7.711371011250456,337.66519823798393,-7.122872903474329,-0.7766480321164555,342.08075447516796,-1
2020-03-08,-3.798376439494066,-5.298797409805733,-16.1101738141013,-15.561124598637319,-15.561124598637319,77.72377727240328,-13.157894736842104,-0.12753632737001686,-2.901269542633927,-1.922390812644759,-3.0891928337507837,-2.3724473926325205,-1.8876290456516769,-2.8579322473982645,-1.134143753732531,-2.054627321500814,0.13620141760360074,-0.01667250725902384,-0.3500459267812348,-2.601065983276924,-1.9479003721995358,-5.551857095886611,-2.875719649764507,-1.6198244233385692,-2.729875844495889,-1.407987980419937,-2.024138995112381,-0.7644239818476698,-0.3234082318940102,-0.26697459761265435,-21.54380325613838,-15.038461935188055,-51.452924404652975,-24.841767080807116,-12.605359659483797,-23.066780419434924,-11.249007252723306,-15.6773556500452,-7.522817348856521,-3.6311771110207447,-0.6268668634010943,29.281625552826558,50.264893261540344,18.78752599407246,-3.4585353639200873,-2.054627321500814,-1.2102385902417827,-300.1308044473513,-89.7604476307047,-43.48309945601823,-21.191138527150635,-7.421200573691568,41.84562177802856,-94.86663311525551,-22.697372166645007,-3.433411479996972,353.22632283652325,-1
2020-03-09,-15.137956748695004,-12.132223654905639,-4.812684158832602,-0.946021146355033,-0.946021146355033,-26.227162821916885,-48.484848484848484,-0.09506340134375324,-2.742823958388596,-2.013607076366075,-3.3435109648077255,-0.8883985015611581,-1.8976925709299992,-2.2783780394939006,-1.098696853264058,-2.2336225872764888,0.20019947094302537,0.013009406560982425,-0.36669306536910673,-2.4186986519966402,-1.8749143568825348,-4.197072151990017,-2.627188620326736,-1.5801854172316738,-2.5179511978143667,-1.384355361609693,-1.9416132732268072,-0.7702014312119999,-0.33375708813196037,-0.2719316319209895,-1.1710410599406071,-0.8022522126030385,-3.0721484724896433,-1.3626622921659959,-0.6674817687059985,-1.2591309944298312,-0.5931618362465808,-0.8379343218640801,-0.3923518276583633,-0.18791188622483507,-0.03232981730607466,17.77353524399692,16.694105466605805,18.45642900179848,-2.4399278985488175,-2.2336225872764888,-2.1123629897385587,-10.196078431372541,366.8253860281629,-56.571186597042086,-21.0254040294553,-18.55233557565206,-3.2503663820111175,-28.921568627487243,-6.826382293468777,-15.561124598637319,-93.92061196889408,0
2020-03-10,-1.1053556562759974,-3.268409818569902,2.6582154088050305,-0.6788389513108581,-0.6788389513108581,-23.4853981725037,-5.88235294117647,-0.07272953877039896,-2.1802972323574035,-2.175466246388247,-4.473474222818248,-1.1535285996589275,-2.397198719186257,-0.8743901332240173,-1.680839592016639,-1.8375101411952064,0.18998399713824826,0.0300384331023612,-0.3836722331273247,-2.2240923824814813,-1.7869564838112602,-3.1270822911947977,-2.371923029639636,-1.5268186641114205,-2.2959386583279686,-1.348103168928355,-1.8439714187300453,-0.7672999164827672,-0.3394576833156462,-0.2748819741694483,-0.8839287512698718,-0.5938345555454836,-2.553452241908189,-1.0383768309544108,-0.490267627142746,-0.9546137437845376,-0.43377400335655614,-0.6214835283430175,-0.2836482232858907,-0.1347187330989142,-0.023089092348771083,11.388847197022347,3.7301806108832256,16.161965457859875,-3.1833864746872145,-1.8375101411952064,-1.0490946704173711,13.02765647743816,-14.384920634920586,-37.37986502297708,-35.51608251976501,-24.83567875430384,-10.416311919931132,786.2068965531589,0.10285396105702718,-0.946021146355033,-28.242729676140666,0
2020-03-11,-0.6874620025253766,-1.8020502919137589,-9.390705020820379,-6.057035116662745,-6.057035116662745,2.1457981812554388,6.25,-0.0749396742596607,-1.1970582711179978,-1.9977552105429972,-5.611291475418421,-1.430239046415995,-2.721940306651426,-1.4819585594630025,-1.6518911588154592,-2.120230429334838,0.09042142479782515,-0.014210347098908279,-0.40709614559646695,-2.6595890750962745,-2.104515647506133,-4.040680154054123,-2.8631058058464482,-1.797352625888281,-2.757482447083016,-1.5917080138971549,-2.173606262296707,-0.9354425369817226,-0.4335878144970332,-0.31663651528313175,-7.7430933948196365,-5.225130851418143,-21.35560528593477,-9.065293896460194,-4.3171093203151045,-8.349885204585616,-3.8205118128719495,-5.466862124576275,-2.4998875931578723,-1.191458657549159,-0.20521820323657464,12.478304830446831,7.919873324059014,15.01521826016965,-3.8808945962643957,-2.120230429334838,-1.1110783426681232,39.6007726980038,-3.4912776040275104,29.562310688884658,-47.31683401752505,-31.827078941068354,-28.352364585402178,471.9066147860886,1.385199817575237,-0.6788389513108581,792.2639316683951,-1
2020-03-12,-5.641363721981546,-4.48949019240673,-36.82848238339231,-36.87405920722529,-36.87405920722529,183.38496095691727,-17.647058823529413,-0.22041266922471228,-3.577061421616825,-3.3854095315334445,-11.821325280319922,-4.077224153559179,-3.1225898368591625,-3.6939711391480063,-2.7432488868168536,-3.720330317302975,-0.5040464372356404,-0.33653811774633385,-0.5319929657316302,-6.411335144908727,-4.585873319542071,-14.06343549300816,-7.247315145988827,-3.801191124527866,-6.802048716331986,-3.3341310110941693,-4.780830884065455,-2.0187486521324587,-0.9996341719484684,-0.5654255726668114,-32.17872291051091,-23.841938265256243,-59.442075967553954,-35.96534276212031,-20.407160520638868,-33.961533268928854,-18.419348844877767,-24.715016269979763,-12.72699062863801,-6.4390263665997,-1.1657741664937282,36.06326427760467,64.09888207913659,21.423082683671012,-13.687261816353086,-3.720330317302975,1.832362513608847,198.17804428044278,-63.037204727097674,-25.894284658948784,-35.813484984245996,-39.401385839245926,80.04764979663759,-138.6583208599859,-32.402478565444845,-6.057035116662745,508.7806739932167,-1
2020-03-13,-37.83311707755265,-18.311930202921282,-24.977004766284818,22.58167077338844,22.58167077338844,10.395526440406764,-28.57142857142857,-0.24501467635005858,-2.6756615223485403,-3.0947208814727336,-6.354888773926694,-3.202015923186395,-2.5424906420711513,-2.9611808786045026,-2.4345188533365025,-3.258022858660112,-0.224807365228521,-0.1978961038728092,-0.46776706203723273,-4.266956498689376,-3.303141273283022,-5.846357487244196,-4.6303837372454035,-2.8121736171657052,-4.442577002449571,-2.498344361387751,-3.417872541788266,-1.5410024625282652,-0.7660696298258286,-0.4654203530239707,45.267468527041316,22.51770798537725,360.05526869186156,60.77714214309559,16.414567708970978,52.070074606523505,13.543867566279012,24.328175813151272,7.510641836697281,3.5105462941645085,1.6712187441355015,11.52569534582227,2.2857671020754435,18.046621758888715,-7.271498455141616,-3.258022858660112,-1.3628366931010012,-21.48658055534069,946.0307136284364,117.6424372905991,93.08017526439123,-18.610856027722903,-36.43773465750999,-129.8486448433529,57.56497564250588,-36.87405920722529,-161.23999163336939,1
2020-03-14,23.577105242032598,-5.664226569062765,60.00891662951406,-5.498638308909349,-5.498638308909349,-73.04234680256702,-20.0,-0.0653833944847959,-3.085040386904022,-3.325438384279843,-7.497679763115067,-4.090410948656613,-2.750808340499653,-3.3234689993587354,-3.0047559656829272,-3.6785911070913135,-0.28564104174623045,-0.24394024834365918,-0.4727130475245241,-4.383602653699315,-3.434552233823165,-5.744845231307626,-4.728291343026723,-2.9391950126145825,-4.5513593041582885,-2.6199932462330233,-3.5494188742490906,-1.6366911677214282,-0.8239726673186389,-0.49220114621272937,-3.624845808904177,-2.6797097299508534,-7.185757144757475,-4.061048707583895,-2.293286438315801,-3.8294191045634274,-2.070158221036602,-2.77812369589123,-1.434019800998494,-0.7339184104334485,-0.13507176515479896,9.125305790907298,-0.7616593011463414,15.171266842603155,-6.4836641611854775,-3.6785911070913135,-2.4333653509438102,8.27504679341937,-8.152627234345559,48.7238856005612,31.28546624048572,21.76329625034855,8.690821003905468,-161.91037735854158,1.7204149582470831,22.58167077338844,-124.35000653445567,-1
2020-03-15,-5.326750682083926,0.9795191451469145,0.6408470325995983,3.6023054755043304,3.6023054755043304,-33.01239979053567,50.0,-0.043687573582284395,-2.9938242373374018,-3.464448386439277,-7.305128878908953,-4.084688851537146,-2.8313672545558006,-3.692747516236192,-3.11530982783783,-3.472184745700566,-0.24280555779358626,-0.2260692684526502,-0.3979567699423769,-3.636118655428427,-3.0223656880426266,-3.0089337928769253,-3.796498049828577,-2.6380558085315737,-3.7198056352194837,-2.375163913306653,-3.106423149550521,-1.514994719281364,-0.7723697231040646,-0.4715111589621331,5.784379729463369,3.3882605232811245,15.889680873673933,7.0484862801586345,2.593498578891452,6.368435471350264,2.1913438309284334,3.6095748993249543,1.2805139297764605,0.6241732856051025,0.3052738882153605,4.1820089341900895,-10.304926168096339,11.81534194141057,-4.809349631429699,-3.472184745700566,-2.90323351807114,5.122372850514003,12.832278372036528,46.70810071696736,30.24128184314184,42.10717927743703,-8.08710657561785,-472.9523809521397,9.503222173865852,-5.498638308909349,-165.51268283399457,1
2020-03-16,3.567997804309041,-4.7556059460821185,-12.389258028792913,-12.967746208358177,-12.967746208358177,71.55288294145781,-25.0,-0.07574761948561691,-4.164225835774175,-3.7719085526976586,-8.74803494575188,-5.051494834252877,-2.8211362818338905,-4.578668238067146,-2.816287451252087,-3.50405216831263,-0.40698250702104,-0.32120489531609453,-0.38843996289481786,-4.575171694932357,-3.644715096478498,-6.1225711457296415,-4.901213549920559,-3.1440638369602403,-4.7346861716129,-2.8174706369661155,-3.759551275137522,-1.7948534940440912,-0.9208154812731625,-0.5372405850906534,-8.577614581740887,-6.257010470544215,-18.48787687631419,-9.67631747603679,-5.327498969982739,-9.090337834930791,-4.795615082056726,-6.495413309352831,-3.301247515259784,-1.69164530516961,-0.31375016136147216,6.408523824186293,-2.7436753149251594,10.276914707474848,-8.603097912870684,-3.50405216831263,-1.3770471705376648,15.154924701402125,-26.247960028335765,-7.976216216850464,15.281780775333079,24.142257623894075,30.428411889073114,-143.2584269663115,-7.137123130856452,3.6023054755043304,-459.9846347440242,-1
2020-03-17,-12.8130382933616,-4.933536141789565,3.1837573076315557,6.445475991172657,6.445475991172657,-42.91720988556264,-11.11111111111111,-0.04315942049467447,-4.069753144968954,-3.22001090571769,1.9868110764365208,-5.423448653879885,-2.770086238686454,-4.468365960600162,-2.5362638066784755,-2.3223692291291465,-0.3801148896516894,-0.29479406987919626,-0.3968810029602794,-3.5636884624321747,-3.0743972549688796,-2.47967054673989,-3.6503889033279426,-2.7219575150410646,-3.613795063970724,-2.4710825971397914,-3.1483278926913534,-1.6164022209287052,-0.8420530187283395,-0.5051021448075939,9.869949301239787,5.730427885606628,29.577343615801766,12.07473107899095,4.364479124236901,10.886013018900398,3.6749566603363935,6.1113956107555625,2.12195744966149,1.0213738518564497,0.4952692991437715,1.7889158691401719,-14.72965819698694,7.946504779457636,-8.329103619130276,-2.3223692291291465,-0.00031956220313300864,-13.190529875986446,78.73914704464214,16.463443929533735,33.30609033006462,26.328988733956038,-9.648052774853575,-84.8878394332672,2.7511813674519607,-12.967746208358177,-149.70390295746483,1
2020-03-18,6.2917933130699,0.3200000000000183,4.593828956435187,0.9150700600514826,0.9150700600514826,9.398589437625434,37.5,-0.047095954186500366,-4.1926057214841705,-2.220715756015356,-1.8082631812140673,-5.58277264124459,-2.9401637176311923,-5.065229424146747,-2.5995247193858435,-2.493131314089966,-0.3994002705590724,-0.26732101642854406,-0.39185019131261917,-3.10996019836294,-2.8267570377286377,-1.4056362144410306,-3.0943707849613804,-2.5467781012192625,-3.112357303226745,-2.3328806809090503,-2.8808454791824536,-1.5570888293381535,-0.8218845813084071,-0.49810907621989675,1.3903175756772603,0.8307720408861238,3.7178901755947997,1.675424265583906,0.6386094785218811,1.5227491779676061,0.5401482605387898,0.8836823848569203,0.3149950870665272,0.15301544921544755,0.07473199732322898,-0.028417382421316507,-20.09993909721278,5.881859881801254,-7.597943667302146,-2.493131314089966,-0.6841014986147341,-35.5151515151515,-30.50298708520543,-2.7444644852952953,-0.9945711907193918,14.134129426854445,-1.7055643982771922,2079.6874999956635,1.1394757317476718,6.445475991172657,-85.8029094933455,0
2020-03-19,0.8650271661424174,21.843145412939435,3.2794085352463123,19.764805894020977,19.764805894020977,250.766802070249,9.090909090909092,-0.16219642573432813,-3.7255329151807555,-1.7718334045005626,3.288304802730023,-4.139492058620374,-2.5215859272437036,-4.06002366219236,-2.3529213236659126,-1.7524393508042444,-0.2690435024247941,-0.10616745946871078,-0.3279777423065435,-0.6963243941420894,-1.370420076962409,5.449963208890525,-0.19521131396760874,-1.4339535386062185,-0.47409813998683026,-1.4009963950885107,-1.3318796898735517,-1.0449626769179918,-0.5814500849377495,-0.3969153954046365,27.828196721923103,17.04111096797354,65.50980683757855,33.12083604200167,13.217461399708547,30.304369162574098,11.234536276793117,18.08322663826579,6.6398429484441595,3.278957124532734,1.6281307449816083,-6.956173221949245,-50.60914477087043,2.7437191812116657,-3.3345721794894216,-1.7524393508042444,-1.2307983199666928,-40.198711063372734,90.8386166205555,34.01267134326936,17.744758977632046,15.166141715715886,-20.90108863556472,-96.27240143368266,34.71648229929872,0.9150700600514826,2059.9226941059846,1
2020-03-20,19.866751718761076,6.664390188378569,14.196612091572764,0.6151662131787526,0.6151662131787526,-24.1958380137107,-25.0,-0.12170967069588973,-3.7462283627124062,-1.658891828473662,2.6088737201366063,-2.278184656021124,-2.6822840204019838,-3.782925379490175,-2.0276964907025525,-1.810693269402234,-0.31856766731879316,-0.10641707743324351,-0.3305954767267366,-0.5294290760457424,-1.214993103115019,3.6717798895213463,-0.07187903831575165,-1.3097695751788798,-0.32293647406888015,-1.2977208671409464,-1.1702260233080484,-0.9967030150241418,-0.5646145489412507,-0.390837916908392,0.7564277902032086,0.5154264146266246,1.2405715616623187,0.8563666926233161,0.41615431514875334,0.8045642552597863,0.3614166426824813,0.5411290693284712,0.22525846129733307,0.11655114946441789,0.05973568180801841,-7.229184681058583,-79.92542801792911,0.5360813161209568,-2.7088653415624284,-1.810693269402234,-1.520866842176382,-5.590480466995942,-17.270207057256133,3.217934301187279,7.803854586128124,8.134551117219422,-2.773618546035592,-212.49999999946039,-18.157410082227564,19.764805894020977,-96.88756764687056,0
2020-03-21,0.4139072847682156,-7.480525024010229,-0.7261668321747922,-0.6878306878306822,-0.6878306878306822,-56.58091659728648,0.0,-0.05303173743565401,-3.565771889591015,-1.7653014178498367,4.99195061268491,-2.286758607979842,-2.5818725124794053,-2.15346740062513,-2.0905359956725387,-1.859722491972698,-0.3128592163422284,-0.09073801315701209,-0.32425836435268757,-0.5498186149078919,-1.1729635783407186,2.115639123013949,-0.16626593482012728,-1.2713426906483283,-0.3740509095396092,-1.265874508924536,-1.1294515729272272,-0.9875779648899883,-0.5663686803177583,-0.3926393491789403,-0.5982117831775462,-0.41238405783132237,-1.7006101863923146,-0.6936660015350782,-0.34331592447246595,-0.6421030021605151,-0.305128797769375,-0.4305753293365499,-0.2033952892524168,-0.10261279597836824,-0.019097915100036604,-6.963348637943962,-286.7503782748117,-0.9957956114964241,-2.3477310453269267,-1.859722491972698,-1.7041492430399505,-27.776456599286618,-5.7023152510431805,10.892686449796377,10.15789533451011,11.55488091930408,-5.247629739317911,825.6410256428944,7.814635309869589,0.6151662131787526,-211.8121693121704,0
2020-03-22,-0.671299022494403,3.3333333333333255,-2.8008752735229683,-6.410939442372583,-6.410939442372583,17.581720446517348,22.22222222222222,-0.06246276290355115,-2.4610883707800504,-2.0457239627434394,2.3088717955217226,-2.831696136214781,-2.410880861685938,-2.615025796876051,-2.3992541458859535,-2.4930349230500664,-1.2414192275280231,-0.1407076957515924,-0.33967875803500874,-1.3032181896581394,-1.5926261422427443,-0.8443232422722711,-1.1181848881447412,-1.5907727238939642,-1.217035712946655,-1.5361048941521083,-1.5778631615618968,-1.148286001392502,-0.6494716054590396,-0.42903562397475964,-5.600544724234367,-3.8451990120200223,-15.888533748905123,-6.503546471846257,-3.1946716072483152,-6.015714577644904,-2.8357804143602166,-4.016764959533977,-1.8841812986089335,-0.9502088135199247,-0.17734694970726037,-4.202805875515859,60.20820833251188,-1.611392483466582,-2.0052720864557343,-2.4930349230500664,-2.6475117527301304,-206.3220283174186,-37.297261400797694,-19.5918380032721,-6.8161314881354444,3.2643472714684476,-23.926797199303113,-233.7026777470557,-6.653344752221075,-0.6878306878306822,832.0519650834076,-1
2020-03-23,-6.378942376096754,-3.5997321129590345,-0.04502476361999139,9.158760278304879,9.158760278304879,-13.605268985386049,-9.090909090909092,-0.05381518082371329,-1.7987677870595693,-2.038064283491515,3.8917445965195947,-1.4406642583706126,-1.2829186160973893,-1.9145075840046297,-2.2090413643418505,-2.191710773253531,-1.0121936962037061,-0.056728374022976404,-0.31579003326173505,-0.028011406907122793,-0.7734097125040312,2.4332529093768747,0.36454804679725994,-0.9554043928661142,0.15564978728031595,-1.0021965478017856,-0.7110598518057952,-0.8591220484653347,-0.518097636375621,-0.37453590649502494,12.330113298472543,7.9882839547890425,27.446523279370837,14.321088044960078,6.324437599271597,13.269901730851988,5.431520571572617,8.429127538571805,3.285146939631456,1.6607952303925728,0.8420583049179311,-8.485804812109606,76.83682638018895,-2.896204550727439,0.768738691319104,-2.191710773253531,-3.1354846398011067,-43.140291111799264,60.702687550024905,-1.9654543686982158,7.238826837130118,3.222431299234172,-32.841456553680246,-109.530386740312,16.815401516794783,-6.410939442372583,-242.8614380253041,1
2020-03-24,9.295845997973661,1.5226075377757355,7.207207207207193,-0.799629157492193,-0.799629157492193,25.288813470319422,20.0,-0.0671485053573517,-1.8285903109273502,-2.13114092809136,0.2551354960239206,2.4830687425463775,-1.4445464713140979,-1.3860936821751133,-2.3824204863623555,-2.275857050844982,-1.0063616597834955,-0.060330996537154694,-0.29295679200106906,-0.13070639897601247,-0.7756075126779495,1.304428509360178,0.18186584067672185,-0.9452568196233403,0.017908870397177687,-0.9910460574743583,-0.7189211414768225,-0.8572843221490323,-0.5222353472073485,-0.377183479336927,-0.7526795892170862,-0.5076718734964407,-2.2704224216709608,-0.8810185975532792,-0.4185884208572612,-0.8115052170611317,-0.36991696126524853,-0.5313338216983057,-0.24293982063191347,-0.12179961095494436,-0.02276532685828541,-7.997427853175905,27.22952668749831,-3.7947304991979203,1.8324961306552943,-2.275857050844982,-3.6383654227388047,38.67102396514144,-27.401875891715115,-10.189677072236911,-11.057158753479522,-3.793774633008478,-0.1380868192846219,449.2753623196756,-1.1466233253483118,9.158760278304879,-108.73075758283942,0
2020-03-25,-0.8227114716106592,-1.921760948905112,-3.2412965186074367,-4.427570093457934,-4.427570093457934,-35.10559543361525,8.333333333333332,-0.043737453081838094,-1.6229394854626957,-2.370752391232138,-0.7705937615202615,0.5017695383186731,-1.5129881418138476,1.8912754229233781,-2.388356961233912,-2.837925785386552,-1.0447147196701332,-0.046168707234971657,-0.3374900744263778,-0.6987477488294023,-1.0816529260119718,-0.6554424006140906,-0.5343585710546774,-1.1724365794898601,-0.6178418323074463,-1.180578099459306,-1.0478281240246337,-0.9676340395202379,-0.5794725831252819,-0.4023031919545496,-4.241699626361058,-2.8383851911994458,-13.01703935836653,-4.981340192711067,-2.331955393680214,-4.580403063975737,-2.0564151690850796,-2.973296078729964,-1.3428196765947955,-0.6711702730943916,-0.12551182309424994,-5.519686206326311,3.571635074555167,-4.085290177020235,4.6805899261138775,-2.837925785386552,-5.472956918270262,-50.39277297721916,-29.94740820389421,-4.841841054412422,-12.379747962663057,-5.428159188222764,-10.675894808884342,-124.01055408975215,-2.949645263996501,-0.799629157492193,453.7029324122903,-1
2020-03-26,-4.428087393387088,-3.50020350020351,0.9119106699751942,1.1123334555677675,1.1123334555677675,-12.12860479342865,7.6923076923076925,-0.038441320507012065,1.8323469576474978,-2.6673808531186163,-0.418249583548073,1.0463306723603976,-1.5423792345023442,0.5508127187663986,-2.024854235587031,-2.810409470586097,-1.1172020937948637,0.04105780673411677,-0.33764216865433083,-0.46831500041284,-0.9040094506390373,-0.07395924725651287,-0.28850684641009927,-1.028291828531393,-0.37989353663039155,-1.0582740384147944,-0.8627943948801715,-0.9055928283876641,-0.555636904378732,-0.3932893491386213,1.6103020191995516,1.031636135976059,4.2300522913964365,1.885162448371348,0.8133602629625589,1.7389292838264212,0.6966114410235419,1.0896667684367483,0.41753499115597936,0.20983589691304108,0.10629674219832198,-6.334424119159267,4.67646541221561,-4.458479170744126,7.15928785933195,-2.810409470586097,-6.679827950748487,169.4378463974663,22.14111922141087,-16.953236316496955,-9.644453570491379,-11.085411644471105,-268.89318823429653,-279.1208791204799,-2.674249926099218,-4.427570093457934,-125.12288754527717,1
2020-03-27,1.2041564792175994,0.8555763089714785,-0.47949837093503217,-1.9705029013539648,-1.9705029013539648,-0.6810078048521685,-14.285714285714285,-0.038187372589923246,0.3614189781287075,-2.7727399648121387,0.49101018124052215,0.5881827308709138,-1.6211294728106305,0.8026520718090436,-1.312707874899306,-2.72171619976002,-1.2397983259278342,0.001786380906791781,-0.3695621918243635,-0.6624810580374101,-0.9921187151976485,-0.7052046602343216,-0.5431574809879447,-1.0890210353347618,-0.6019243042424658,-1.1079998677580492,-0.9595681547864968,-0.9380037696295831,-0.5759051530766491,-0.4028174765209097,-2.029535064155176,-1.3127972082199038,-7.20997815668306,-2.4220299061243002,-1.0638649754505485,-2.208060895154575,-0.9308257980691049,-1.3800242283684898,-0.595315756619208,-0.29311813757919647,-0.0544749694970803,-5.256965019851802,-1.6750895931492655,-4.588367038846526,8.149558781344101,-2.72171619976002,-7.566768804875698,-34.469585659711996,-19.54606424003396,-12.190641623109787,-3.5224449784105216,-8.85301277832333,-75.42471379635897,-17.791411042959933,-4.935489898637584,1.1123334555677675,-277.1503762195282,-1
2020-03-28,-2.4642145316180386,-1.529362566461532,-6.677373525233153,-1.652484893328406,-1.652484893328406,49.29170128819782,-33.33333333333333,-0.05721062393974751,0.6225145788752662,-2.6733658814049694,-1.566429546597713,1.4678678553138869,-1.9574279887632797,0.4121763979367122,-1.4809250232621745,-1.685324111182175,-1.2813369580292426,0.0012825069713020758,-0.37342752587425415,-0.7887595526339651,-1.0461363063074307,-1.016479598957064,-0.7086969820880757,-1.1250148390436214,-0.7465513542455768,-1.1374210269656821,-1.019486170963799,-0.9595226250269182,-0.5911110571587999,-0.41024803099945095,-1.756232401677354,-1.1179838689874622,-6.640359037228436,-2.1114970939683335,-0.9000518906431538,-1.9173660958530463,-0.7845226213446927,-1.1772002828242702,-0.4967091809344987,-0.24278707747483252,-0.04498677207197311,-4.46196860046899,-5.0129203325663365,-4.567950174794633,2.2087323583992893,-1.685324111182175,-3.7158890256769723,-17.75784753363238,2.092597182331662,0.1010201590110293,-14.596583928719264,-9.206782085172506,82.25912169543098,178.3582089554008,1.0078328319047896,-1.9705029013539648,-16.13892614961592,-1
2020-03-29,-1.2446591120193187,1.189103925256314,0.6089489012443512,-4.677115987460816,-4.677115987460816,17.465973470837973,50.0,-0.06722779293573204,0.04720904615242282,-1.8220311063109773,-2.33107039443275,0.626239217200986,-2.16545957279735,0.9950992687491177,-1.5430446016834216,-1.8797118752232962,-1.3064140732475322,-0.040261041785333226,-0.3884523833370075,-1.280415275941054,-1.341328484056112,-2.211630572196971,-1.2952558421262081,-1.3507108916959967,-1.2827196759298702,-1.3276913840503026,-1.3337466800396323,-1.0707062829583938,-0.6482067177011644,-0.4353024721509848,-4.9771125892973185,-3.157257732575454,-18.154067383061367,-5.986161282290106,-2.5357551738923094,-5.435291593640577,-2.206778262043609,-3.3262305124361506,-1.3906709932586205,-0.6779484252151142,-0.1256923104765814,-1.8126674842173933,-13.876208394889023,-4.12240111825237,2.5617361216872867,-1.8797118752232962,-4.33822534161483,-192.80261723009832,-86.76104240433267,-33.94088044971875,-22.976435435045126,-13.101439421591937,-92.52400197267549,-211.52815013412436,0.34522947636157375,-1.652484893328406,183.0353249426822,-1
2020-03-30,-4.709054426887384,-1.3370106121469962,-0.5986842105263097,5.472244146277315,5.472244146277315,-45.8309945902132,-16.666666666666664,-0.03634954831909206,1.3010066510875533,-1.5535408417249914,-0.406088841276584,0.98264505529937,-2.034081376062811,0.9781305670577707,-1.4582750287342596,-1.6116835386707675,-1.6625538242029028,0.006002640245278436,-0.368098724945259,-0.4559663997330025,-0.8061263623562942,0.23380610336517954,-0.3292461396148223,-0.931807031578197,-0.39295895844341,-0.9745797919372092,-0.7687967533317323,-0.8821569635430477,-0.5661509535682742,-0.4020920444192078,9.438160761900805,5.591037922518467,37.85404201941144,11.491696748710249,4.2753376956292675,10.378151981273211,3.598459761667495,5.952232861272844,2.058152505203626,0.9962321853439744,0.49466415887732895,-5.977764414166796,3.0236075663501842,-4.429654476033885,4.448450185963402,-1.6116835386707675,-5.208159384650952,-42.77320799059941,1139.3010423053954,31.308527212666252,14.884682699610066,-9.725130305773575,2975.0032909644965,-82.69230769228099,-7.793924372181678,-4.677115987460816,-217.0003942803259,1
2020-03-31,5.422122787392249,-0.8264462809917609,5.758157389635311,0.897979546021441,0.897979546021441,-26.86949455327232,20.0,-0.02651248756483955,0.9724286316349952,-1.4923957471908555,-0.4552731638983605,-0.3679470480611894,-2.2820075914393922,0.9762234719312316,-1.4443102820031186,-1.1861007964271906,-1.528666364319449,-0.0008247407565316749,-0.36674657273602196,-0.28081518151178847,-0.6637975402263617,0.45623008811144294,-0.14387244544091474,-0.8122028852366103,-0.21290449043048948,-0.8710097240162011,-0.6217397056599846,-0.8275697418605886,-0.5453295787810754,-0.39435237252538735,1.4939404365866191,0.9199900114070441,4.40932561632008,1.7797466129279695,0.7122397013108667,1.6265362814530429,0.6031341222326418,0.9760093115498027,0.34951031246296077,0.17089800739964528,0.08547812514415448,-6.7451578087334765,3.709397259736717,-4.80689688061413,3.427940015739754,-1.1861007964271906,-4.2033238408550755,-26.7967145790552,15.517241379310187,32.28514063244932,13.638184283514084,0.20958467952560317,-18.4106876908323,85.41666666650588,-1.6772890363631263,5.472244146277315,-83.59028723832928,0
2020-04-01,0.9924474127707348,0.784313725490194,-1.1765442142812483,1.6501854140914702,1.6501854140914702,47.5617966991748,0.0,-0.03908253468272518,1.0241337041479444,-1.0480168019690823,0.28773181886718735,-0.2863901111478516,-2.229605431862037,-0.21499735351841087,-1.6425441219647512,1.2374684711215134,-1.6864869458075478,0.024742426755540232,-0.37174713345124444,-0.02806120672580332,-0.4674925476904045,0.8578301598460661,0.12994925508720426,-0.64847352618771,0.049844011507184566,-0.7290755676815529,-0.4182260198927813,-0.7502683016183096,-0.5136540912276428,-0.3820227741621136,2.8360164409214024,1.7377687700471163,8.308603519347185,3.383683615809898,1.3415793777906326,3.0901026262435876,1.1339929670292286,1.8447623861075508,0.6535142802601315,0.31828476887173546,0.15903566934084107,-8.04791045588536,5.436937069519061,-5.3241723117834825,4.530356783663008,1.2374684711215134,-1.087357343020791,-189.34081346423523,29.677182990204827,63.389588861889564,26.173741962736397,18.736653864709464,4.735087178014641,95.88014981263797,13.616163409003951,0.897979546021441,83.76648125257748,1
2020-04-02,1.372064276885043,5.769698443579779,3.8692926350452814,3.1799112300115473,3.1799112300115473,16.85092580765494,16.666666666666664,-0.04539315621456909,0.02783358992422919,1.3346145308475916,1.2779232494331323,0.03928130515961441,-1.954085379482166,-0.0187765218370857,-1.5852132750325783,0.48944283193892185,-1.6352082753518058,0.0678874186565311,-0.352801112053179,0.3988880628458124,-0.1514844124437268,1.6450239095887849,0.6025234705005156,-0.38802660244731013,0.49833307741646976,-0.5037394682962693,-0.08921863351998185,-0.624688318519545,-0.4592066618122983,-0.3601043103403511,5.442668519547011,3.3768127476990486,13.968877065086089,6.440855058283969,2.6148958780587668,5.9087918749771,2.2129498916319497,3.581248045449802,1.2773713504670825,0.6230951721126832,0.31215732993612366,-10.641286429266126,9.33219979962548,-6.148385339460793,0.21631287693071183,0.48944283193892185,0.6932283789077306,-145.21193092621732,-4.569772087509212,11.758017947760575,18.88048986022791,19.733555783586393,-96.357009505797,-129.63671128100435,-3.963245572823156,1.6501854140914702,92.70023858272215,1
2020-04-03,3.3044750640165885,-0.3103983445421538,1.390074381173043,-0.9133765468473711,-0.9133765468473711,-31.491299867030314,0.0,-0.031083850560020193,-0.08478187146198501,0.41800700979454514,1.992899291166219,0.5124962391445134,-1.104680645176313,-0.036621093750014884,-1.6382699868938038,0.7051027920938363,-1.9687028528397659,0.0719612837307093,-0.35575063234638,0.21940093407007227,-0.2196965166350659,0.764620307979366,0.36162589425910585,-0.4250465628981635,0.2906601607719036,-0.5282275192487108,-0.16704399565707456,-0.6342658536164699,-0.4661464143201285,-0.36362984515479746,-1.266364203918042,-0.7583893188364371,-5.322359634077485,-1.5602381296866878,-0.5936344499041182,-1.3989154822981216,-0.5087880867791716,-0.8040706251283987,-0.3074482871310822,-0.14544278290550375,-0.026687686716445846,-9.592557572354663,1.610943973942242,-6.6567127323045385,1.206628392952728,0.7051027920938363,0.3326808091117104,5.902777777776341,-8.328855454056919,3.8039301763897226,23.817359585373012,22.78786389645254,-402.463503649471,-617.419354839778,2.0535340504470314,3.1799112300115473,-128.72333473422296,0
2020-04-04,-0.5370632672332436,1.7009744565530769,0.9861695730607183,4.769550996134387,4.769550996134387,45.419674624557636,-14.285714285714285,-0.04502661506611275,0.3150469742000983,0.9093326878654998,1.9175722879876491,0.18213734881078503,-0.8803972254433196,0.8486994749053494,-1.7199961930142165,0.7867102825345963,-1.995869687196896,0.12579594525358853,-0.3639107219916226,0.8347206635158058,0.22388476871164942,2.1198573001299246,1.0532074781053418,-0.06079276867387007,0.9416279559436793,-0.21275325913493168,0.2956344994446615,-0.45549213174857045,-0.3865040033760088,-0.33110091150690646,8.231584588902882,5.18061045742367,18.523373871457828,9.647386857955986,4.022987514919439,8.898130507445709,3.4070557340512515,5.488651323005753,1.9648248059758862,0.9577754872016632,0.48091296056607263,-14.472196572890027,9.009314962548252,-7.77392478979181,0.434196459759028,0.7867102825345963,1.0507595050665142,-511.47540983606444,32.59003066345636,5.652773692507245,11.536666080226874,17.53083721434529,-438.1318681319257,-135.4114713216493,5.786461127569624,-0.9133765468473711,-622.1889058348486,1
2020-04-05,4.651990743487806,1.7575688853611393,2.0185780635941555,-1.6120792416415741,-1.6120792416415741,-9.109179025608777,0.0,-0.040863909596400606,0.6606486763168529,0.6615652503524045,1.372145330778682,0.10786830950608643,-0.9212018813211095,0.03492904746160147,-1.7650112141061332,1.299502456716839,-1.6019945362437844,0.13372440984448855,-0.38846878216056946,0.4909264530728072,0.05325052988139745,0.8242321284401846,0.6196585381861954,-0.17482913364915706,0.5563936946180444,-0.3002413769688825,0.10885978700100298,-0.4957637598141483,-0.4061117071752578,-0.3396338863733756,-2.42844458835729,-1.443689522641917,-9.547105142450407,-2.992905858170502,-1.1239353243196177,-2.683701772833075,-0.9597537122552023,-1.5324398263097652,-0.5734178612805632,-0.2690685634068842,-0.049296180008280316,-12.318526822281761,-0.6266153222950063,-8.376386144924249,4.48334526066417,1.299502456716839,-1.0707924659913541,-37.13147410358531,-27.689668777524822,-3.8660324413107823,1.420092150289701,11.069580325104353,134.8137841003239,-527.4647887329079,14.688238067039586,4.769550996134387,-133.7993920800538,-1
2020-04-06,-1.63860066904803,3.33741921105417,0.787953073016983,7.003980845785494,7.003980845785494,35.02896540457723,0.0,-0.05485528481282202,0.5554741568772747,1.5903835630946523,2.46530957244493,1.105344098423693,-0.33123844377809886,0.6643512914579222,-1.3783490174506838,1.3951410288974122,-1.3421683454614675,0.17346813538178069,-0.34317280202406425,1.386909395074004,0.688498132064135,2.9178277541537687,1.635130509634943,0.34529324268226774,1.5080565496012046,0.15042154562041674,0.7723217538897783,-0.23755704875624362,-0.2889948291935442,-0.29134047634831717,11.362143291297727,7.471269634081337,20.65721855798869,12.999571598511759,5.881264637597043,12.147370443831042,5.012957064939528,7.884545915410514,2.9274876211313137,1.4402627696698296,0.7292901919857656,-22.278931509475814,10.915682788423918,-10.140099800399863,2.2327618267072706,1.3951410288974122,0.736542494251612,195.18377693282596,39.88326848249008,10.386114632414923,3.5888802577433405,5.291842929212043,-12.381323398208696,-138.13838550244023,6.485150908655793,-1.6120792416415741,-534.4687695781854,1
2020-04-07,6.479133041272769,2.9654391545802468,4.476488302061592,-2.4963605974012055,-2.4963605974012055,-6.827394087011289,66.66666666666666,-0.050958897556206806,0.4131257419335414,1.1861324437340166,1.2763227240439499,0.7705355221879014,1.322388325110965,0.7964000129495887,-0.6957078027228479,1.1975758746408545,-1.4142228745909824,0.14014654126809223,-0.3414214701503907,0.8231021224168779,0.37916756262578016,1.0107663793348325,0.943273978792548,0.12574640733578707,0.8850040659014381,-0.02405746921683565,0.4383532394381489,-0.3209697858649442,-0.3264340669551045,-0.30690219653076933,-3.9292315508729936,-2.368778993908003,-13.077444671603464,-4.788495755688035,-1.8473206358185872,-4.321083852919862,-1.5774878667854184,-2.512378870674568,-0.9399572090793251,-0.440388066010205,-0.0809352358403658,-18.62619687284663,-1.888497561224171,-11.071238940690307,3.213535432213684,1.1975758746408545,-0.4110615786056696,-8.372692142550479,-41.06201864612895,-14.76784267589773,-5.254979435755632,-0.15039815565937148,-28.703530826161156,-247.94816414701484,-11.564267446187387,7.003980845785494,-135.64202490507014,-1
2020-04-08,-1.9597228237332058,-1.7123108341624387,-0.6706945291280949,3.787878787878797,3.787878787878797,-20.99068572200573,5.0,-0.040215118534016984,1.0272847162056964,1.3316352813233334,2.2105072627721296,1.2666272759320794,0.7937976112550071,1.0208997682901437,-0.5216113381515166,0.5556152029203449,-1.4209399667437344,0.17674594612288996,-0.322357259097657,1.2393824056238227,0.7007557703858439,1.9549966717191434,1.4033976777240524,0.4012740064045643,1.3215277616171726,0.22101580524461445,0.7705820904396115,-0.17255024984923945,-0.258170207562028,-0.2786383375137445,5.838400680103689,3.9863685298728058,10.413208429262289,6.57237386399474,3.182381711856219,6.193306813943285,2.7318989580739474,4.190837035625258,1.6194513848533445,0.8054590506046561,0.4113488861257786,-28.112714207282437,2.6724135600522168,-12.782263123879575,-0.9404067438388606,0.5556152029203449,1.7928151043372784,67.05716963448928,45.50499587584186,6.192668988487245,2.771997419013869,0.286971542730464,152.33388188694775,-129.6350364962992,4.570242496749426,-2.4963605974012055,-251.73604293474742,1
2020-04-09,3.489784649364976,1.0495471497069755,2.0089285714285863,-1.081570675049293,-1.081570675049293,16.55379430291887,4.761904761904762,-0.046799788504321094,0.8541953581114493,0.46882987406551463,1.0503597122302446,1.2826547422922927,0.9393140090025797,1.0664486533133453,-0.5360839763710205,0.46149237618154,-1.2140941165293684,0.17466340858346047,-0.3265043646809977,0.9052971051763186,0.5274507828153694,0.9039899127237412,0.9919944888640218,0.2859461699978251,0.9513622124669363,0.1342907219490408,0.5813722486204674,-0.2066884982790939,-0.27238609380128553,-0.28440650902723175,-1.8276681861609942,-1.0875225549963123,-6.280013560821443,-2.2371639810283805,-0.8421910771916006,-2.014299941545586,-0.7159652855170481,-1.1553259019141633,-0.4209923898552556,-0.19529709342119347,-0.035785496325535564,-28.052203432296796,-4.159814173167546,-14.045932822358045,-0.5038614931945788,0.46149237618154,1.2383972913494534,-29.032258064516263,-14.919203898012453,-11.049095316026555,-6.240181953508792,-2.9799080783264236,-16.2502380210496,582.7586206904251,-0.22137630705395425,3.787878787878797,-128.5534658213012,-1
2020-04-10,-0.7736634297300145,-1.3391680286813799,-8.364332603938744,-7.46525907572982,-7.46525907572982,53.733710901303134,-31.818181818181817,-0.07249389673873584,0.4029555659808189,0.04778865047661924,-0.16758124404429103,0.9565857247976823,0.485100808190539,0.5527642707556123,-0.5595230828704596,0.08473000061997567,-1.3674809401517125,0.1014789457248574,-0.3374192037726136,-0.27586245179396773,-0.23728321956018025,-1.9357459906063987,-0.3794126501812511,-0.30868114204183683,-0.31899907453146825,-0.3655370813077181,-0.22705450446954376,-0.47689417838520964,-0.3955623514053213,-0.33558050842946724,-11.793156192577005,-7.217316959346237,-33.97282882988019,-14.197925845288752,-5.63481962861254,-12.900115402650094,-4.808375075385799,-7.648966544162689,-2.8483400398733987,-1.3288456979818248,-0.24494873181468646,3.6762372769724263,-21.55835600133323,-12.818312131798537,0.07690588490640717,0.08473000061997567,0.09091838892667657,-60.47430830039517,-74.93748917996142,-18.676705745922085,-13.671364480385154,-5.621195865078335,-58.74939141594921,-88.16738816740505,-9.731352405952293,-1.081570675049293,590.2238797653787,-1
2020-04-11,-7.619508522880025,-5.728637845348153,0.5671303205778839,-0.95459837019791,-0.95459837019791,-46.85114106440896,0.0,-0.03862586986968559,0.44472628056972396,0.03455997842107488,-1.679722642792921,0.46992481203005626,0.8989384406955678,0.8098396410247051,0.9074354462495428,0.35574171853339825,-1.470014685222827,0.10979766441128125,-0.17486483544868256,-0.3647333581633731,-0.3009426725156642,-1.6216084037856613,-0.4660491433841174,-0.3546750123736763,-0.4080555072376274,-0.40151932643580807,-0.29484639987672845,-0.49342838328328803,-0.404456216339533,-0.3396763316351768,-1.4730882387897735,-0.8867303749720193,-4.601860806705408,-1.7874528806028425,-0.6876293441645411,-1.617252544767487,-0.5844852551749954,-0.9413799664379514,-0.3425959263758291,-0.1585577200676843,-0.029120269416642267,5.674539225128869,-23.179261753943795,-11.294943067881436,0.898321950468743,0.35574171853339825,-0.07334537776674324,-43.100000000000044,-38.228438228438236,-42.06708067604205,-26.40433767795099,-14.717986811859948,12.275519037084516,-204.87804878081795,-10.744114062701902,-7.46525907572982,-87.21278979719015,0
2020-04-12,-0.9080325960419084,-0.04534890312339205,0.04748901816455575,1.0108133521391547,1.0108133521391547,-1.3917439434775327,-33.33333333333333,-0.03805240662645652,0.8240434616470999,0.3870503839607236,-0.9998326173074008,0.4810904717359359,0.7357353559924628,0.5107288526334599,0.35808789983272316,-0.020575164013450786,-1.4572101660377212,0.09873213108985995,-0.19704291134847052,-0.18569118128836862,-0.18529171537606517,-0.7730619570712697,-0.24469079501119562,-0.2580279892982149,-0.2103429514468635,-0.3157274066279218,-0.17399120564990178,-0.4416051564714898,-0.3820646580680299,-0.3307957519285053,1.970516366167675,1.203493562905598,7.566224189801907,2.367049666672406,0.9258417154562805,2.1523481338124215,0.7791773389544516,1.2780393146519342,0.4391162317778521,0.2099254350860344,0.1048742704678725,-0.9380793994585027,-19.277018526781664,-10.278573866508784,-0.012212924353346763,-0.020575164013450786,-0.027252553254667914,-61.6871704745168,74.57972890130019,-51.92140809519007,-15.86214168179506,-18.627722504339346,100.76271277993796,-269.7674418600493,5.696278238174254,-0.95459837019791,-205.88886213262478,1
2020-04-13,1.110197368421042,-2.2287755912210114,-2.12412483683399,-1.6988596695368694,-1.6988596695368694,-15.291085666342388,10.0,-0.03230963380154321,0.3542768632491438,-0.10128593972087298,-2.111159954463037,0.21326924173048087,0.6345018361752887,0.3158191891033426,0.46914682760168663,-0.0658540744268613,-1.574979044683471,0.06375337969724292,-0.1960937871898603,-0.38500727168354526,-0.32033450920145895,-1.0768526952714268,-0.4653908988585719,-0.3613049964798589,-0.4202988342913912,-0.4008636168952425,-0.31681213246673173,-0.48555122235643905,-0.4031895090415659,-0.3399129903373465,-2.8766552558545775,-1.6870859386526975,-10.0337518504618,-3.531441634530847,-1.2935388139961197,-3.1754861980522566,-1.0921490982136492,-1.7961071845191925,-0.6283408981101981,-0.28667744346443047,-0.052324602004897594,4.983088844497987,-24.712981659474675,-8.624954066723555,-0.0731229135828658,-0.0658540744268613,-0.06004891072625008,-62.84403669724705,-17.912776768871023,-4.256716097188556,-33.443297747778466,-24.96073049860109,-53.18753761211904,-69.520547945268,-11.203280853271533,1.0108133521391547,-268.06858219092845,-1
2020-04-14,-2.07982338929877,-0.6844547563805308,1.4245877788554746,-0.5267518939394074,-0.5267518939394074,-29.511123500305153,36.36363636363637,-0.022766137375079206,0.25738070999309454,-0.08766475652723985,-2.0254243143035295,-0.07725814172844596,-0.02245310363129724,0.15829185500466275,0.34348021067323814,0.1309123857826108,-1.4967996368618273,0.062493593729317454,-0.27938756733018555,-0.4034317631801153,-0.33849667957886065,-0.897477934857803,-0.4745882872699768,-0.3730048263805248,-0.43512129188882653,-0.40851145833389324,-0.33620271253914774,-0.48697379190687057,-0.40514598668011076,-0.34114116893979657,-0.930673626158861,-0.5358145189868256,-3.539966606769543,-1.1526208024244138,-0.40775805133295645,-1.0315701065053944,-0.3427979496826136,-0.571530561541924,-0.19496430669887724,-0.08817367648774196,-0.01602542468684366,4.572200367063688,-26.030059846017235,-6.982074040348602,0.28601521962863946,0.1309123857826108,0.007057732668647731,-1099.999999999983,-13.342241768155816,5.787970521487422,-42.56687675619564,-28.24959770995756,-26.494443807995587,524.7191011251517,4.733602950654041,-1.6988596695368694,-68.99379605126519,0
2020-04-15,-0.1839216849599512,-0.19273449363391143,-3.281334050564825,-3.3081454156006482,-3.3081454156006482,45.05984733219257,20.0,-0.033110822042768016,-0.08025057833641948,-0.03111605728714591,-1.0918236628392401,-0.2675293381020095,-0.17217912072952402,-0.3156443710818729,0.6232827158291488,-0.08608355099053804,-1.327394811967355,-0.02842946176713143,-0.2696344604875152,-0.7805297122377035,-0.59929537906148,-1.6864796695238855,-0.8990870443033202,-0.5802474567590538,-0.8347912188279685,-0.5844580418562939,-0.6101742224004172,-0.5843437730856007,-0.4510557397288107,-0.3606083368093002,-5.864091440397085,-3.3879270408562623,-20.972241889143277,-7.236220306047936,-2.577143522631421,-6.489742561590894,-2.1649989679706123,-3.6135135838256116,-1.2270941818646794,-0.5532680912982397,-0.10051332755991137,14.19216030258541,-46.46097577294321,-4.018724641995114,-0.22888430603438506,-0.08608355099053804,0.028265568110485556,33.58024691358087,-66.28686784984662,-30.020349702697835,-17.04914544923563,-33.34836347117812,-129.9671617509663,-250.53956834544624,-20.28037759643911,-0.5267518939394074,528.0272465391862,-1
2020-04-16,-3.388017118402309,1.0474574287553517,-1.0011123470522738,5.150452279859707,5.150452279859707,43.63785065473378,-27.77777777777778,-0.047424622772296,0.04835292719604896,0.1525441789253087,0.0855533639107489,-0.2516004451758539,0.04431203855829467,0.1202277721749571,0.6174302552775816,0.2558266730182201,-0.7413397887701003,-0.006680566457891895,-0.25042820991680315,-0.030168396952218228,-0.10810533924887505,0.5143100507939056,-0.014829062087043744,-0.18671998630977438,-0.02294348687709418,-0.2460038493745745,-0.09354061984556925,-0.3918358256560256,-0.3650126098033619,-0.3255187207121662,12.036159892289412,6.849751152227748,61.245434169615976,14.964216344989442,5.124381651544467,13.358570646580622,4.244243411576449,7.326350321506907,2.2905484165061796,1.0579901280346198,0.5193934741835917,-7.098236678709247,8.22758089303294,-4.531476005669444,0.5277380902065459,0.2558266730182201,0.038650661329711206,34.84288354898321,1300.0485188280072,143.15133473430765,83.2555041578507,-6.190317988987832,-157.61519069421178,7.28793309438214,16.090817385536628,-3.3081454156006482,-255.69002062518328,1
2020-04-17,8.16414421065585,5.182997451934193,7.590511860174794,5.2551498127341,5.2551498127341,-46.225629600438964,15.384615384615385,-0.02528974096983289,0.4796094316362314,0.4950134672781671,0.9474059123827832,0.31136011443557543,0.49425788632063833,0.1623105277511519,0.7660620648836822,0.5971655169177384,-0.7163368617797757,0.0777344866206506,-0.24977184196375082,0.6731583843101993,0.3741867292313548,2.110761874642208,0.7952755611329063,0.20695549254252243,0.7300316217404701,0.09621811956446649,0.41132752758177604,-0.19172822800774733,-0.2739040084527986,-0.28803378089910064,10.26282617548814,6.470999993809341,26.197641538378146,12.053136919351076,5.004715145248881,11.098819438879692,4.214478695981292,6.857045057617984,2.3574720193592027,1.114902762459494,0.5553837980668049,-25.25230085256075,66.20057154913327,-7.8888189593061275,0.8689840739121957,0.5971655169177384,0.3790022652035373,-93.28307059629903,38.55571925666934,91.45964700549705,59.58137810917486,42.56676536104765,800.7217874032922,-99.99999999996987,22.137647751063085,5.150452279859707,2.032783281650767,1
2020-04-18,0.0,0.0,0.0,0.0,0.0,0.0,20.0,-0.025281520677474852,0.1504108784973457,0.5672415234168336,1.2819306581361747,-0.26666286398770683,0.16454506003182773,0.28676699852004095,0.21215948893137299,0.8111260131786215,-0.6654195936831849,0.10388122447230752,-0.2301175954221774,0.5795029603041895,0.3389016289260977,1.3780864595078726,0.6676160872208994,0.19122969569927134,0.6212063870018635,0.089923975788877,0.37062897832286806,-0.1845633339779831,-0.2692175644016535,-0.28599152533242383,0.0,0.0,3.382558610354022e-14,-5.3340962594902766e-14,0.0,0.0,3.012125989703271e-14,0.0,0.0,-4.7317365226593714e-14,0.0,-27.60806293934287,22.38482974017475,-10.481591423295335,2.2861236460404983,0.8111260131786215,-0.3784949017674949,698.9795918367549,0.0,53.48555289666436,39.16729752785503,53.32372179647742,-64.99927548645647,-304489525575653.94,9.078271095072338,5.2551498127341,-100.0,0
2020-04-19,1.9907855070815064,-0.30281341188127525,-0.7136226502668924,-4.58134104303348,-4.58134104303348,-6.966536562331549,-11.11111111111111,-0.02357616581103904,-0.06959791938851445,0.542433359374568,0.4122250865092287,-0.4394305513852219,0.009477389656147066,-0.606487887758123,0.02979626801743761,0.32565753321650764,-0.7833469562829012,0.06979810369048182,-0.25219928552441406,-0.13437984525883762,-0.12350085245466144,-0.6623958280359712,-0.16937080206419947,-0.17072846373923922,-0.1495452728152032,-0.21537401204520992,-0.11753138631224927,-0.3491749624171775,-0.3431963181326594,-0.3165343357738826,-8.690507044533941,-5.1516421226287585,-25.665795936421702,-10.529078117120747,-3.9321564413300063,-9.539253378870955,-3.3028576286836446,-5.485942141881049,-1.8585531598569824,-0.8315736911152191,-0.15125598241806337,-0.2808990203327139,-19.744913578831074,-9.396961349990493,1.0502076687927824,0.32565753321650764,-0.2743398154162416,79.3103448275863,-41.91251271617501,-5.175251186415461,14.62535376497,32.089803080660815,-143.1262006311336,-0.2427184466022647,-7.228951836895144,0.0,-inf,-1
2020-04-20,-4.27750822597736,-4.047934614535017,-5.323438321743695,-4.789651555762731,-4.789651555762731,40.47363567949323,-6.25,-0.03332269157688475,-0.8988864723084306,0.0837640938598885,0.10292229944604313,-1.1627851312860455,-0.004963876516779569,-0.7683530194423172,-0.10837123713706956,0.04612439750004449,-0.874120475549751,0.015444836043797597,-0.25468946901118533,-0.7496537972563486,-0.542451042097396,-2.0198003585047966,-0.8735504939320482,-0.5055567457459725,-0.8064609256560379,-0.5012525953916125,-0.5575211304147449,-0.5083621085929793,-0.4162355339361433,-0.34698038514797247,-8.499196191381772,-5.108807982185882,-23.503070043157496,-10.216319457515564,-3.914044190272454,-9.295495189459249,-3.2925679750502272,-5.434006072432144,-1.8560232686646945,-0.8308892487252775,-0.15141369180871114,29.389534226133474,-53.161609982123196,-4.857878358737833,0.2044307945647667,0.04612439750004449,-0.08670972291522823,-40.17094017094009,-71.97898423817858,-32.439889633425345,3.3157840424416394,16.255901780861823,1259.0957391677155,-80.7785888078126,-13.889633732018341,-4.58134104303348,4.54693310916048,-1
2020-04-21,-5.156140759729669,-4.719424460431662,-1.4319219849401494,-0.9669522643818965,-0.9669522643818965,-6.4814698980128735,13.333333333333334,-0.031250547111956864,-0.7816898803628171,0.0005506183443917684,-1.0466486449019647,-1.154669533966843,-0.08168238638928506,-1.1485781517082063,0.0729798128421294,-0.07635831354738314,-1.037812050101574,0.0019809558112140065,-0.28991169508164216,-0.777204474695834,-0.5789372709295582,-1.6833201958450832,-0.8872235262927926,-0.5375633871364476,-0.8282698401979646,-0.5291030045476494,-0.5944377244710674,-0.5240947163015257,-0.42488453722869185,-0.3510120679021853,-1.7202454209809086,-1.018270757727687,-5.142370657478813,-2.0830501076575136,-0.7752139537330522,-1.8878405822938409,-0.6497249316883743,-1.084819876872194,-0.36256959093211694,-0.1610459491033815,-0.029240814792015568,21.224294322441263,-86.1566269567639,-0.7068312242629555,-0.32345692819857497,-0.07635831354738314,0.13158509302709503,-0.7142857142856022,-35.26048791609674,-51.30786351608848,-17.78615688854109,-0.791879471646236,-10.110237344267333,-590.5063291149435,2.5348853916693526,-4.789651555762731,-79.81163654340384,0
2020-04-22,-0.4668591436820424,3.7148897614013743,1.0457107075767311,4.78927203065135,4.78927203065135,35.24128702676735,11.76470588235294,-0.04206774817391194,-0.7505685183727808,0.14040690471603348,-1.201316895488919,-0.10926980331436738,0.1668857182860598,-0.7226653731450353,-0.059007806281877545,-0.003748742008679113,-0.9686493098261091,0.042724768750520815,-0.2683129297164173,-0.07279581618457096,-0.11933600491487835,0.40033060898571465,-0.05691301135250363,-0.1696402828162388,-0.06597843391206243,-0.21244627637630348,-0.11083152615831261,-0.3426233856143656,-0.3434420204655212,-0.3177913713002143,11.267802318213011,6.559657733294354,45.120986357385526,13.812815202833823,4.929946864619825,12.42708098041337,4.085484703105911,7.003840522763806,2.1875339402856504,0.9979425653590489,0.487679179257342,-5.9057680072388425,141.19969662179787,-1.7170111394078962,-0.008354725402542137,-0.003748742008679113,0.00010976317613526647,-72.30215827338151,365.5660377358489,-10.634255270207618,-17.88026531507111,-10.49332340086007,-5.9266957154764555,-56.64516129030268,12.605691256481347,-0.9669522643818965,-595.2956011445732,1
2020-04-23,4.548540393754253,1.5783343040186397,3.866889756460305,1.9814825735684347,1.9814825735684347,-17.57267521356581,0.0,-0.03454632460303034,-0.5312910832411717,0.08879969208774673,-0.8188875890673771,0.13587822956062653,0.3027795751166032,0.05112220015471769,0.03393480985718232,0.1378435274100828,-0.9390715996684706,-0.01665059359370338,-0.2409296956482155,0.19981098674248907,0.0693656582839829,0.9315843278872733,0.2557041169155896,-0.013682452603022794,0.22535733179591738,-0.0752719780648136,0.08633606353949815,-0.259158937254171,-0.30525753612811013,-0.30217027529418894,4.154034788482857,2.598246259102993,11.078155710127794,4.902654772367543,2.000722241648046,4.502238568504204,1.678419999413477,2.7555937682107228,0.9225263676319725,0.42775795869923794,0.21102173259486012,-14.5734860102407,135.18063702085965,-4.108623254331746,0.2752009410376104,0.1378435274100828,0.02278678792999778,-271.8614718614721,37.49079473757507,67.44780828420431,-13.912018865353518,-16.769766664170625,-31.024528409590772,-57.44047619042906,-2.6353528407620432,4.78927203065135,-58.626643863891395,1
2020-04-24,2.3258559622195896,0.40135313342127227,2.422289839508362,0.8269241889782039,0.8269241889782039,-2.4037575785811245,5.263157894736842,-0.03364573056813854,0.107413188325506,0.1705748730302329,0.3264469702385338,0.12148763569386309,0.5016857720836281,0.18991462885255275,0.21059897171227843,-0.05212413030456717,-1.0562710434816205,-0.062292592447521784,-0.25684993305258924,0.2845098837494141,0.13871199853610633,0.8960536160094094,0.3448168961977811,0.04847819552854018,0.31245484862888984,-0.017701540233072917,0.15744626684646845,-0.21927877057935802,-0.28623610170348834,-0.29432358198166725,1.722103236814742,1.093417251562118,4.306962828801926,2.016854495921579,0.8460388373247437,1.8597937760938903,0.7113258782713073,1.1580229852589508,0.392380972170362,0.18218620998921642,0.0899882525092619,-18.74834061148517,52.515031330533404,-6.534756571717143,-0.03025234680669808,-0.05212413030456717,-0.07049115232746582,58.438287153653455,53.73727831315664,73.32716439698656,22.6453501163984,-5.259023443969049,-124.23076454885549,-89.51048951031964,-1.7539356065269358,1.9814825735684347,-58.267400379453804,0
2020-04-25,0.5653628706588258,1.5133344754725477,0.8388186637152781,0.08602890571230588,0.08602890571230588,-5.484614538942459,20.0,-0.03175135069487827,0.18232266501251343,-0.045518860163883575,1.3193520805624666,0.27154767496475674,0.3164613581671671,0.11869730832415284,0.17747843646779268,0.03399919900194035,-1.0418343697625794,-0.04787449406389876,-0.25898129350886206,0.25755773686637623,0.13385628414873696,0.6212495156150538,0.3042508929168875,0.05127657691812194,0.2795037637801464,-0.011026433687835614,0.15054303831173996,-0.20795055507606416,-0.27991197230200165,-0.2916505799045259,0.18675344317186454,0.11757120396236824,0.4894009873566335,0.2196149134103547,0.09063848601543405,0.20206696765788765,0.0760352609511303,0.12463009477175521,0.04166142738830952,0.019234861645923255,0.009475186827102022,-19.76559607842158,20.728152576175017,-8.440881973883565,0.03352405823365164,0.03399919900194035,0.03439836329697136,90.77901430842559,-13.800255023802736,18.313813231961483,29.596775363757477,12.627945737736301,74.20079326516006,2686.666666617999,-8.167563787870954,0.8269241889782039,-89.59651841620442,0
2020-04-26,0.8490133088572872,3.442844284428431,0.1964069089018503,2.395278207552586,2.395278207552586,28.729385773433574,-12.5,-0.04073606065283376,0.2849098203938406,0.14704349305111433,1.9772852471313762,0.5182029774713521,0.3765491687604667,0.4386142853922731,0.3224892812845053,-0.19528493454498563,-0.8976036592359626,-0.08313334769204644,-0.2508565376764259,0.5473466237239912,0.34218828524747097,1.2198944786499764,0.6313142788646342,0.22601864938138985,0.5868119869010892,0.14397078811762334,0.36738019941955824,-0.11107512829409995,-0.23429840910545882,-0.2726961327142086,5.262066948579331,3.320860333187603,13.280398173629138,6.173437241259252,2.559000401782863,5.687704805928597,2.1451730864867606,3.520102622953397,1.1712208916180524,0.5388010508820756,0.265119669280314,-39.46473241583608,34.04381926855321,-12.357568335812308,0.31773339255061317,-0.19528493454498563,-0.626266283160148,-34.9166666666666,-6.171433747953708,6.302176495993818,22.90717152355185,24.988638923703622,50.30286414475451,-80.38277511956557,12.134808877059825,0.08602890571230588,2684.2713884597947,1
2020-04-27,1.6837315130830355,4.807483141179046,-0.5419429230325762,0.4588952935250923,0.4588952935250923,115.66688057286837,33.33333333333333,-0.08755524882699851,0.44012615559190765,-0.16326351717826817,1.1424499459807618,0.8252387124334395,0.3340470331115338,0.5134465548813327,0.3895982523568832,-0.03838306296840778,-0.42670691624237966,-0.07873799144161142,-0.23289407138434348,0.5351358131208943,0.3531598276503359,0.9601137473639995,0.6038730160565428,0.24375502829157678,0.567898529506767,0.1647120360981528,0.37639899772367463,-0.08933229153972398,-0.22216752047077049,-0.26739718754324027,0.984365978257816,0.6365669186962883,2.1735840565715026,1.1401173816176149,0.49447548034840494,1.0577161943337126,0.4161107746031917,0.6732325437045543,0.2288197761043652,0.10562334000952078,0.05208162387308208,-58.38178950741786,16.105714702009966,-16.370886525672404,0.044577407190440024,-0.03838306296840778,-0.10873934864894812,-104.48143405889934,-38.407496622252566,-18.789891937074263,0.6606227175639608,15.515304704791966,60.38421871966422,789.0243902413212,0.41110066955608116,2.395278207552586,-80.84167041314252,0
2020-04-28,0.721637950324461,-2.9057700290577078,1.5129557706799655,4.061055094423732,4.061055094423732,-55.02904324933782,-7.142857142857142,-0.03930599327219895,0.7779563796161371,0.16353050282884585,1.576136363636389,0.7664864396415932,0.3785363262053418,1.084607415874824,0.6741568675367048,-0.02569476923787386,-0.31787300261889356,0.0030689590586983444,-0.20901403200917693,1.0215240033804005,0.7021036825558111,2.0134204844368377,1.1533062923496233,0.5351126581363207,1.0838285218492207,0.42208283290800724,0.7398197226322925,0.06986257436794142,-0.1466994951059898,-0.23581772768690915,8.314517756748533,5.535681215694421,15.209305203171242,9.472805407214665,4.33732368194892,8.867225881762415,3.664273545094986,5.839673683126685,2.028619972147675,0.9392348879040108,0.4643720971757145,-242.74012274945713,33.81085800384313,-26.194255580100723,0.09038505131344775,-0.02569476923787386,-0.12428967746748312,-2082.85714285693,51.66542246352277,-4.908389191926564,2.7511066867466094,7.824786997525217,60.30169869953866,87.65432098762003,14.07946968639798,0.4588952935250923,784.9633351494854,1
2020-04-29,4.470980283254653,7.230654125694742,5.681818181818178,7.323340471092064,7.323340471092064,114.77489305247946,0.0,-0.08348666518982384,1.5649213623924494,0.35035912495138233,2.9221251412398694,0.9852216748768381,0.7129782776491327,1.3075302255931354,0.7729014435071122,0.4279711798085489,-0.13885848095722966,0.06525850899200415,-0.17031944027461554,1.9169933327990145,1.3460014173108963,3.8532611021621643,2.162067604583244,1.0713992766953744,2.0325306773227423,0.8944604600528094,1.4105655735231613,0.3591780311286964,-0.009535203207821192,-0.17829240340548694,11.74110806513303,8.806290865896205,12.365303921991238,12.60114071234066,7.198514548839634,12.179360926328838,6.215833801699438,9.183401793979414,3.611764912758101,1.7245211992311038,0.8682342910580774,305.2299928631276,52.17890123752312,-54.00952275795802,-1.9534365403337461,0.4279711798085489,2.4550190042769984,315.8501440922189,38.287060589790045,11.442903315164624,1.141786162988053,1.5162761637797066,80.49319499205481,-127.48538011693391,9.672488283314138,4.061055094423732,80.33098051656218,1
2020-04-30,6.40085061137691,7.091951158734118,1.6210082671421715,-1.8754988028731112,-1.8754988028731112,159.6601271936771,69.23076923076923,-0.21541396631548954,1.0485778865312037,0.30191110273987776,2.414156675616094,0.7977100139575641,0.4499839056851235,0.7351498423744373,0.6675651650273826,0.7165717276222549,-0.030741477282864606,0.04455972243081578,-0.1786145139729799,1.3495046142211535,1.0142418113071028,1.8019719183077476,1.4686018255459499,0.8241861252675107,1.407512538918541,0.6927811620421496,1.0562527829150736,0.26385954030578196,-0.04631056064271622,-0.19217879757642142,-4.494019111307704,-2.7109323154510494,-11.76953260810228,-5.358100842237564,-2.0578756920294974,-4.8975229526219435,-1.7152861633745056,-2.88673465939926,-0.9297765621829565,-0.4008140416313354,-0.07219741736342898,46.13079887646725,9.04833025951576,-128.06234307750657,-0.9172448875121723,0.7165717276222549,2.0474326839996917,15.453915453915384,-42.51322411339777,4.457988112856563,-6.584789165306522,-0.9517853851583981,-27.428305635421385,-524.468085106759,-13.279414109607766,7.323340471092064,-125.60988131408601,-1
2020-05-01,-2.448286199660225,1.777736411020106,3.4880629552826092,8.113054087027265,8.113054087027265,-29.492842626363462,-9.090909090909092,-0.15046381909555948,1.3180034777300929,1.1125656231374954,3.6075143281682323,1.927328542393222,0.8577881056289564,1.42061317508341,0.9155182334543028,1.213958813335314,1.0354005189517241,0.0782152673497304,-0.14346804559726975,2.3293623968268804,1.7243849355474752,3.9801399271169116,2.5721983587653474,1.419271497937896,2.445222486256868,1.2192673037112265,1.7950630537061842,0.5915173833279003,0.11155547767307882,-0.12537217292181965,10.6158768636996,8.653084898126737,11.883394891195536,11.075447455053284,7.350448314090655,10.856745726957852,6.485563805880572,8.93693810222119,3.967563717386308,1.9615486504155826,1.0087510760426512,57.70355689630499,28.691765372018825,587.2841395603738,-2.3973031088166525,1.213958813335314,4.070130802004275,52.64105642256922,52.201013378017166,6.606658775353813,2.8414977276504017,-0.958478504619239,15.41140981523782,-129.57393483707122,4.6898675891195225,-1.8754988028731112,-532.5811391934092,1
2020-05-02,9.116984224544153,-1.714677640603568,4.557365257154595,-2.219296595824714,-2.219296595824714,-7.963027955368118,0.0,-0.13820630737386494,1.1137755405378538,1.0174226906792685,2.9143916655569972,2.0520661118965435,0.4860884469160771,1.5509434123315462,0.7199741065245503,1.0177399290854348,0.633961160146553,0.10310940858710986,-0.12536500742347637,1.6331373826820723,1.3050943658819631,1.75546020375071,1.733374741560751,1.1026011870144978,1.6834322149298686,0.9586764847904007,1.348695381342893,0.46540888453790424,0.06285412692917268,-0.14360490202678244,-5.102755622639736,-3.225588136937912,-11.739733366588432,-5.956163728880233,-2.4905294093749033,-5.505171670041978,-2.0935313102862727,-3.418766950944807,-1.1538592698409078,-0.5020588822558647,-0.09117510545596409,21.131037832657988,1.8506567158948586,87.03136279459983,-0.9274935034566997,1.0177399290854348,2.4606285540065813,-24.51828548957925,-13.351299656588,-9.87268539990804,7.708513583104026,1.2004568421119406,-19.361995284442177,-8.474576271190815,-2.4560639839208163,8.113054087027265,-127.35463824126802,-1
2020-05-03,-1.3565527600450669,0.31170039544080524,-2.2014742014742037,-2.0773225620311684,-2.0773225620311684,11.398341821029604,12.5,-0.153991735811669,1.2551694400345081,0.8462405444076051,1.6762223283962712,1.8871585673479307,0.4904048421025621,1.6911613285534741,0.6630744683633627,0.968393187739269,0.6787330316741919,0.08455352454097147,-0.12772773959345465,1.086735967399605,0.9579882475273505,0.43378446397494125,1.0921743588698443,0.8349406311408976,1.0928144252063057,0.7358364842870544,0.9811583671334514,0.3543765819875014,0.019156666798581242,-0.16009263761351838,-4.765453744129751,-3.000030333418512,-11.421183306168578,-5.5763650562152804,-2.3124016543602894,-5.146934809904511,-1.9415416385176112,-3.1809820431759706,-1.0657162243078053,-0.46196263530678233,-0.0837953680870453,7.694709745156987,-10.537028906731708,41.6298324385938,0.1309931140724443,0.968393187739269,1.568999945136868,-20.005209690023456,-26.722758195060337,-0.8752906507563387,-4.2632361168820525,1.9280928325825362,19.734750553255726,-48.37962962965916,-3.3765842692861927,-2.219296595824714,-6.397253709155962,-1
2020-05-04,-3.0597192481560684,-4.568221871811519,-3.5624560345693794,-1.0950697308976673,-1.0950697308976673,-18.685107692419965,-2.2222222222222223,-0.12566683986878793,1.471504837267294,0.8573700800300627,0.09104436699687729,1.4101911110126584,0.2936631264421211,1.636173527795083,0.4684631846216588,0.9220464231291565,0.5870640973394633,0.07764798978483099,-0.13849501167237507,0.7755003827396253,0.7536362273140174,-0.08023579294058066,0.7356802858781198,0.6771796702838194,0.7599872158530059,0.6052022808675358,0.7651704555590392,0.29261791007886184,-0.00311640412512684,-0.16791158033498918,-2.5679723239677505,-1.5964702327053013,-6.607333662692221,-3.024114114517542,-1.2244032284814574,-2.781651425595911,-1.0250231479456204,-1.69491382076642,-0.5579981050497191,-0.2402727909504674,-0.04345286703186685,2.141598116873152,-16.829525237979613,24.44663577274496,0.6480007591881627,0.9220464231291565,1.1158168524267857,-11.917942038424046,-21.12782878875872,-19.957057818661987,-14.9284465418172,-3.9498308263656177,28.689583400378766,-443.04932735478326,6.9562075891023545,-2.0773225620311684,-47.284559898731345,-1
2020-05-05,-1.1339092872570293,4.500170092822081,2.9854634502162094,3.7982225311553637,3.7982225311553637,33.570156503724924,-9.090909090909092,-0.16644247256204775,1.8023104979626634,1.0738012406739879,1.206952201171795,1.577942865628091,0.4993875033612668,1.6057675886241893,0.6600690550833301,1.275618558537347,0.8988392067526838,0.0998262699433527,-0.1033070224820024,1.1986893919722208,1.0511199605640016,1.2105073746498851,1.2257656891547088,0.9278059081717773,1.2136631531834898,0.8291723467737177,1.0748708405343592,0.4399195969616175,0.07204151133828066,-0.1350519827202751,5.76928123539311,4.328760259973085,13.091927925205887,6.377139571536539,3.6157245696081017,6.053767714110374,3.170755557511561,4.496666299734342,1.9210990170637512,0.9455963277432384,0.4864345343985627,8.28382886889658,-4.939100497824666,18.674021775911683,1.1057452465550635,1.275618558537347,1.3951757704755048,27.72643253234769,46.92650872919925,-6.527519097210225,2.1525305122715137,-6.061776710187796,14.52372613865818,-177.1241830064747,-1.4976690970348312,-1.0950697308976673,-446.8475498854139,1
2020-05-06,3.08822799265181,-2.371762079709808,2.5650106243043638,-2.8221563187601655,-2.8221563187601655,-1.4483029118635682,5.0,-0.16394021293685157,1.2588445163998379,1.053581009105129,-0.9200289925103069,1.238272953194998,0.6659390037246662,1.2098049024512074,0.32465864043459347,0.8734333398272685,0.7259736341244267,0.05260113038575578,-0.12084548955334731,0.6213002815560452,0.6623773067011096,-0.16586841742442807,0.5615323622877139,0.6181119164557078,0.5956370159786816,0.5655131371206785,0.6662297521109594,0.2982676945044239,0.01268839823929529,-0.1581916021290547,-6.652657196281026,-4.200018813182798,-16.520705030462885,-7.784281084012122,-3.23900034277444,-7.183890846079848,-2.718270205638088,-4.452034410334068,-1.48418595327568,-0.639013250987957,-0.11580953896563784,-0.687675314745472,-21.42418009448454,12.364345203926923,0.8636719743141967,0.8734333398272685,0.8802837999411584,-29.175108538350248,-25.919193158763875,-4.801289537660296,-12.170105189394711,-8.704282351606276,-27.151541779523075,-119.32203389835891,-10.819338289932052,3.7982225311553637,-174.30202668777557,-1
2020-05-07,-1.9216876173963302,-1.262325537083796,-3.704434469491433,0.5611340815121063,0.5611340815121063,-2.6070359874141524,16.666666666666664,-0.1597240186901672,1.1610305302545418,0.8571604444307789,-0.356993064970807,1.2651722995642634,0.7201771964982799,1.183876503570597,0.42916021066534893,0.6555723651034031,0.7191466824603713,0.041134707869571394,-0.13380421829572595,0.6129561508872614,0.6525677413251864,0.07566050154363699,0.5614692064870433,0.613567240485719,0.5905329150060765,0.5652075812279931,0.6555913382777485,0.3093272387339177,0.023616911118291548,-0.15216250794283262,0.9378677466853136,0.6733204816737461,2.6110122103654683,1.0627462272043733,0.5554887555538951,0.9954214319719922,0.4844144805610069,0.7020511651199133,0.29019450050973117,0.1418476631893412,0.0727612816461701,-0.6039159281737739,-21.58078274677721,8.629092004059535,0.28212834492477445,0.6555723651034031,0.9176096892544401,1.3077237433592463,10.151380231522648,5.591674010934448,-8.104356493502156,-6.01316545319925,-3.777923508037632,-53.50877192969813,8.877182861935676,-2.8221563187601655,-119.88316797981709,0
2020-05-08,0.05892751915143451,1.2012736395214334,1.736502407540206,0.2594224180127311,0.2594224180127311,-13.821368707333583,12.244897959183673,-0.13714438287993586,1.1147778493238765,0.634990870575774,0.11648736748339052,1.0962879706090598,0.6901043848332216,1.1848748690853679,0.3122068506999013,0.6654265978765909,0.4045011924699716,-0.001972936689362283,-0.13338246369662526,0.5639516889399225,0.6145100699178985,0.1370070937483178,0.5135734897926905,0.5853346002897313,0.5415652690329622,0.5438717768409237,0.615526378200921,0.30722232879681316,0.028340901412807484,-0.14868812678539992,0.45347380022038875,0.3216812012071247,1.3396582929988035,0.5169627680243717,0.2641591958258146,0.4826432337434131,0.22974940817685133,0.33580878629027566,0.13662593516686694,0.06639017452602892,0.03396082720696882,-1.111318741749605,-23.687067710996395,6.06201618436404,0.3963894410293374,0.6654265978765909,0.8530152221085469,-27.26906010488111,6.94810444204151,-4.9785483392302226,0.23843294427435655,-7.110890548626957,-1.660384802573744,111.32075471641151,-4.97755158513252,0.5611340815121063,-53.768194347835674,0
2020-05-09,0.36808009422851473,1.2537541116460853,0.23160968732690917,0.5467949030903555,0.5467949030903555,-12.945672862052165,1.8181818181818181,-0.11905508245243601,1.1375848032564302,0.6592862323143946,0.44389690641014284,1.0968451183339814,0.7694083730102039,1.0528185876936498,0.36843414580116457,0.9088141471098293,0.40377259887641814,-0.030984685225172327,-0.14339826338800143,0.56158073255831,0.6079781683348255,0.27397681033575494,0.5188281065070617,0.5822721473188965,0.5423365047495663,0.5440751575595938,0.6086000961620055,0.317322322715677,0.03875130142389671,-0.1427932333150208,1.0000090292077812,0.7006209610351595,3.1248507090424935,1.1469360906348136,0.5724650372266417,1.0673232800051862,0.4964431440540864,0.7323210035775465,0.2928136231902585,0.14134606956087173,0.07207696918510084,-0.9423875840712742,-24.05154320296246,4.340863872329273,1.2389582924754534,0.9088141471098293,0.6796603588154772,-69.66167498613426,-3.0076423699566623,4.348649602060873,4.035077440945568,-1.4676735212844068,1.81800272314009,-2061.6071428522696,2.093540923845945,0.2594224180127311,110.77395981387926,0
2020-05-10,0.6454452105031547,-3.093220338983057,-10.770080876073727,-10.667637776159268,-10.667637776159268,12.744198587165991,-14.285714285714285,-0.13586632322688202,0.1892536822183738,0.3102876939298066,-2.441351114572224,-0.11571651914865151,0.32840824178771244,0.17083890693673467,0.22035756542885793,0.539905241120951,0.16882398669151621,-0.12025425184675653,-0.13769312097685543,-0.989996172549259,-0.47902238385995544,-3.393158438287687,-1.251022690418772,-0.3113562564666414,-1.1109179726740535,-0.23601701782179882,-0.5270429898702741,-0.14684524947360394,-0.17732153714880206,-0.23261755186147287,-23.957994703165834,-15.566400121836413,-53.385235528860555,-27.676907635138598,-12.12542390083493,-25.714167661964677,-10.220837011314035,-16.453264789559714,-5.605982985237057,-2.409052809291412,-0.43776507687251404,-23.22611919168843,-150.23762600139307,-2.090021949673276,2.1269417503003223,0.539905241120951,-0.5677797848416629,-332.90676416819076,-66.28262251123824,-20.92975020939243,-16.711843268804206,-4.316443781893228,-86.46038213471678,-62.767410104696054,-7.238063078388987,0.5467949030903555,-2050.939505081035,-1
2020-05-11,-10.931351114997806,-8.08434144682506,-1.5763103079434724,-4.446135449505359,-4.446135449505359,-4.812004717759869,-16.666666666666664,-0.13009499699707747,-0.1324772896074902,0.31032894868560656,-2.729939534234104,-1.0138979611119778,0.273429222156622,-0.419691946111565,0.10181314039380003,0.3647882766754802,0.19821583352556166,-0.6641033033615656,-0.16005103062882023,-1.4208646779626148,-0.8223100915748756,-3.7194947035736314,-1.708327905918744,-0.6056786943075011,-1.5552623837668982,-0.49832004561599563,-0.881502743998911,-0.30937022194252856,-0.2544196908942516,-0.2648166215887915,-8.723594385297396,-5.724203098514732,-19.258500407770413,-10.0424678512937,-4.4782946100332675,-9.34681152129615,-3.7835500016491332,-6.043538397964644,-2.0846162748800148,-0.8977890097037224,-0.1635383461527253,-35.19150362085019,281.5657598744127,-8.145041284468151,1.8341579071997165,0.3647882766754802,-0.6885639476150555,189.4819466248036,-85.86286176564894,-41.52307524905591,-19.668168771102778,-10.455806216717821,-164.88931942268775,-166.99266503672925,-10.976948085821752,-10.667637776159268,-58.321274655182876,-1
2020-05-12,-3.049146348115422,-2.087848194936287,0.6120231081622116,3.117178612059157,3.117178612059157,-12.71450063266428,-2.5,-0.11330315138329161,-0.197370538156521,0.48550956049658156,-2.3613647087787517,-0.640799505289476,0.2133867347315758,-0.7356406395475688,0.16951597778263172,0.3044452648491724,0.09723538563330669,-0.5634333857450473,-0.20487753615001544,-0.8724798876872386,-0.493868761848048,-1.6166791885303469,-1.0369077035335044,-0.35091700266508885,-0.9510423228233601,-0.2820008603992253,-0.5328510598989464,-0.18521237218141212,-0.19608496300966868,-0.24005544152116276,8.120465279770665,4.718892445347995,43.31918251095958,10.104654688661475,3.5822963534719636,9.010410035167842,2.986573210492219,5.029112033691182,1.6053081199859334,0.7268686013534381,0.3579123208823239,-32.98442590886005,28.00822902527348,-11.350854921087766,1.267589917091812,0.3044452648491724,-0.403546635748885,-27.65726681127984,564.9484536082481,-49.32271016751076,-19.144729182069536,-18.346582830944953,51.573740204571514,72.81021897806647,-4.959320750202856,-4.446135449505359,-170.10984364873357,1
2020-05-13,1.991673230561495,2.974519542215501,1.426947129050584,5.223962930273609,5.223962930273609,15.124956135080916,5.128205128205128,-0.12959483237718938,-0.34858934169279215,0.5258688754152783,-1.4792402084384288,-0.9160209686514896,0.2229647555986819,-0.23043342326799265,0.3922874734453901,0.4618913699926278,0.2182879525148313,-0.5077037577897617,-0.20289849670127882,-0.10612478863602597,0.00013526624850036684,0.5885958359450213,-0.12920423956102303,0.043859201702239704,-0.11971939575583035,0.058656401112291055,-0.012485531967016742,0.01726870760143591,-0.09919519459465592,-0.19870450777388954,11.799316281129553,7.330435897539463,42.46940073107821,14.207006590009616,5.709264863038026,12.89484007441625,4.826337531387661,7.759939179095249,2.679466794171231,1.2388486194240669,0.6175239521670703,-12.113756045832332,-10.769538134409204,-11.425288154514949,1.5058304454321592,0.4618913699926278,-0.3183671623253193,-51.686656671664224,146.82170542635663,63.42980919436475,-9.099982843829803,-16.698231379874144,84.29677295940718,-98.62724392816692,13.901973313000124,3.117178612059157,67.58625604783045,1
2020-05-14,3.6462930273609793,1.3263433813892516,3.486351661902366,0.06815203145477915,0.06815203145477915,-19.664610405061065,-2.4390243902439024,-0.10370833935954853,-0.20995714573325955,0.4433412369097116,-1.6070209861798745,-0.7200310270981256,0.22512446195867958,-0.8433921386567624,0.40904599570689854,0.42622688583469875,0.30371194826868575,-0.4916503072643147,-0.2345698754664793,-0.08304834036560979,0.0063186921796087,0.4130843107488398,-0.09905777849122098,0.04566853165632045,-0.09307363883837426,0.05927422982364495,-0.004814874328392632,0.019272572917057838,-0.09604426297201679,-0.19657524385571534,0.1397571259586447,0.09171569474566897,0.3828600083854628,0.16384948276441644,0.0729795247991068,0.1508589600358014,0.06242470429151343,0.09654982407865714,0.03564437230629824,0.01678688389861455,0.0084508309011709,-11.507687472445719,-11.363447227794763,-11.433265040838382,1.4365662739495737,0.42622688583469875,-0.3427379887698495,-18.30876648564782,22.183194196790392,79.1840810459687,-1.7765467929760261,-10.93295208101086,-37.525902058277445,-2638.4615384081703,0.16600430114533263,5.223962930273609,-98.69539595964912,0
2020-05-15,1.5647453297142084,-0.4190811258278208,-0.46038021989926736,-1.7288348700754421,-1.7288348700754421,-32.05693459892061,10.0,-0.0704908452375587,-0.9042829144570063,0.32507530583388966,0.3901635435520108,-0.6819417079964443,0.32530997189208344,-0.7951619196254138,0.44774253464780744,0.3357834132756282,0.24592157834112888,-0.5536408452482894,-0.25320946092194474,-0.30130100114061115,-0.1515222062845361,-0.3067631048755811,-0.3484253126163302,-0.08652618303086769,-0.32544763115906733,-0.057078568261634884,-0.16893214752001917,-0.04960429107925829,-0.1268381242740492,-0.20883366221469796,-3.7808863897557354,-2.4361943070070105,-9.809867512218352,-4.403700243672062,-1.8947558556871622,-4.07209758925234,-1.59509094923214,-2.5760932636519533,-0.8679435181524028,-0.369290146816309,-0.06705559799738092,-23.689067200160498,-2.2502181652684703,-12.618723767066056,1.3261817863346945,0.3357834132756282,-0.4314627484510302,103.98860398860437,33.47516652736612,46.65776700571751,38.470337460426926,8.434932620966277,401.25759685656857,-52.72727272731551,-4.018164541303319,0.06815203145477915,-2636.732703591525,-1
2020-05-16,-1.9598595608657061,-2.301657401153439,0.3808901947981316,-0.8316451647297147,-0.8316451647297147,-36.47954343664584,-6.8181818181818175,-0.04481386714380513,-0.7976499501923198,0.2821099174748823,1.1033261721491412,-0.6579791191031412,0.4595646123058363,-0.6929859750965617,0.2691904904992607,0.18768595760806495,0.26415483196140804,-0.6130141872955841,-0.24913693523096947,-0.37062449639667117,-0.21241329234822975,-0.48064705880580866,-0.4213372115575491,-0.1411226989426449,-0.3963448900941211,-0.10663678233898927,-0.2310330460181489,-0.07989966260710922,-0.13991732471521118,-0.2137403984405401,-1.8790114412283172,-1.1921134247264829,-5.271517202777335,-2.2054894834771566,-0.9215807646359434,-2.0309645893951336,-0.7731535203687291,-1.2625352466398094,-0.41676240555638133,-0.17600892156241946,-0.03184735923811635,-33.11824338289732,-0.6276048773878291,-14.350360376761984,0.7310339103743686,0.18768595760806495,-0.2406676135854598,-20.204841713221615,-15.740878629932977,9.71100355749131,30.406999457654276,23.147572913499822,-8.80481363119744,-249.35897435940183,-1.4558853440530932,-1.7288348700754421,-51.89562756254345,0
2020-05-17,-0.46501683681650685,2.1750691342267774,0.29271465741544866,1.2525534888721672,1.2525534888721672,4.823391604901301,-2.4390243902439024,-0.04685580221229413,-0.5603524099918095,0.23610038421303722,0.7549305399835741,-0.891293214379487,0.5365373220053762,-0.517227722772255,0.15054766367397374,0.2259257460788762,0.31882504406637224,-0.6085712931652132,-0.22541824079229503,-0.15943393631125458,-0.08206941049640668,0.09150591607687308,-0.16980850570376826,-0.039711104442737254,-0.16641197592508444,-0.02030442214222192,-0.09284741099440934,-0.028670291320881353,-0.11425604857698396,-0.2022599335176291,3.1552698736572538,1.920339013103015,12.225710528141343,3.8331737637617334,1.482647522097486,3.4628748236715814,1.2468774484840601,2.0373212057307772,0.681402330136458,0.3105220748363931,0.15370504762156972,-22.83522303486619,-11.009927452959998,-14.910040679934585,0.8447145046071155,0.2259257460788762,-0.2666539764448599,-6.9428238039673875,14.800736820560937,8.414938249101482,20.81628410825627,28.198384705450902,-28.356376153227604,-11.587982832604379,13.56242188910602,-0.8316451647297147,-250.61152784784753,1
2020-05-18,1.149178391150265,0.822359860511104,1.0539401145821925,1.0937085213697788,1.0937085213697788,1.2121428551943365,25.0,-0.047320381803707165,-0.4054029152155067,0.265779758798784,-0.036032980775334095,-0.5536545542972359,0.4192146765368292,-0.7424540395073309,0.18679509198110578,0.0920535593618079,0.4226841600845891,-0.5726557576913605,-0.2336587931062776,0.005917416535575571,0.02394154094597204,0.426184275350857,0.02276016783457843,0.04382898611795662,0.011804820648159665,0.05135573695548639,0.019160225624901182,0.015035305325358987,-0.09169034799100054,-0.19196512767908408,2.7372025245798643,1.6846173864235081,9.674032130883079,3.304961363964464,1.3055718377089767,2.9957106507521702,1.0999896839934102,1.7853693595618427,0.603049764734488,0.27504346550030284,0.1362406044022263,-4.732164267738689,-18.384543400269074,-14.301214711316263,0.2593635776051648,0.0920535593618079,-0.042615805565129915,-9.592476489028009,-0.11762417404736449,-1.2042048724782137,8.460204942102218,18.27049398141377,-27.884859579154377,-127.66990291245466,12.177495113822756,1.2525534888721672,-12.681691353988334,1
2020-05-19,1.5980038224676105,-1.1099065613546018,-0.12836283895812012,-0.2993540255238592,-0.2993540255238592,-18.484916720183886,0.0,-0.03858497525051863,-0.7112328158824965,0.07392924193344141,-0.11025825876766193,-0.6314052040714305,0.3387392729224889,-0.5342338837439747,0.32199630640898236,-0.27106622779755607,0.32338496742565215,-0.8113663697408426,-0.2416010214057674,-0.03480109710439587,-0.00551931365451261,0.1822855031243063,-0.02685788249238432,0.018268811423511607,-0.032677923726221095,0.028560897541117822,-0.011229670237223068,0.0026609030920301457,-0.09561569163398799,-0.1928291833770914,-0.7914179792052932,-0.4811195711575775,-2.7103750323982667,-0.9485776477654088,-0.3656930797960618,-0.8637553527270222,-0.30381596362515534,-0.5117530806613673,-0.15941667303138318,-0.06588484093376652,-0.011799910429985823,-10.721862231185938,-15.72752441077419,-14.06319545365623,-0.3543491131748321,-0.27106622779755607,-0.20382855248413131,11.71983356449343,-8.597285067872997,1.4591974837463055,2.958865486299065,9.923101033286377,94.135322474829,-101.75438596538491,0.4697041716455639,1.0937085213697788,-127.37054888709648,0
2020-05-20,-0.799498353973979,0.9918563374399805,-0.5462432389010761,0.005267593763155977,0.005267593763155977,42.445128646605305,4.0,-0.054910426916668906,-0.49606243454475996,-0.25831818579469873,0.2409254935258388,-0.6582676750143387,0.30924644885656566,-0.5826683387299229,0.46594218089128336,-0.17549685791655018,0.3067065403392851,-0.7330129324830753,-0.24263612964465936,-0.02947069429409851,-0.0045392269767260416,0.12306480609610092,-0.021922804295132162,0.01730355943562849,-0.027267767393955915,0.027051881960817092,-0.009660178576811028,0.00276319289533655,-0.09371264345272859,-0.19123698934968036,0.014563989517085875,0.008721213247502881,0.058042513298555753,0.017813598296400134,0.006684370491241697,0.016035834499955163,0.005596004981357262,0.009269001467482668,0.003014778571656514,0.001355812992385774,0.0006668235419925627,-10.436933244274819,-15.59402890056624,-13.812681019421206,-0.28583362494007863,-0.17549685791655018,-0.08655183548820308,-136.43699565487287,-4.665694088369196,-4.452386649582441,-3.393391811581137,2.4615081889961887,-23.698448659339423,-98999.99997379666,-9.854092159530458,-0.2993540255238592,-101.75965355867204,0
2020-05-21,-0.15802781289508136,-1.2198904166236098,-4.356254375100967,-5.2093758230181555,-5.2093758230181555,-3.026080086467269,-5.769230769230769,-0.05351382744713458,-0.9116719479215663,-0.40833729245088063,-0.6416296970788471,-1.1496490009687195,0.10846979961948268,-1.0087121580842666,0.3180715117339564,-0.8373147581844299,0.16885410307841447,-0.8737527964339545,-0.25891906867955816,-0.7188013079698495,-0.4774913992789228,-1.6587849314046565,-0.8190300125633512,-0.37069514028955913,-0.7663574062702688,-0.31210696691194734,-0.504416684878435,-0.2017727853033097,-0.1903094046168253,-0.2316494650127512,-13.61526769568672,-8.392190416537089,-40.36288507372948,-16.18653969333015,-6.40394537764858,-14.805475786449543,-5.328538012774605,-8.915842841221863,-2.7971899045002955,-1.1526819842685305,-0.20636413077861943,-133.75128283374633,39.913194968479246,-22.42297771140995,-0.6073352112475908,-0.8373147581844299,-1.0223368232699608,-29.131175468483967,-75.00303807840652,-28.081377969718073,-14.044333181724317,-4.7959622724969915,58.84430636496864,-349.0394337715802,-16.826638233582003,0.005267593763155977,-98994.79062437259,-1
2020-05-22,-4.991030916956837,16.907378335949772,0.951469429118337,13.68637474994443,13.68637474994443,190.17837014470678,-14.285714285714285,-0.15246824072671317,-0.009072077657001732,-0.19791128975040345,1.7305868437037555,0.9222714458316776,0.5149217974945515,-0.05572286071335548,0.612102928375886,-0.0869675175031936,0.37968939252960465,-0.7432967208716118,-0.21546117188312058,1.1115004723020476,0.7483548639122055,3.2837104681404683,1.311214443114383,0.6221408157138343,1.2026486565508654,0.5500214118219808,0.7819954188692416,0.31588243662379645,0.05854137166157442,-0.12515599896882396,34.39639907116957,20.982364592715886,130.2049984658042,41.69791161547722,16.201879382706473,37.71593529730752,13.619704262399313,22.257783417042244,7.403363607020147,3.3432796016095696,1.6513755480033858,-601.7901194002627,-85.02811825530173,-4.327494930268952,0.1563150015883349,-0.0869675175031936,-0.28351267694845,460.3365384615388,304.99577222660605,-1.5909260757064878,-2.972235396470496,-6.947817350654641,-99.27596825204216,-104.91270807956666,11.857073128498131,-5.2093758230181555,-362.7258085214314,1
2020-05-23,13.688360728565074,-6.230696924936204,11.733868718978316,-0.5914267559509411,-0.5914267559509411,-47.024371009933375,-4.761904761904762,-0.08053845054326253,-0.09715564561242357,-0.11226590842243564,1.358613104279088,1.2228917532400787,0.4721319516831289,0.7953133903717806,0.5289874710750758,-0.0067155004080380835,0.3819392496514343,-0.9163986436018842,-0.22119814349087571,0.8682195331378385,0.6175094022919486,1.9098629482545149,0.9976640246593619,0.5252993128427884,0.9280778671151454,0.4705385579337985,0.6415514737100085,0.27755671780303737,0.04529796828199808,-0.12921702578342248,-1.3832574740196997,-0.9159853851948995,-3.1225186244374203,-1.591957573130752,-0.7196556767370312,-1.481420960339065,-0.6084421841449197,-0.9658332990871457,-0.3313283239383663,-0.13961175835581888,-0.025363425105183506,83.90129535631192,-323.8578896144607,10.125624720510999,0.008075628384936997,-0.0067155004080380835,-0.018717790877761684,-45.81724581724595,-4.4864664441973625,-1.4610158950631627,-4.0516041327382135,-7.4170137227418165,969.7718177490515,52.066115702586266,-2.255735483455917,13.68637474994443,-104.32128132362692,0
2020-05-24,-0.6496361060909379,2.109885913408745,0.06987771400049975,-0.904710394335727,-0.904710394335727,81.89352268522437,7.5,-0.1461092714289761,0.6644794847634454,-0.05153348940618549,1.2091523531965402,0.887471582073558,0.2901769016036283,1.0468989583883805,0.46969532015490617,0.003357975708909398,0.2739974576664731,-0.9664107368086036,-0.22907574082646165,0.618603170222911,0.470632910197404,0.9365071032741321,0.6890902613550522,0.4124536143797511,0.6518052950111297,0.3757875823637936,0.4853703551241219,0.22804925114815697,0.02606429947187112,-0.13593999546478605,-2.2040407133970144,-1.4382447986033582,-5.390786925219464,-2.5555429727771592,-1.123673009999574,-2.36856492745245,-0.947021303188968,-1.5187196512568117,-0.5112872932315105,-0.21396640189078842,-0.038747002122250206,27.22881452567939,61.01080877739863,14.804320336556945,-0.002447836057012054,0.003357975708909398,0.008070375564681318,-15.597783056215325,-7.142857142857167,29.063590345617197,-3.5309300975347337,-3.512490995766394,-977.9216745725946,-527.1739130442462,-6.273050261723621,-0.5914267559509411,52.97082609681153,0
2020-05-25,-0.8997050147492753,0.35528960777897095,-1.9252830565115513,3.899970229234902,3.899970229234902,-21.014026378625527,-4.651162790697675,-0.11506389917078197,1.2630486837604915,0.19617375249208496,1.9962831352367376,0.8097605453400998,0.17509422110554118,1.1318491565469635,0.6001124888414171,0.008782103107058153,0.38849360983478604,-0.687936018834278,-0.20389072089949814,1.0736027767543963,0.7969944733941621,1.9426585085584078,1.2016655496437723,0.6840523479798996,1.133858519632208,0.6154968478558296,0.8254929444500058,0.38007325094972244,0.10376476234352837,-0.10122090381604022,7.031318335344104,5.0497954983080895,13.047635662654075,7.884564902764887,4.1606909016024405,7.435266594853871,3.6260294821835015,5.267715686327649,2.150492170779661,1.0275008559583907,0.522779121474606,40.393368755668355,74.96307251427076,22.56195032535473,-0.022226118684199804,0.008782103107058153,0.03394788138019642,104.69043151970024,32.85953177257538,6.275277234181374,4.674354707958249,-1.0789502274447962,92.21445073489285,31.80661577607038,9.61275726949382,-0.904710394335727,-531.0738832727127,1
2020-05-26,4.063104628664982,5.804257697861837,6.1079184254691405,4.947468958930271,4.947468958930271,16.591384845909392,-4.878048780487805,-0.13258441229236576,1.4284494567214585,0.262196421876495,3.984502487811328,1.243862520458259,0.4514708072391798,1.1546038884798124,0.7021953221173537,0.42873561734055227,0.3678927971761681,-0.5483740517626107,-0.14276778864797943,1.6257800124754367,1.2041444253693103,2.982435874427765,1.8155778536903446,1.0266812263719103,1.7153081417542644,0.9197692840778742,1.2485960237899951,0.5758023435512256,0.2046011224681408,-0.05604979068974078,7.461710595717866,5.755722205899997,10.654350380168953,8.107643070205874,4.890108115349659,7.7741362861643015,4.337564095808815,5.95799246163698,2.6898295803793952,1.3254212201339706,0.6862476430995166,44.652966076280684,64.2355069757707,30.233472461968663,-1.1497110452132127,0.42873561734055227,1.7090583865108173,54.62878093492203,21.87810830366333,15.92543925718664,27.868382224900806,9.789768470762693,7.093921322849632,-24.32432432431745,1.5341320590282335,3.899970229234902,26.859146817151046,1
2020-05-27,4.767353165522507,2.6284506670188894,5.023006134969344,3.5675282125955587,3.5675282125955587,93.64632001410928,0.0,-0.2541043233250197,1.3486756627176566,0.5973198814158381,2.2153330701763205,1.7024860891316482,0.29104471788953507,1.4447819449471913,0.8164866117588114,0.599210482325881,0.4998428637703621,-0.5175457265545921,-0.12589991629916233,1.9116014980379799,1.444561087227876,3.1887630809821044,2.1115432192299024,1.2388007221976138,2.0066842918696133,1.11316690220966,1.495320215099537,0.7095810533712359,0.27792430463468587,-0.02200621470269687,4.561145059771709,3.7529358615983823,5.2882510702575365,4.822929717864917,3.282788154017001,4.691171916469976,2.962389792173418,3.857045179637803,1.9220913041773762,0.9787720439035825,0.5163620879422353,35.20923840365888,38.50079940311028,32.15271792693229,-1.711955134847476,0.599210482325881,2.421170890124706,16.330764671013622,0.39139472543424386,15.846666885112631,8.096105887562722,13.199131942842987,-2.114817473561826,-192.34693877544154,-0.7827916008470005,4.947468958930271,-27.891852536919853,1
2020-05-28,3.5857298871496206,-1.364221364221374,-0.579591091639294,-3.181019332161682,-3.181019332161682,-55.77132741178523,5.128205128205128,-0.11256188833419704,1.0645827615594465,0.39017990549196774,1.599351970461956,1.4363993809344142,0.2411850745339528,1.271390229144998,0.5651772662665402,0.39700901131207045,0.3474903474903448,-0.5840158261140893,-0.15290265871504566,1.1497974292561597,0.9641739275540765,0.9342752812933379,1.204696540582498,0.8613299914818222,1.1781098143063262,0.7918974345252978,0.9876200367537998,0.5306710376090018,0.20003360337238502,-0.05275076754873817,-7.758057843619845,-5.27654998742187,-17.247622580099144,-8.85512754538527,-4.203938861984724,-8.274137005346244,-3.583030200791628,-5.54502399875256,-1.984864659627732,-0.8426636413531924,-0.1544369836549818,10.954822744635056,-2.230933576475877,23.787185492720255,-0.6876957635149776,0.39700901131207045,1.2176068693541982,-23.6942675159235,-23.377462060058097,-1.8151622823704632,2.5360377799439675,11.397790684256025,-27.048327137546313,-134.1160220994997,-0.8888569158787274,3.5675282125955587,-189.16591944334834,-1
2020-05-29,-2.9168863117202513,-0.33489909533749657,1.1980720679366574,1.1208930840442943,1.1208930840442943,-26.520745579890537,17.073170731707318,-0.08250629267392409,1.2595403481691536,0.43561279830402166,1.9737452023807767,1.4218322172005537,0.37235528787198946,1.409772276393514,0.37427656610043286,0.4298140188629431,0.3939849719695006,-0.4459267600613261,-0.11725780223723295,1.145658761439197,0.9797816829368464,0.9976328058544379,1.1909596120757728,0.8826092969503544,1.1693649439586902,0.8155410353407077,1.0014919375710203,0.5568104235219001,0.22007039266334602,-0.04168598865841934,1.6356661828485732,1.2599900353904485,3.102682867153383,1.7952172364821661,1.079745045011042,1.7109740255835146,0.964947444164704,1.3026014626853006,0.6145929002534471,0.3102406467251931,0.16319024662263276,9.150264786657285,-3.156294735100685,18.60967410939288,-0.7383036905168833,0.4298140188629431,1.2968805622172224,10.150250417362239,10.408765276021951,-5.434597285164107,5.502659869547806,5.310344918971074,20.815176425599176,303.2388663964151,-7.616326062159579,-3.181019332161682,-135.2369151834916,1
2020-05-30,0.8190045248868648,1.7674012655465814,-0.3628776195228169,4.469775164923919,4.469775164923919,0.047629463986579426,0.0,-0.08213306855998936,1.6503816309030337,0.6467298457149367,2.1264602936497448,1.7231004423627534,0.6066264955430998,1.6783301295002648,0.6017814867522865,1.237525861019849,0.6439290759475346,-0.3985390968583444,-0.08907860136461804,1.6215057302317881,1.3278379430522707,2.177878307140547,1.7280456650680718,1.1773842356047182,1.6735501929586525,1.0789516332953604,1.3629195345406149,0.7310774796395447,0.31336997962306257,0.0013414613068494048,6.041511411917185,4.7850319391646465,10.310714032652374,6.552681891229757,4.152301201652081,6.284386040394906,3.738339761753335,4.931596074883929,2.426701193517933,1.2413295581755446,0.6584975193786032,14.865370271443561,10.841330069622426,17.39083296481275,-0.4149855227386565,1.237525861019849,2.439502153585512,30.16065474386174,36.8747202675484,6.045953906177593,7.6970286610075735,5.311876110008047,20.054600367826623,-183.5341365461325,13.42646208518479,1.1208930840442943,298.7690912318396,1
2020-05-31,4.479152641263853,0.34734133790736593,1.9939907129199712,-3.5740366854246295,-3.5740366854246295,-4.554253083435495,6.25,-0.07837772184288207,1.253879319322718,0.9693676007613241,0.4192853454875843,1.38414804748388,0.2961041456501583,1.265084629927455,0.19552433357545446,1.2188922030468872,0.5697333236821445,-0.47713758301014864,-0.10754535400930819,0.8569185484562104,0.8238166120632417,0.17884021765299088,0.8361309769571758,0.774231308461384,0.8498588129685238,0.7322955960531081,0.8326733164313972,0.5322294859335976,0.22448819318207758,-0.03428192509113935,-8.69909330460261,-5.967763195161878,-19.517959287404313,-9.913573225384763,-4.782008903733456,-9.269474764993156,-4.090361657275742,-6.263399824162391,-2.2845804588451664,-0.9736521174834109,-0.17934707929874064,2.136914199155933,-15.405567861962608,12.532219100164033,1.6038359757050666,1.2188922030468872,0.9467002561810692,3.656264555193234,-58.33917553246006,-10.245736748097665,-10.777825986641124,0.43152745982852714,-27.67872684930933,-170.673076923136,0.08005021054580355,4.469775164923919,-179.96009986076018,-1
2020-06-01,-3.621289574294414,-1.2819964958762369,0.04463488662738615,2.619503719873488,2.619503719873488,15.253024131459544,-1.9607843137254901,-0.09014191726775427,1.3693182207776928,1.2934386736978043,0.243783520234035,1.59666946576627,0.5209151553933005,1.4858584858254316,0.37058921865097205,1.214111103413473,0.6098985692887388,-0.44043076427358147,-0.0870528954581393,1.1049087498770693,1.00039934539507,0.9952994488465745,1.1230086729845739,0.9240449265511566,1.1154475818814236,0.866885306338153,1.0161979399787522,0.6247003093975781,0.27717250024883483,-0.00877712304781241,3.8256954622242363,2.896621003776124,8.612341684019329,4.255015236084627,2.480418252559819,4.025391106703928,2.2204650579059737,2.997210951846083,1.4302157028185871,0.7315411639012895,0.3889786584083428,5.248325563436518,-6.375942219484973,10.426500201755301,1.0123104014318776,1.214111103413473,1.3577323274147117,-42.12536508649741,88.82175226586139,2.6104601308203907,-2.095586492471466,-1.9500563370295074,6.269172090855372,-157.14285714277995,0.03236886452898908,-3.5740366854246295,-173.2925806429502,1
2020-06-02,2.781244428596896,5.0127700099562755,0.23199785848130616,-1.458649880616451,-1.458649880616451,35.82096162682562,12.0,-0.12191584562565574,1.256459860926982,1.0699931413697492,0.5863105765829473,1.8249690535228378,0.43244994615817695,1.3423061354305328,0.3850517469970884,0.885909780942681,0.6016395533165646,-0.49303835206556046,-0.07807452013217231,0.7388208857048627,0.7547070079333531,0.16119404139759563,0.7015709665002958,0.7273493994670507,0.7233799737071289,0.6981537642635238,0.7579728727839361,0.530573616604362,0.2380968644594476,-0.023077715715143388,-3.6457169960706435,-2.4705457362066072,-8.87424727930887,-4.18441093115975,-1.9723109855334375,-3.8973470170078772,-1.6838385108420149,-2.5956880554635067,-0.9355063616185556,-0.39676020759785113,-0.07300831534062653,0.18904091859154865,-19.448342834473106,7.605709391799952,0.6292099674869793,0.885909780942681,1.0679800035349831,-8.346273291925332,-58.67324901875271,-30.632145944271592,-9.362155790047709,-7.529839830170269,-9.558200689554216,-255.35714285736347,-14.034379740374106,2.619503719873488,-155.6842072622406,-1
2020-06-03,-1.461405030355596,-1.706583123789114,1.0371227632867468,2.299660778007849,2.299660778007849,-11.215647833377815,-14.285714285714285,-0.10796558671246177,1.4148910941356958,0.9602334576278937,0.824666133300526,1.052567395562596,0.5195899452324357,1.8633961241360286,0.5059573188861943,1.0014659736609448,0.6610095080662919,-0.41240904264963507,-0.08055833101551196,0.9568538096819644,0.9056778376079822,0.8763106425409388,0.9568516961552695,0.8543295172341404,0.9582663245945202,0.8118639072660263,0.9152934213522044,0.6089202071126135,0.28371980449975936,-0.0004967137138820784,3.5379746473128066,2.6230994501076808,8.844941797127296,3.979588819243128,2.2316168231351217,3.741991694514965,1.9918419572050217,2.719348923379448,1.2763278988727769,0.651556162410179,0.3466742805209853,3.0061625126318594,-9.08882203707252,6.4257185233047185,0.62115120392889,1.0014659736609448,1.2700418733519283,29.90258365099539,71.2141882673944,9.160306165986572,-5.338696552853215,-5.581519311634599,8.424054371722713,-136.97318007655284,-3.4390254637171798,-1.458649880616451,-257.6568036351504,1
2020-06-04,2.156405404215996,-2.0884881526525416,-0.5903343759636932,-0.8311442229016932,-0.8311442229016932,-29.382559932071654,12.5,-0.07634127016312642,1.6573184508420122,0.9038438598262316,-0.21886799033842258,1.0144512158329804,0.45932353141075655,0.8994247742685377,0.34683006797671473,1.024403351022506,0.6938330050330171,-0.3006936965094703,-0.08476961988730412,0.7037672134501296,0.7336132612697406,0.297270601528244,0.6674362086382835,0.7162596822449101,0.6880780509348652,0.6934854645868389,0.734634556500533,0.5440731159420988,0.25855160622963147,-0.008757778152781746,-2.216195959535281,-1.4751718528897957,-5.9250963728750845,-2.5675787388431295,-1.170195301459208,-2.3793841903333517,-0.9955662750492698,-1.5525419037363024,-0.5478835167052025,-0.23051079979138805,-0.04229061532420669,-0.2881063127984389,-21.184835018712164,4.758662403831267,1.3212685412156056,1.024403351022506,0.8161023218362807,-31.920443430062033,-38.538804351328,-26.64592236384557,-21.32607116671002,-11.756243193225096,28.42827595047488,225.90673575162924,8.06138341832556,2.299660778007849,-136.14203585372675,0
2020-06-05,-0.5988023952095818,-0.6167815993489455,-1.2098382450698089,-2.7314573562619318,-2.7314573562619318,23.406300250753183,-1.8518518518518516,-0.0943791385067375,0.6285334758872899,0.827770906842233,-0.04194704185964649,0.8381306513152177,0.75189100305373,0.7151383086510111,0.3392789954866333,0.9016903428655595,0.539996441371592,-0.08398079395754637,-0.07321708392154114,0.2249311776182331,0.39566585094979545,-0.7182899392920066,0.1254613961410329,0.43817046876026106,0.17954303798841678,0.45045530979395093,0.38166052506803905,0.39859118791679243,0.19178541681865174,-0.03561322019466608,-7.182790905875108,-4.795110220361504,-18.812945114805338,-8.311757459544154,-3.809553215391394,-7.7074257734197875,-3.244007315870189,-5.044808446209874,-1.7887230388547486,-0.753048871246764,-0.13832549927653268,-6.0563314764498255,-51.51025513186098,2.202646736609606,1.9256417525750944,0.9016903428655595,0.17961551838336653,-79.74137931034467,-83.82893055935716,-22.043924823194153,-14.88579568445399,-13.603669793130283,-52.584033755785,-65.97774244836057,-5.561018089534139,-0.8311442229016932,228.63819310755895,-1
2020-06-06,-2.925370546935939,-3.421971296815065,-1.8526825767091342,-0.9553997946336995,-0.9553997946336995,-31.376621301834227,1.8867924528301887,-0.06497451347873019,0.5946650783174551,0.8078972349305901,-0.7431239180990169,0.4609352728403572,0.8589398760739266,0.6997247267077211,0.284887798036481,0.7884300827263349,0.4246406886480474,-0.12733001130255803,-0.05214194850113359,0.06525793719563988,0.26800112170510704,-0.7961829189394454,-0.04197094149311121,0.3293138062350396,0.015664868616599333,0.35385736209467544,0.24972197293538878,0.34032884216098225,0.16691643911112228,-0.04444090361719956,-2.551495198052543,-1.6803716146739855,-7.132852882452331,-2.972440724866895,-1.3280707398655895,-2.746394207815495,-1.1276138650902596,-1.7702721949805327,-0.6169058861258968,-0.2580983971382221,-0.04727440564708837,-7.889128172532328,-99.52229604652074,0.010295360128088238,1.8973406521318903,0.7884300827263349,-0.007185850819985404,-235.93380614657087,136.35514018690992,-44.637552273126424,-31.750481973315882,-22.105127648801854,-5.890850148233287,107.94392523378991,-11.855774780515677,-2.7314573562619318,-65.0223426536973,0
2020-06-07,-1.0179025849368386,-0.5935115355437599,-3.6519036519036407,-2.005859815190448,-2.005859815190448,-1.790450995698857,0.0,-0.06401221645986267,0.5076142131979284,0.6497718529122408,-0.8446957685938894,-0.08697318572463997,0.6679846356136541,0.27370264944163747,0.2034681856367687,0.6302467045733324,0.3780329998439156,-0.12378100797886633,-0.05474480489296574,-0.21206169210841297,0.05576132330178385,-1.1929361919912223,-0.3434099454305729,0.1492409381068525,-0.27339576014533745,0.19383376652290063,0.029821117193554923,0.24067583506621879,0.1203421860798708,-0.063094127075554,-5.378885217025723,-3.531353120342804,-15.109492583104917,-6.275856802675785,-2.78790621122071,-5.79392293990078,-2.365645918487611,-3.7213917337958016,-1.2915747522812062,-0.53914441374264,-0.09869826628902956,-11.68467396264057,-22730.597227334314,-2.3296616366346417,1.8056430943636084,0.6302467045733324,-0.2291335288015377,-48.52173913043451,85.65400843881767,-18.809817745225516,-5.840582745652404,-18.627455907465325,-16.82087000731147,-257.07865168555685,15.292704773217183,-0.9553997946336995,109.94978504883706,-1
2020-06-08,-1.718461052726532,1.1133057999640945,1.8406072106261833,3.2152713891444265,3.2152713891444265,23.450733087360113,-1.8518518518518516,-0.07863126846319579,0.47734596914926547,0.7551362823205394,-0.6946603537260455,-0.11840125114338783,0.6179926994560435,0.15797303199035662,0.297878664521387,0.8017282988044914,0.5293999030888161,-0.09849855130717004,0.002163762281773531,0.2386036801464866,0.3445902409017058,0.24098499621933614,0.1937031247299764,0.3805848176820256,0.21678753345172877,0.39423335033254076,0.3340565440253377,0.36418850863960156,0.18527427763537618,-0.03252274203159735,7.20352919939891,4.605149651106246,32.73121837328196,8.683150375683349,3.6928557105878665,7.869376806419974,3.1900537223370407,4.8478211717705255,1.8872805652703564,0.9130206186784418,0.47353481446658063,-4.684956730665385,15.535104903977356,-2.755777302398595,2.143107517103479,0.8017282988044914,-0.19901038794163917,-152.7027027027013,151.14187753137918,129.266247402008,3.9952365666546417,-14.26552399144427,-4.488195298920206,-78.5407725321572,4.717996007628826,-2.005859815190448,-260.2939230745376,1
2020-06-09,2.776502983019724,1.7314864144912,3.3678032420346464,0.668478987477164,0.668478987477164,-9.904281935896487,-1.8867924528301887,-0.07050975578512521,0.19427814418416278,0.7951334743472744,-0.39269708652754176,0.20421653600005094,0.639210380732757,-0.05825222874386942,0.6750009663578784,0.8296520019613489,0.6236116183963848,-0.08785596860026335,0.041305085096015756,0.29680721032892377,0.3750458144862634,0.3841681397908217,0.2675222309188369,0.4029209851798052,0.28215239192432634,0.41293406057201787,0.36691369912486027,0.3771823375191783,0.19571859114049153,-0.025773390354392984,1.3901663040476413,0.9239479488168207,4.6756069069315735,1.6413064948674612,0.7518206807133841,1.5044113405640511,0.6547934396318188,0.9689429698976613,0.3954689112456876,0.19407622365621247,0.1014515183104863,-3.4549950358121126,1.6195640209366393,-2.8797688977306035,2.446977548305977,0.8296520019613489,-0.40527356100118694,-542.3076923077022,18.569041476772323,60.22458267946354,27.579474441920187,8.534452573879662,-54.18257277284246,153.99999999971203,11.633675848940555,3.2152713891444265,-79.20925151966564,0
2020-06-10,1.0895289127037338,1.2525093829100074,0.0,1.6866616494754059,1.6866616494754059,-3.862717515519176,3.8461538461538463,-0.06758789323487224,0.06642626684379327,0.8720141447915716,0.512788275019776,0.25318415000885136,0.7641398528323272,0.3183584429749678,0.8622910064167993,1.135608660214658,0.673202322686842,-0.13318448830676138,0.032004906933052434,0.48568571870528165,0.498738872322131,0.8216557202065844,0.4890552356312021,0.5027829818297135,0.4861837486860537,0.5000101223853538,0.4969691249605114,0.43326206923503974,0.22809689843966882,-0.009171309377440954,3.4839140190470976,2.33072389880794,11.059210377308952,4.098486126003717,1.9012332170139117,3.7641083600312792,1.6581520984320406,2.4426591137429208,1.0045377963613542,0.49368327701973297,0.2584048190308545,0.09655688863828524,-20.574030870777808,-2.3551059647869783,4.968955884727424,1.135608660214658,-1.8752079314562373,-175.79710144927526,25.36661220794061,42.11813589558822,48.30993796910264,28.74388180403471,-63.75750815894913,-596.8503937003422,6.03711605238971,0.668478987477164,152.31333835051817,1
2020-06-11,1.4223243076107728,1.8619887073833103,-5.042584831688516,-8.241184153243342,-8.241184153243342,63.036601184406635,-3.7037037037037033,-0.11087308931972321,-0.3031452505136383,0.6683688632522814,-0.9899663161280525,-0.8094665681484776,0.445608728529809,-0.40976643992469713,0.46774702642001137,0.13951062922003052,0.4058701432268381,-0.2360614284761726,0.025824093466190357,-0.7144531882700884,-0.3352296528688938,-2.2485298908162163,-0.8900098194630761,-0.1854212921570049,-0.7967765941847974,-0.10462153211699729,-0.37433177657239564,0.057134241580125714,0.04149582662100447,-0.09033434528550893,-20.519244146526358,-14.060677827212261,-45.7301926466915,-23.45641879297506,-11.302568493171782,-21.89465766333813,-9.69061905062725,-14.750433316317979,-5.424128127965089,-2.296959749456287,-0.4253238995810544,-21.117085855876084,138.21315381583395,-5.745484441204582,0.6318715595005086,0.13951062922003052,-0.2741763509162603,-474.3785850860422,-99.78090155755123,-27.143311218362765,-4.929466850722874,19.166813869520567,-490.9628717948111,-139.35552033810842,-23.88740575938876,1.6866616494754059,-588.6092095475484,-1
2020-06-12,-8.031009102391018,-7.206025472855751,-0.6501518602885425,3.534658632632723,3.534658632632723,-33.91497906494364,-26.923076923076923,-0.07342670033404777,-0.14616777270120815,0.2937158175557372,0.07399720254478226,-0.2316281793283474,0.5354054078276198,-0.49708639818767847,0.4336788660884338,0.3345393884060949,0.4443581041636545,-0.19699035784038885,0.02878047998559684,-0.17440446503931237,0.004745056056438604,-0.40948564604277127,-0.24291234873508108,0.08374144851926646,-0.20781932159266653,0.12660517883773267,-0.015335732671579628,0.19541559829372918,0.11208759147932115,-0.057509725183268405,8.673803262450006,5.371361465910246,34.76630448071753,10.532112719123495,4.230353141658873,9.513942909411202,3.614848121260427,5.678395217965197,2.0799764486182797,0.9877599385443457,0.5084576063815465,-12.10869209392755,10.041599035879651,-6.707819687975923,1.3771885716736827,0.3345393884060949,-0.5494649458899838,-55.2093973442288,16739.191994064557,-23.819546382766234,3.6881308027616235,11.866995026046396,-54.70530894592128,-102.55033557043134,15.680893336922393,-8.241184153243342,-142.89017897072048,1
2020-06-13,3.4190462660415637,0.2781577747377955,3.2529257224743304,-0.08706809641646802,-0.08706809641646802,-9.84801120794162,0.0,-0.06599388550184349,-0.4686755787000344,0.31477148449669096,-0.5735051444133005,-0.4576455030386358,0.4924386947700549,-0.22081186075137726,0.42677607224541075,0.37049602430131384,0.42656815322464514,-0.2557544757033266,0.022653554313506363,-0.16289185591176417,-0.0036055545128009132,-0.30289691754326525,-0.21925741409315416,0.07095655750093117,-0.19078468968797987,0.1125670577967272,-0.022157431835624162,0.18380847127895042,0.10792535103252326,-0.05778699885113096,-0.2171240800011264,-0.14618629604474406,-0.540619887913693,-0.2505555502259979,-0.11679970233144904,-0.2326803908885177,-0.09981943404301279,-0.1536109992642694,-0.05540357558098284,-0.023299720631109043,-0.004304336580788212,-12.223768946453752,4.222556432164981,-7.493726844293223,1.912625413450484,0.37049602430131384,-0.9623197369306868,61.6875712656789,-2.1420518602030896,-46.60072658517199,-10.969360332115464,-4.167035843790562,261.0850639723298,-3573.6842105788573,-3.300154741255204,3.534658632632723,-102.46326747405345,0
2020-06-14,-0.07326342781262263,6.079759901778006,0.49037749814951176,3.027106361509888,3.027106361509888,79.53382292569448,5.263157894736842,-0.11756637205127259,0.005104417235074349,0.4945575113197965,-0.11427431276698043,-0.08806890272116909,0.6172335729644585,-0.19655884566349954,0.5799211119458842,0.34092333590015134,0.48749220664139814,-0.21057361882104914,0.025124457093251663,0.2579304777539869,0.2718143670253584,0.8003594276503618,0.27414709947985644,0.291871445593071,0.2636417645557248,0.3036675465296259,0.26763721622620085,0.3003224092249712,0.16881573578771553,-0.0288574923262178,6.92838331987492,4.455468140912799,22.187327678737663,8.251871630598695,3.561172520233354,7.532521519267631,3.0686758449993508,4.692346848281491,1.8037043585661328,0.869009657557986,0.4512280125564696,-0.5617013107033718,-19.06257725034041,-6.556560078321703,1.203515771670701,0.34092333590015134,-0.4262305368882389,-60.15514809590984,76.036866359447,86.50574694795657,-6.407334659803777,-4.594786025188282,-101.1089573031154,-127.7272727272183,-0.01315692857038927,-0.08706809641646802,-3576.7113168876535,1
2020-06-15,2.937268019978918,-2.3876886145404743,-4.640456679863727,-0.8146730178515743,-0.8146730178515743,0.5115957641415476,-7.5,-0.11858474558976,-0.24085239416847723,0.28559797609076876,-0.6265038362010357,-0.3514656228523334,0.5810027101704721,-0.1442663590820708,0.5723756390205552,0.06781914596955772,0.4269545682009285,-0.17260771691063487,0.023006765882163084,0.11252515167152662,0.1703653108837643,0.25346632521701395,0.1041174747124417,0.20692344068994495,0.10716644182257618,0.22834922232944466,0.16194625444248226,0.2533894673715834,0.14771604678259365,-0.03645197720461586,-2.1729111500203993,-1.4460216699502102,-5.766296796606072,-2.522881039651585,-1.1507219734902518,-2.3351675638997604,-0.9813457298348229,-1.5211295207871072,-0.5415450311720149,-0.22655320340663043,-0.04179286886347891,-4.785643912910236,-10.187611238022628,-6.301783444499234,0.14967528232089294,0.06781914596955772,-0.006171825623738081,-78.93805309734493,-5.272461163455127,17.070874000073243,-16.806922760057038,-11.264052934592709,-5089.098528778159,-140.98360655759492,3.2501099902824486,3.027106361509888,-126.91259970942099,0
2020-06-16,-0.7834757834757794,-0.34693250186640556,7.086994303369705,0.336624775583477,0.336624775583477,-39.55411422616134,5.405405405405405,-0.07129183632983553,-0.11000431702987185,0.08054729656494497,1.1677098085796842,-0.25225360295358507,0.7641764460448172,-0.2986042149398584,0.54466989445469,-0.09028993100065619,0.424464744559736,0.04197936695539163,0.010142000133446159,0.142623401866468,0.18573686832698136,0.2813259725165035,0.14009245318367736,0.21677893611286594,0.1401567515790526,0.23556550994141479,0.17883783411667403,0.256855723481635,0.15172993304168692,-0.03287446048650924,0.7956499403100089,0.5110349966094776,2.5267947038986183,0.9474028708586602,0.4080654130941409,0.8649874877542281,0.3514243009965569,0.5383228151308748,0.2062019012447504,0.09917830809994281,0.05147828906185487,-3.69860127138762,-11.960332878124722,-5.9212110659462605,-0.04455745589130228,-0.09028993100065619,-0.13169261969979684,-242.85714285714158,17.016023357869535,21.48423457085879,35.65394727835743,2.071691216630274,-52.690329258139975,1435.9999999945805,0.37475807004306544,-0.8146730178515743,-141.3202313329593,0
2020-06-17,0.21984924623115773,4.988542217521598,-0.5995852493012248,5.153209572802506,5.153209572802506,90.73633048413467,-2.564102564102564,-0.13487082834640812,0.09155779505779627,0.15862903739570391,1.5218157022479704,0.41635039568317994,0.5302926178326581,0.16565796299498733,0.6873063776676265,0.3282383130648196,0.4632677701147552,0.11389618312513079,0.059147580977957664,0.816886169944379,0.645697407941007,1.9143987885486515,0.9172754648244505,0.5923274963991492,0.8623211244740395,0.5636443016707094,0.660621969880184,0.4609220090951999,0.2581963341383641,0.01703987763839492,11.135893244961823,7.396600826995383,29.28693648004954,13.040200423608123,5.9856049907153555,12.013558635563964,5.194067617315809,7.764993555550502,3.1067358169829054,1.5136475663521998,0.7920102649045819,17.8445217684421,-62.42869453714985,-2.3646948710682856,-0.06916547332272749,0.3282383130648196,0.688331244406021,939.4117647058829,43.05648465467884,19.168179771758677,23.909624284045833,13.456553381131348,-176.09760063033988,-22.829861111105412,6.491348073242295,0.336624775583477,1430.8467904272463,1
2020-06-18,5.184223485696375,3.7399261249160487,4.725837906481009,3.781852214234062,3.781852214234062,20.42058633849812,5.263157894736842,-0.16067873398727786,0.43754017981364146,0.5003636116923768,2.3067753184826914,0.8273771657373773,0.7022887552459516,0.6895027776914507,0.8272079896186373,0.4699513590335126,0.41537181413735,0.16855685972369056,0.09342121182805709,1.2330359037869878,0.9490934403077714,2.5602692335602053,1.380011079550759,0.8459785734430739,1.3007917033361882,0.7881444816536459,0.976415325589434,0.6057937187867046,0.3368665248622478,0.055135724837731596,6.451618757265118,4.7203646240159145,10.599965263618223,7.205587138294213,3.9699283105341925,6.809261445783769,3.521563857129098,4.906839899379641,2.23066448383902,1.132873612094375,0.606563332931075,25.126294067149836,-207.3856403440621,2.600844772417701,-0.7722884760487797,0.4699513590335126,1.5870934581273373,10.752688172043154,2.471875765394538,18.6092891618274,20.287121611239407,25.310349636208418,337.39324358942656,-228.4589426320974,23.9885095578577,5.153209572802506,-26.611713325345004,1
2020-06-19,3.9029580761864273,-1.2259761278575811,0.0779524490061091,-4.681095261518284,-4.681095261518284,-52.69111298682924,-2.5,-0.07624633578298338,0.2722713159780399,0.2048449739144265,0.6878201059121698,0.5619040903203276,0.5327531479696366,0.3665653954037104,0.6471505818897976,-0.00553423032137406,0.34077903495414513,0.17583784830337693,0.07281652174418267,0.3820546257734105,0.3891368632733234,0.025967586628618786,0.3777209566203196,0.39363456974670474,0.380396951866012,0.3952811243218492,0.3881083128980533,0.36787837401958406,0.22098746919309997,0.00542510138481945,-12.114081323020311,-8.389602217777613,-26.828160367716936,-13.80979244330072,-6.794371245814454,-12.908075238879436,-5.854968128907132,-8.787385226295596,-3.3187754703163908,-1.4125240576110418,-0.26406719574628407,-0.19258347245480126,-21.673513626358414,1.9855102857934022,0.005687660577839362,-0.00553423032137406,-0.015391654593882037,-66.0194174757281,-31.015752308527954,0.28893837084026913,1.9300342402637851,13.922246388632884,-41.20793338730145,-138.09106830126083,-10.25767113090029,3.781852214234062,-223.77784737065275,-1
2020-06-20,-4.743568736686873,-1.581189578895629,-0.6620797092042077,1.8706459103810007,1.8706459103810007,2.224641426242523,-2.564102564102564,-0.07788065571520467,0.4776422764227634,0.08631797013820931,1.2168370871908587,0.4613312173608401,0.4699281859472815,0.6658808657476072,0.8574699139969628,0.2749557790524262,0.2295432932304151,0.5865759237725916,0.08660942730786887,0.58544363845155,0.5290401863514841,0.6411796239357284,0.6121553015041763,0.5084050680795099,0.5981302709297713,0.495900060082526,0.5344881093005888,0.4321025242874574,0.2572194432959243,0.02408469023792424,3.5684324559239595,2.4795420236760664,8.589656226194244,4.095097066084732,2.045686728469643,3.813112627990655,1.7960119376992318,2.5905915312640984,1.1116402664035243,0.5577190750771764,0.2973238880544246,4.352144899186687,28.191201592337883,2.495697169103318,-0.07885029666886768,0.2749557790524262,0.5858081932094822,8.120300751879443,-3.1011689930359037,-11.532652510683123,2.174705815587077,7.371067525678966,71.52265719176691,-96.09195402292339,1.8869497976147527,-4.681095261518284,-139.96171421160707,1
2020-06-21,1.9050485937903112,0.9739448930325547,1.8775047917755743,0.07176326565073715,0.07176326565073715,3.270831322604426,-2.631578947368421,-0.08017082086652833,0.6213967836553126,0.2648307313030298,1.1527205399271636,0.4103524916882347,0.29435184744065807,0.43001045329278675,0.484899712226115,0.14813964424411277,0.27527518058427164,0.43489901879978254,0.09362073035295972,0.5143617573644979,0.4852818775618057,0.4489556902048147,0.5262359863652851,0.47401615677761844,0.5202524349777624,0.46657850690702185,0.48819330751471746,0.41648203446657495,0.2530806601458298,0.02457047016226742,0.13720172623930185,0.09572386655344839,0.32875522422634096,0.15721575068085455,0.07914355387599557,0.1465027119025395,0.06958068031376832,0.09996184074032148,0.04324525383821684,0.021768815666038638,0.011630815240904467,2.3393193093399174,1.0861395429859964,2.461375445612917,-0.14204509382186717,0.14813964424411277,0.40140992871543396,265.64673157162673,1.036585365853883,-13.765118474306082,-0.16891125497947035,1.2973207354374672,37.34691691035573,12947.058823305088,0.18707911406983355,1.8706459103810007,-96.16371728863913,0
2020-06-22,0.03375954762206635,7.584501236603468,1.171591054859537,9.356281110267448,9.356281110267448,91.42115348542484,2.7027027027027026,-0.151142255298077,1.0947070833987886,0.606096207545486,2.038767798097085,1.080776520002053,0.5367606393626982,1.127028059112354,0.8301752195818138,0.7109443545507051,0.5245114779337134,0.5932797865656364,0.1430663558720574,1.7324981617034478,1.3306831258466882,3.444604969977353,1.9238167690031256,1.1707623901374948,1.8217408747729664,1.0787289862325729,1.371753029977702,0.8026865749211995,0.4558672812719126,0.11969278553072002,14.990041667031202,11.053026720802633,28.388662669945543,16.745673035660598,9.357917009637301,15.817362837064596,8.34345294769922,11.474471501625928,5.386121833257707,2.788967514184899,1.5169398934829468,27.593463354580628,231.80520158218255,7.970780914751028,-1.8880794294485082,0.7109443545507051,2.967067392802362,56.02890833016365,51.88643752082699,16.520163526790338,1.2452922417960703,1.0758037591698806,50.22630424618758,-86.78990081153049,6.518625437313151,0.07176326565073715,12937.702542418761,1
2020-06-23,9.31449061379455,2.5823754789271933,6.487468830565057,1.1302268168492442,1.1302268168492442,-8.22158798866413,7.894736842105263,-0.13736568976548422,1.1272857209439209,0.7336105399690716,1.5053443444188548,1.860458382197485,0.7055039772132777,1.0850604519358538,0.8936467508578337,0.6557994251904762,0.570198405771796,0.5777253066340191,0.14715675487869492,1.6433062244186811,1.31006672570801,2.6217678877439976,1.789051428770826,1.167325418602445,1.7123484052948434,1.08256556268145,1.3457934911035687,0.8180371944779746,0.47222057062698164,0.1309439200534078,1.403987930092717,1.1420359767410875,1.8213832082331838,1.5005744726284787,1.0089420439389591,1.4510519507576547,0.9227143853356113,1.173139902282994,0.6396576640551855,0.3508367001307825,0.19722004970679036,18.593303388444376,45.246959002124335,10.722638837389308,-1.5670909928030434,0.6557994251904762,2.494428035569248,7.606045831301775,-9.52397425162975,10.957849132706988,-1.7709072496419331,-0.23783363167475766,2.6296538577669004,-107.50853242310161,1.5021621275393544,9.356281110267448,-87.92012762839127,1
2020-06-24,1.0612433913479757,-0.3473519085680113,-1.528020320685823,-0.08391501697372386,-0.08391501697372386,0.45953097808489973,21.951219512195124,-0.13792857321804,0.9908960465552659,0.6156534123842822,2.3951461845427473,1.5539272820308754,0.655488290184278,1.6919399787763627,0.7676923503949535,0.6887133217207038,0.4935287915123045,0.6744294421981987,0.1430857124133949,1.3888086984161552,1.1669538953345886,1.6737906241123777,1.473047877894062,1.061272872567798,1.4298189456021853,0.9956220545184694,1.1924534917358527,0.7756350800205052,0.45864590047358117,0.12852783917879557,-0.2378849136591818,-0.1631353939077318,-0.5887479620416607,-0.2731707425659104,-0.13199153458326052,-0.25429707626478637,-0.11378279859831153,-0.17096634940610883,-0.06465744227517499,-0.02755331849512517,-0.005179309771398566,10.967288443353706,11.423611946690123,10.79052270978135,-1.0126633430027354,0.6887133217207038,2.0402147088521625,-15.450838241957435,-0.6746396810794855,9.374014227736986,5.81821620830862,1.7421766253119728,-7.832649703781821,3800.0000000501173,-0.7595062967165847,1.1302268168492442,-107.42461740623487,0
2020-06-25,-0.23293111348710108,-1.9377084816910912,-0.3949860948772757,-3.2754342431761696,-3.2754342431761696,-29.46093312651636,-14.000000000000002,-0.09758809449995613,1.2960619189018099,0.4750657356009387,1.310734822756555,1.2365766352098704,0.34258946362610926,1.1426769523846332,0.4872610449219497,0.6345435303773288,0.46622016251312953,0.5824133641517966,0.11644137826175259,0.7115382191765863,0.7165162069199925,-0.030268281913649976,0.6841850785685091,0.697867732426279,0.7007871518092657,0.680682068807789,0.719304966928598,0.5868126743960337,0.3679932884008493,0.09033162356229803,-9.041453304256407,-6.248751433127535,-21.601465444899137,-10.347240813072855,-5.074397270102056,-9.649829376430787,-4.384402347111168,-6.542992398847561,-2.5075763579047714,-1.0736723784683857,-0.2025917790059375,0.39686870213263586,-18.867543759048896,7.901953977251473,0.08390684158274866,0.6345435303773288,1.0588595655803104,-18.086816720257186,-32.135228562654326,-13.916193967474477,-1.0152295242288567,0.9560739332244463,47.79310123810194,-209.5571095571806,-1.9606049008206272,-0.08391501697372386,3803.2754342429826,-1
2020-06-26,-3.0504841734603887,1.6969882280996786,1.6671387528831085,3.7099893436476155,3.7099893436476155,-1.8158074607541552,-6.976744186046512,-0.09514912976798942,1.3380467820801065,0.7941074686646905,2.0183860761978236,1.3182498453285705,0.6353925249304262,1.438002609875094,0.5074047624200406,0.8782095856190022,0.5403981589308547,0.6204702634995964,0.15081325253436306,1.1296915077106835,1.0080102465787868,1.2157292902755092,1.1670915542803786,0.9403165048120518,1.1486229061196884,0.8952804664460006,1.023456415217945,0.726795947785955,0.4461820200060714,0.1295823580497074,5.771639989300662,4.263281130155088,13.47697952115911,6.485608676499742,3.6346920357040333,6.103652085881181,3.2605430052824422,4.420838105663594,2.159062636800123,1.150953759980935,0.6395915062138584,5.943323591208132,0.9859917928151033,7.395479229802998,-0.08146731237504755,0.8782095856190022,1.610594173788144,28.295714753025713,45.96179791939491,-0.604214384985818,5.692797915680145,3.447547800096082,2.286932874343621,-302.3404255318213,7.958219169570513,-3.2754342431761696,-213.26709890075736,1
2020-06-27,3.5215159889459153,0.4246843054720329,-6.005970149253745,-7.238269208813783,-7.238269208813783,20.37489038277046,7.5,-0.11552104933516615,0.7622931627756513,0.4449184824013249,-1.1919969218930528,0.7146828957108567,0.22090084684154251,0.6058301647655074,0.3357486951878503,0.5605905880350666,0.3577774774849221,0.37872833683041984,0.12328101208474557,-0.06704925069207722,0.18353592170995095,-1.6699657060751778,-0.20808950439208934,0.26395072854147855,-0.13113866822780013,0.3030196401238385,0.16089815039493,0.3592221918155329,0.2605562579957844,0.04683019856227366,-17.219135063839154,-12.423142689977563,-34.93989588258495,-19.338857108326938,-10.288691231770422,-18.215987507395308,-8.997641570004502,-12.946387502474016,-5.326058117692204,-2.343208791267918,-0.4505555395460481,-9.680493927257078,-55.85998446857514,3.0395745743387352,1.0785535733369032,0.5605905880350666,0.1718857568100951,-77.86843447220802,-71.39967085195008,-26.85040298172637,-17.321057651630284,-4.447060531566756,-52.34601614971205,-102.78654048371733,-12.467150099047426,3.7099893436476155,-295.1021563231007,-1
2020-06-28,-7.043703760201363,-6.987013959058422,0.016937669376696017,0.2174358974359014,0.2174358974359014,-38.04085866000014,-6.976744186046512,-0.07189335205909739,0.5779836752702165,0.5436728254604112,-1.3932913295067981,0.7021596574896688,0.2843997914291773,0.676509864194099,0.30687090391721283,0.4207965303855799,0.3510976725695814,0.3747231125558369,0.12183513817412583,-0.02928332099563921,0.18667419645646757,-1.0622013412869729,-0.14337486728914403,0.26039180307080945,-0.08173462994975783,0.2972562370317248,0.16636487007053907,0.3531743423600876,0.25959254767948947,0.048606830692384306,0.4240545845580015,0.286500579111441,1.3625137787591148,0.49601482597203356,0.23505700919019332,0.45697095144800653,0.20619321871712987,0.29994986059857975,0.12891748136755443,0.06621563275721881,0.03616410709700064,-9.137831697974065,-89.2635596542423,0.3167153128172637,0.6464240427107734,0.4207965303855799,0.24994202427431744,-96.31336405529946,8.80898885939856,-18.96965219098191,-17.64272962812651,-9.564514120111625,-19.044400717055524,-1190.5660377292154,3.11732500570477,-7.238269208813783,-103.00397638113704,0
2020-06-29,0.053333333333329735,-0.3701617445883896,-1.583403895004231,-2.3661372195840924,-2.3661372195840924,-11.447214631021094,2.5,-0.06380781255575824,0.4591448792186011,0.28384459558685354,-1.8521151233690554,0.11536973814772901,0.10316955235240097,0.46768441469059263,0.08143926427967488,0.2656616048404732,0.49764867391050227,0.3501235271233857,0.11893432546596815,-0.340270599782186,-0.04972371493456062,-1.487513885210089,-0.4826378413698289,0.05951789061119289,-0.40647613530488,0.1180400293098133,-0.07863141120062374,0.23733986020921116,0.20093397331237806,0.023418039630398735,-5.63922784748516,-3.9647348297437115,-13.128999602736153,-6.417128066677012,-3.252425041195365,-6.00192809550552,-2.829676731317215,-4.142190352245004,-1.6535798977010483,-0.7206817691984373,-0.1380838487987648,-13.809098758808455,-905.8287454233715,-2.5441253971291222,0.5274936571402731,0.2656616048404732,0.06660737481355283,1762.4999999999518,-33.535811744693156,-49.659714442344,-24.38423354241138,-19.34498383688819,-23.08644132157648,45.501730103828855,-10.195121124826374,0.2174358974359014,-1188.1999005163461,-1
2020-06-30,-2.5463342627521732,-2.519990307729584,-2.17241675987266,-3.5262054507337446,-3.5262054507337446,-13.505808656859353,7.317073170731707,-0.05547819211603117,0.1903874705248465,0.08425039216551328,-1.873385532764149,-0.4659866688168226,-0.0031131974996299093,-0.15506531114260474,0.08009040810482135,0.008194568471925547,0.493095392932296,0.3610385311714722,0.09847223400961022,-0.7556344747650453,-0.36419524015479865,-2.146555252112854,-0.9383892317030545,-0.20806613231457652,-0.8412379998662215,-0.12109197924570496,-0.4045171683683204,0.08118806528726148,0.11980316226875368,-0.01272438547786894,-8.08084961203599,-5.699041216264156,-18.648594275369373,-9.185948794212628,-4.684152064967952,-8.596224768189384,-4.080850990819697,-5.9516668353880124,-2.3953233074754627,-1.0479913108740555,-0.20151206986357867,-21.77863314157032,129.42859717927954,-5.989327203619511,0.01956060725554117,0.008194568471925547,-0.0004861048712895284,-214.0939597315432,-61.259110120136995,-25.605052323966788,-24.30476647160565,-21.60823435308073,-61.15775283928042,-64.56599286565779,-6.600627359275291,-2.3661372195840924,49.02793555454023,-1
2020-07-01,-2.9662978078848856,-4.080702626563923,-0.9498263049118373,-1.2951453778956046,-1.2951453778956046,17.088580319395437,-4.545454545454546,-0.06519645503971119,-0.2312850850176385,-0.051910673555976485,-2.9244130261852375,-0.18328433374632752,0.05112357157138367,-0.5254836164499561,-0.046136167195214135,0.34330327503758457,0.4142139650570756,0.2724907291688231,0.1006203929091609,-0.8240091944237518,-0.4457335534244723,-1.8752032228430984,-0.9904152378356764,-0.28649185450154535,-0.9027811944038973,-0.1955057844555232,-0.48606603777254914,0.02614147753544481,0.09012478183787848,-0.02532321629594086,-2.9765769134605615,-2.071731773320957,-7.3469539296173485,-3.4060901634530003,-1.6944152854925854,-3.1761079178899996,-1.4722114119625076,-2.1663881268305207,-0.8583035845186144,-0.3736573344224064,-0.07170936099255143,-26.616555018956,42.26339464507578,-9.063460501686995,1.4513597976031805,0.34330327503758457,-0.503131013908561,46.32352941176535,-34.169713871063585,-43.207003039953804,-50.2742838898191,-30.722445678909942,-231.62504133951228,-152.0134228189356,-8.206437276599209,-3.5262054507337446,-63.27084748773996,-1
2020-07-02,-1.4569421559274975,2.552584978188577,-0.28856825749167186,0.6824886618819025,0.6824886618819025,-3.9985822481711017,0.0,-0.06240441717003136,-0.4455860767456095,0.358750689326684,-1.2747839456633583,-0.2783056831169958,0.1115300082869558,-0.12164077097676486,0.023791037759405324,0.21859388020889037,0.341219208364219,0.28635188889587915,0.1056490005218056,-0.6339907247716978,-0.3477600617324214,-1.0552249224044419,-0.7472053141024617,-0.21729332204686141,-0.6886928408249303,-0.14046991308369727,-0.37993921508165057,0.052045389990245286,0.10237758350435,-0.018457814227709056,1.8999072869740012,1.1339376787882989,10.015839021333052,2.350195358270233,0.8815021360745616,2.1017827215057046,0.7487902948976854,1.2031176485549775,0.42813677399700906,0.20511214575413703,0.10795566944115448,-26.96024871895835,12.531925851538789,-11.215828871001964,0.8139585811971786,0.21859388020889037,-0.24513364374030402,207.33668341708577,282.58190278563393,-1.4790326427240514,-8.986200718474596,-30.81648005316114,106.67813019156898,-152.90322580617618,-3.950921146178712,-1.2951453778956046,-152.69591148067406,0
2020-07-03,0.7436416439320559,-2.1310646900269665,1.077471059661617,-0.35861103822269835,-0.35861103822269835,-28.55245944111856,-2.380952380952381,-0.04460348850775278,-0.13749202838769958,0.1922216183381862,-1.4067634173056158,-0.3126536563861909,0.1707894431184608,-0.28406950757100774,-0.06224078209742945,0.20495485143384376,0.3315372077857139,0.3191265215904881,0.12903794750057881,-0.5987961847833522,-0.34871208955059824,-0.8279731200071422,-0.6898969654045173,-0.22747635411139536,-0.6435003096123748,-0.15425647738643444,-0.37798155633719804,0.0357359768928943,0.09278696557707429,-0.021780251820872898,-0.9164268324152279,-0.6148710480944741,-2.70814337174829,-1.067725647352866,-0.4957733033639124,-0.9860525525866588,-0.42733243785357394,-0.6453457585382605,-0.24400837142081916,-0.10457016716084544,-0.01991848422902224,-31.939670684862488,5.014962008296905,-13.266214324043363,0.8169400370477949,0.20495485143384376,-0.2767791251543318,12.262916939175936,-17.007699451751744,26.10102063830451,-16.853134585876557,-31.987409469125677,-65.53483181890772,-367.0731707329587,-8.110404227836408,0.6824886618819025,-152.5446147682297,0
2020-07-04,-0.41930552522384307,-0.12479559342455367,-0.29953308078582774,0.9612008426966313,0.9612008426966313,-1.7783930165358022,-2.4390243902439024,-0.0437667180072201,-0.20095615289069613,0.2393174665852974,-0.7351154313487391,-0.9936286665782024,0.09210825005759034,-0.22129256261824246,-0.0035629030534461,0.11258842882847377,0.37952513314673564,0.3199441249461325,0.17507407025671085,-0.3989410589339266,-0.2337961948496551,-0.24154017140594017,-0.4455873067570921,-0.14193556586793474,-0.4231656907830678,-0.08390363033910984,-0.2550375322150949,0.07234635756176448,0.11077236675274646,-0.012211357036118368,2.9223827284772756,1.7006254532106229,16.518561206493608,3.6562924457519763,1.3081780797972367,3.250257061155528,1.1045116412137084,1.8092067151875577,0.6213266096441046,0.2939117823037094,0.15376467737668337,-30.52728760437768,-4.504681819921487,-14.606319187458498,0.3769380814782706,0.11258842882847377,-0.09778085462466807,-7.020099038741669,129.9154637354884,78.74219348393969,25.13976268622637,-1.9874589886182217,49.67698533029634,-245.20547945173772,7.909475119264596,-0.35861103822269835,-368.0343715743986,0
2020-07-05,0.8509145137944634,-0.5472015166530316,-1.0736060793496516,-1.3824283789070941,-1.3824283789070941,16.121979136984297,-5.0,-0.05089337305576019,-0.2996929688096651,0.04416802950903629,-0.28328364211833895,-1.2135288539505082,0.01566357256718564,-1.0218439250921003,0.04076106320816243,0.08434635738280398,0.3636613024472083,0.3193187603104768,0.15459432178333402,-0.5266586849178045,-0.3357702556258977,-0.6199946568539172,-0.5861686702820104,-0.2321913269207594,-0.5567090567845292,-0.16665934621431494,-0.35980000286890995,0.014285895992878696,0.07958452885538159,-0.025679679826019496,-3.8235289013122555,-2.5082120982174914,-12.215680112395171,-4.501728669983534,-2.004257703496008,-4.134286663387396,-1.7188517267512224,-2.6386492364777516,-0.9685326932616325,-0.4108210348795367,-0.07791678646727171,-50.99085992007698,-1.1705865635154966,-16.904458784619827,0.3266118634338991,0.08434635738280398,-0.10936450532745615,-16.917293233082667,-32.850673559472966,7.525074438707614,20.11236897421441,8.696712610678091,43.72968575766934,-377.9874213839857,-5.894180487342808,0.9612008426966313,-243.82305107314565,-1
2020-07-06,-1.3395381202974785,4.219738324235347,1.2505024340136617,3.896848137535814,3.896848137535814,35.52760431163677,5.263157894736842,-0.06846158315843884,-0.6933383579510174,0.2563398879979339,0.7523082183973745,-0.9133277685030629,0.09771886006627414,-0.8440190350516577,0.19716897266984437,0.25261773567946455,0.42011623748369753,0.37500319926604336,0.1814260701220506,0.04284478135035946,0.036049822289211456,0.86683368020535,0.08115985395443374,0.06476568512919864,0.05814298027322733,0.089156553030233,0.03168821260118209,0.1670760701567957,0.15814933307395032,0.012352921775654425,11.91660089936677,6.962074359856165,57.89964542391598,14.836918335941881,5.353329378139228,13.227077183746824,4.51701106441658,7.4061330591522925,2.5333763164555156,1.1942720445596242,0.6244115378616711,4.833398561769952,-20.88509100758262,-16.094662827272494,0.7931975084013559,0.25261773567946455,-0.18150602160824655,2.1116138763196455,225.59784274070057,83.1463823919744,74.05192806130553,43.045777598454926,171.9964580962273,-117.08144796376389,3.9274340284353544,-1.3824283789070941,-381.8842695211838,1
2020-07-07,4.05113511130703,-1.546391752577323,2.7435931366062416,-0.6406720692434908,-0.6406720692434908,-27.899899559456276,7.5,-0.049309031269879997,-0.8298103205991102,0.21085538256469805,0.48038848808166074,-0.6735838592599289,0.38153009703673063,-0.8926705862309438,0.2385827219473548,-0.018473085337364657,0.3868094188137332,0.40277835667018186,0.17370867669511703,-0.048544494493560825,-0.025692048872743255,0.3556949190890439,-0.030386518015003167,0.012088271949889593,-0.042035806050749816,0.041462667645793296,-0.032538806516625954,0.13410520511077853,0.14109472850663374,0.005775305532454833,-1.8367524276838663,-1.2034951569322418,-5.602027880027959,-2.1614690105009133,-0.9608671884277766,-1.9857838108277495,-0.8236574695416203,-1.2663450676965733,-0.4635330551780064,-0.19634100350995448,-0.03727406182196745,-11.782652222433745,-17.140963423003956,-15.893962182096535,-0.04216596284940329,-0.018473085337364657,0.000739764153873527,-64.6602658788774,-12.818336162987984,23.487411089372202,28.691522966914828,39.38758164071483,21.1651313797866,-1243.7086092738166,4.562978185139735,3.896848137535814,-116.44077589455712,0
2020-07-08,-0.8049483138451222,7.101840905252489,0.4121409865624817,7.374669057989562,7.374669057989562,148.65002786989973,2.3255813953488373,-0.12109494188505589,-0.313894776491982,0.324228028503544,2.0448817329095688,-0.4000353388108403,0.5395154913844742,-0.06227457899791494,0.38383087611597055,0.15549322908991928,0.542369240683057,0.444873358342092,0.2184437443527332,0.9380927090529062,0.6453391490220408,2.71193806263055,1.1069482592606668,0.5582886090771798,1.0148200464451214,0.5174159574080827,0.6707281791800412,0.4273655811931166,0.2943238180335914,0.0795189486354484,17.843139995001607,11.52025957097609,44.01367354332777,21.042535808618336,9.18252241829605,19.322510527973407,7.902780735370844,12.13883657394741,4.660893598272423,2.2779394369659838,1.2167335490720927,173.21131229021532,-64.74731917718047,-6.661885286149364,-0.018340849552680057,0.15549322908991928,0.2963969674496752,-174.92163009404342,50.0792878008066,45.95294182979324,39.13162730698116,42.494616309805124,-69.588572486748,-98.20497973362657,19.946907751172443,-0.6406720692434908,-1251.0832783295334,1
2020-07-09,7.414367472452386,2.483639517464317,4.369575441446843,0.1232849473056403,0.1232849473056403,-24.46848837806406,0.0,-0.09085924398588538,-0.04828208734559957,0.15389532750106757,1.8443388219317969,0.284200778447563,0.5446946770750354,-0.35732831364402645,0.36554830833230384,0.39838985826273754,0.5420701985722765,0.43740865034441406,0.21178714094907997,0.8228887419633275,0.594836568916641,1.8034876346481377,0.9465028458391009,0.5238299186632945,0.8797808176820796,0.4900902411816149,0.6152907072501944,0.41419758994638056,0.29044491809415907,0.07998885980284857,0.23686705665401192,0.16937586827334472,0.36871950167136763,0.2655565950567985,0.14044538314213834,0.2505667751228046,0.12359499802611053,0.17665255321128367,0.07728141164396045,0.03946721537921902,0.02159178029169713,49.745678793557715,-119.59846826638395,1.3988149190195185,0.41290037353961695,0.39838985826273754,0.38666505840696264,84.93723849372515,-16.546805705381644,2.8902008024457357,16.08561054096174,26.451029995266968,-83.11627338305652,-1070.9677419260195,3.944753274485401,7.374669057989562,-98.32826468094783,0
2020-07-10,-0.04373757455268626,-3.2004923834436045,-0.9667772725410821,-1.1955830950111186,-1.1955830950111186,-41.77246196592408,-6.8181818181818175,-0.05308539561613983,-0.42064711247660136,0.31933461776375877,1.8251064645438175,0.15814947425030385,0.3873958231277717,0.1628563704526304,0.2681999349562121,0.24485717353066017,0.5990626094014398,0.40800637473653945,0.21110415381786293,0.539481512380053,0.422446513118182,0.768377603088823,0.5999563308672452,0.38816982011730544,0.5677864715346059,0.3736464817003152,0.43280720143447177,0.3446891650545476,0.2568002471961872,0.06628724584814545,-3.533550027598524,-2.3485142944964656,-9.753703661178696,-4.125654542698351,-1.8853706786398041,-3.8067000800907502,-1.6214432676071353,-2.4677324667573526,-0.9208183226697204,-0.392592379528421,-0.07503749333076423,17.014207698885887,240.28023907367134,4.694227200228301,0.2585811877231605,0.24485717353066017,0.23376498489763362,40.72398190045241,-14.19748653500893,1.988723497563789,13.752465854547893,20.897298826066706,844.6066527177317,-295.68106312319196,3.753401313970632,0.1232849473056403,-1069.7721588404977,-1
2020-07-11,-1.101873582879176,2.090287712605304,1.77869700103414,2.3678391959798826,2.3678391959798826,33.433031278492805,7.317073170731707,-0.07042252288677335,0.32811680837858,0.3485593208689968,1.5509522601344063,0.5701346916715768,0.509414733029253,0.33688975315347836,0.6159821172823183,0.3620636391720701,0.43326843684882693,0.40953057786528807,0.23433748920631586,0.7917651648792354,0.6067400951224361,1.3096622619479958,0.8808595387078616,0.5418997420010999,0.8336477919804295,0.5092486344124897,0.6246406516548864,0.43070547201273346,0.30390319141897615,0.09069771464935468,5.034404183240677,3.466513834401213,10.116272162408338,5.754747669183984,2.8332369524643286,5.373145676390411,2.4732086983940005,3.629021320550327,1.5143054483930882,0.7614902067913879,0.41373546477622947,23.418835714679076,103.19600761441224,9.110800580218513,0.23149266982269004,0.3620636391720701,0.4676214141022883,47.534833869238746,21.16964547692834,-5.189620899026246,2.596007559849371,10.190929290823643,-194.0529336259903,-265.02546689291637,5.451841393512156,-1.1955830950111186,-298.048902318903,1
2020-07-12,2.425388142546856,-0.32697547683922645,-0.910384068278813,-3.8171536286522043,-3.8171536286522043,-13.27841704334342,-6.8181818181818175,-0.061259875323704804,0.019220200430659414,0.15381183294389364,0.8655845516530546,0.5208900440807123,0.34017016467292444,0.20806663317722304,0.3726016386098989,-0.29385932510856494,0.35804850634987984,0.3686300043791961,0.21675223642189453,0.14586485921040224,0.18031370133523064,-0.4434603558794725,0.12337773579141956,0.19725284142622768,0.136289795222585,0.20961961998359574,0.17666560646282536,0.2466198673651287,0.210059277326517,0.04830773656229121,-10.869858463827619,-7.356850954551865,-26.955867939389687,-12.570739193372132,-5.947311028878371,-11.659157245911322,-5.135421144390389,-7.7165007483006285,-2.9482742117253604,-1.267038502659496,-0.2437865591297128,-3.8781928467469347,-32.39158925488985,5.645332492921667,0.14680980839654423,-0.29385932510856494,-0.6492731426395412,-40.93715946240458,-47.32304003129432,-15.610205745109493,-5.123501859010488,3.2458230937246895,-94.8788446765681,-101.44032921813597,-8.160309589447293,2.3678391959798826,-261.2083132643873,-1
2020-07-13,-3.8209306891812354,-3.128173084433335,-0.1640621795660631,0.057161522129675506,0.057161522129675506,-7.725894501832833,4.878048780487805,-0.05662544880888903,0.19696919653981715,-0.27706135209067506,-0.5105791357709148,0.6272100856779644,0.15848287940709696,0.48415734952150663,0.3758065659788965,-0.35214746149223725,0.37377655170517904,0.32957732867743295,0.2254034005302714,0.13392577552954746,0.16891653907267223,-0.2780730288759545,0.11312158374036871,0.18662034545604106,0.12489344451100451,0.1994852751601558,0.1650935862621043,0.23874231402816717,0.20671744291933594,0.04840006639205725,0.1419827372482817,0.09209872665787361,0.4257982472246825,0.16746288244297883,0.07357616703467733,0.15371753611570171,0.06339993717013026,0.09698621737736467,0.03752301572093887,0.01841626712129137,0.00988548044853618,-4.036861020738295,-38.33844919397654,3.2949866133698498,0.36495343954117815,-0.35214746149223725,-0.9351467371074297,5.904059040590527,-57.038091411620975,-25.466154483230557,-20.7378483986183,-7.617177045264549,1012.8304466723428,-3214.285714222003,-2.43230469057319,-3.8171536286522043,-101.49749074023646,0
2020-07-14,-0.09390821492731796,-1.3545656117718181,-2.5717924489544313,-1.7791561250306145,-1.7791561250306145,2.010252069395829,0.0,-0.05796673174974779,0.3179473963374692,-0.42066530559461246,-0.8882606635452067,0.4180802339026685,-0.05163530270800939,0.43740786754811545,0.22258974231117082,-0.4388999617898993,0.267822610731381,0.32124672530518983,0.2254797744829496,-0.12336933650948018,-0.011167401209302175,-0.7756435631515863,-0.17980727251433307,0.03761680564876295,-0.1491494083862921,0.06814589575773639,-0.02297239960228769,0.15499141331846078,0.16337765768759002,0.029340114290897123,-5.2921095714287265,-3.491427346959665,-14.770850286591719,-6.195520573420401,-2.7940138942896664,-5.708779943424861,-2.398834875018129,-3.6716951516502103,-1.3566511246673425,-0.57631852897674,-0.11032333641646586,-12.996594438757503,-111.88367935753743,-0.3790751679675151,0.4054467865367596,-0.4388999617898993,-1.1343582208230503,-38.037166085946694,-1.1120884163840594,-44.27673308853618,-20.847704140123163,-14.987008355612671,72.34227484333738,-28.89908256882719,1.4631144360590744,0.057161522129675506,-3212.506558161096,-1
2020-07-15,-1.5284645878458571,-0.355551922841147,-0.3584229390680931,-1.2879102617365923,-1.2879102617365923,-20.239306298065546,2.3255813953488373,-0.046271656260235196,0.3133550799966478,-0.4791090735585056,-0.9035143873524113,0.33749788199333647,0.08018699734561444,0.28648979500275135,0.20454335006070642,-0.32715127375322667,0.1522425914010213,0.24778040942472568,0.20986415050064278,-0.27739479364477415,-0.12710530223739844,-0.9437295135274504,-0.34859569957707864,-0.061031896977955497,-0.3103715370688669,-0.02020548704846264,-0.14317970010751674,0.09626168623960095,0.1323189458323617,0.015850620442335515,-3.8752736206306815,-2.5347287777107828,-11.192144986514617,-4.554798945476257,-2.021277560088548,-4.188151743615533,-1.7319225123441195,-2.6680056318364644,-0.9742972764448367,-0.4121596526865819,-0.07877101121750144,-19.83953807504248,1006.8941839683189,-4.211927357806829,-0.01049408433689048,-0.32715127375322667,-0.5920326777340811,0.749765698219407,-64.89128948447991,-45.880929593297196,-26.647925217295242,-22.30600026261253,-1.3227079329122526,-29.677419354863826,-14.599222255891467,-1.7791561250306145,-27.611172307070518,-1
2020-07-16,-1.4152313758040986,-2.4075137396440027,-4.049936521371151,-0.9175084175084152,-0.9175084175084152,36.90847636227251,-2.272727272727273,-0.06364026095050589,0.20130251062346546,-0.35488335310401514,-1.5716481863082086,0.18575766034952132,-0.023276767094583282,0.2422135377556295,0.16371442797189134,-0.5692425847568133,0.06663269705640514,0.2587843489046254,0.19827391349497453,-0.3612001065353614,-0.19804565558039722,-0.9351556907133823,-0.4344367661023099,-0.12399030304430483,-0.3954851655406743,-0.07792635704655428,-0.21592076113857647,0.05556929488217432,0.11017047129995367,0.0064170179218639,-2.8370125356381846,-1.8331356372676129,-8.629676867039827,-3.353604015394746,-1.4546130174950491,-3.074262899858832,-1.2428882332268294,-1.9319608985564025,-0.6940039334082673,-0.2918852531242257,-0.05563980181788339,-26.66816321603252,79.96347570149486,-7.913230382498034,0.6767582925989255,-0.5692425847568133,-1.6176104344096456,-102.51162790697667,369.4956594717994,26.968795507951025,-30.704430916635967,-25.195630322583924,-36.20704482287208,-94.49541284415794,8.05373619172354,-1.2879102617365923,-28.759910937330396,0
2020-07-17,-0.9935168813673491,-0.10926665265812865,1.7862656022582042,-0.05097272958966156,-0.05097272958966156,-24.230225972578292,-4.651162790697675,-0.04813058902270517,0.2217011551641051,-0.5450342754536024,-0.7992024590845279,0.29067567474595796,-0.027875270833610032,0.16799222199199065,0.003167040744663199,-0.1768788934288723,0.12721606294387697,0.22515428814641583,0.20047825435768107,-0.3208111128035815,-0.18494070734100293,-0.6459923972888281,-0.37685806465736565,-0.1186655264034223,-0.3474415936397191,-0.07620707754774286,-0.2005343594100551,0.05133432496658469,0.1068056915966617,0.005842329825548672,-0.1670410356791395,-0.10559999113061685,-0.5668027347012228,-0.19958641653712877,-0.08308099178297895,-0.1819113050952359,-0.07064645042391907,-0.11153924609901701,-0.03895091475845649,-0.016225115964067813,-0.0030779603500695465,-30.092531443121455,25.96371863062376,-10.824355436731906,-0.15170671947935854,-0.1768788934288723,-0.19855233735427388,-514.81481481483,35.67065074474795,41.21828442031627,-1.8463064735157175,-22.3518288735233,11.604601256942084,-2033.3333333806333,-0.0535130961532639,-0.9175084175084152,-94.44444011444685,0
2020-07-18,-0.14457011650650273,0.029450124111237586,0.6109714879972215,0.9859753506162326,0.9859753506162326,-7.815771214688098,7.317073170731707,-0.04428809278243797,0.22506560706924164,-0.12229231254166763,-0.6230738308991035,0.06619858890676217,-0.3425178388106695,0.34274039563125747,-0.08729740186960847,-0.13965689697473116,0.12577878242056922,0.24517402117956028,0.20923992204231237,-0.1502179520588425,-0.08046607730141754,-0.10907710358759358,-0.17155362668621796,-0.038055447791288194,-0.16093831385950713,-0.008436991541254686,-0.08969051429723807,0.08844765399223277,0.12513441888594196,0.015651586711259477,3.643900793640752,2.057887236666993,20.658375572699505,4.594210276456915,1.554827227052686,4.069149833895149,1.29750710276866,2.1981545890683503,0.7045908495390375,0.3237515114532639,0.16797857096589064,-22.123750583337763,-1.2460268007984008,-11.986996134793955,-0.054582104222082574,-0.13965689697473116,-0.2129413594809652,-1334.8214285714134,50.84396025915208,71.35130876886565,37.81177558909646,-2.6402915400221225,1.5291238502033138,-151.2931034480962,-0.42535982798435634,-0.05097272958966156,-2034.3193086839024,0
2020-07-19,1.1497189575881426,2.473082099596239,0.13781816615701498,-0.5007995959936076,-0.5007995959936076,23.53562861495182,-6.8181818181818175,-0.054584930724374675,0.28343698408847007,-0.1567977309271037,-0.35983954695613,0.07712346609992891,-0.40919106074917444,0.02346904147995733,0.053609401076871024,-0.04346757885582591,0.03091681084601773,0.3042117535974065,0.20092932699988164,-0.19650506623929936,-0.11837048966404917,-0.23936610364172925,-0.22172809545327296,-0.07216967506679658,-0.2090203409797986,-0.040163457028677615,-0.128509851586649,0.06483962407844068,0.11197289662033466,0.010432752998505547,-1.8048141559196464,-1.1127201902179875,-6.6757601528004935,-2.181015542725506,-0.8663334107128307,-1.9759788457893497,-0.7322485512235198,-1.178419686929733,-0.3972208668998274,-0.16334750894239283,-0.030801184644797953,-31.789446017898797,1.250440973681046,-13.789878669025905,-0.05358702681807847,-0.04346757885582591,-0.034736729489153184,10.84598698481595,-6.393043687580702,20.795606861661888,25.06286882593493,20.745309151984,30.407755367872326,-627.7310924384313,6.142283175613534,0.9859753506162326,-150.7923038522811,0
2020-07-20,-0.4251915466868755,0.9768510917747583,1.3590813298352773,2.656177304064628,2.656177304064628,8.885477163994862,7.317073170731707,-0.05916680808965195,0.20710897118175736,0.084223582603123,0.4321828192528656,-0.29935094960008396,-0.30711667879807353,0.27046479994164796,0.08016440590187492,0.26512048066217364,0.15487591671001824,0.34045528562112587,0.22306316420627753,0.17898477431308635,0.13087191158908676,0.7211833125372384,0.21561516945619238,0.12810560003089924,0.19514955972946896,0.13278052804917442,0.1334565041956956,0.16807398640595175,0.1651424657804514,0.03703181840621621,9.751993606461047,5.590248617953799,43.58150976020703,12.156342554381554,4.236282092105618,10.836519322195066,3.538851362937265,5.9651970892100925,1.9228183024755756,0.8820226763126188,0.45751772155783066,27.275300739890856,-32.28313395635517,-10.831760264012495,0.41919016755526006,0.26512048066217364,0.13221742324014438,-60.60013046314412,45.9536216083327,27.059984994722093,39.54452328836874,34.25634135302405,-23.454205553089505,21.496815286615305,3.4857358424019544,-0.5007995959936076,-630.3872697410468,1
2020-07-21,2.6465987401175246,3.268026989675633,1.9009632112700132,3.1436693996951086,3.1436693996951086,44.289446791730825,0.0,-0.08473489195461632,0.4757782920266242,0.40477251784497004,1.2564422137636124,-0.04878199600811729,-0.04851508611027169,-0.03510036807952535,0.1827715768177414,0.4867245511993021,0.16947270166953915,0.36693986834876097,0.23059105714124967,0.5788666640852513,0.4083423671017705,1.5402423234259077,0.6714156052397159,0.35505306998407177,0.6212890937862608,0.33076641043671084,0.42377332484349484,0.28956101634961706,0.22893665866454577,0.06908221068004043,9.366565896489885,5.912069097315844,21.702263614722554,11.069222837323329,4.630465579620887,10.15896039041888,3.936520987363316,6.252400025105303,2.231107450776248,1.0524746425856277,0.5540941121935052,77.63124808215638,-85.70879303762138,-1.7360321136562769,0.5878675437752836,0.4867245511993021,0.39922688846473037,-28.807947019868184,1.4241384204482574,11.679276542565423,20.140855082837366,27.445701755109898,108.02026595476946,-31.061598951496066,6.0941543193394505,2.656177304064628,18.353145886929166,1
2020-07-22,3.15087112319289,0.8029599307250229,2.565063501977924,2.1011424462730632,2.1011424462730632,-10.154076879302375,13.636363636363635,-0.07572272283014146,0.12160459460251218,0.5671841467153511,1.6882900864937112,0.23543645106189445,-0.11485874936923389,0.12147093712928993,-0.050005632502579826,0.5617239545866948,0.242141611794774,0.4037145089794304,0.23111577650197734,0.7894298354098674,0.5684917455408033,1.7328811474272718,0.8994419852071256,0.4901130331728139,0.8405287708502365,0.45044417462060193,0.5899268933737071,0.36562879632985434,0.2702017350837789,0.09069058010563374,5.229823739095994,3.577013225813445,8.233910714085882,5.931107116296399,2.8851299910401433,5.5655534394505795,2.4922909572029828,3.7535287118627636,1.4696743672162105,0.7123833412093357,0.38049541105863965,57.15577341915452,-621.3086981715206,9.209974526988935,0.3619644098344831,0.5617239545866948,0.7348583780909331,-348.3720930232578,16.52952149291949,18.401986439275607,17.787502270535718,23.93714220024935,-68.33163223136346,-228.70722433447986,8.358591696356775,3.1436693996951086,-33.16274139778034,1
2020-07-23,2.0364159080019166,0.8082780163998528,0.3288538833177752,-2.648669796557109,-2.648669796557109,10.977065122948131,10.0,-0.08403534185146389,-0.08575149626120342,0.3992833882669203,0.9168234235707917,-0.19922231289905262,0.08147188257784052,0.0025275742554026004,-0.18335408780656828,0.4352162292733364,0.14032409631538165,0.3748024699092914,0.21650758165607267,0.3076782575697372,0.25948986680766123,0.2226083287750699,0.3268158668460619,0.24343601383109426,0.317143320113933,0.23750075067086324,0.2643046934665189,0.23687064160187207,0.20469246447609285,0.06097586955149479,-9.215226948207276,-5.9915950851095285,-23.603081529294645,-10.801020476385,-4.7464837157845485,-9.950711178757274,-4.048211368796048,-6.315076133733695,-2.2421278911017013,-0.9329760114804884,-0.1775542504894991,7.65426924320673,4.2759639520827895,8.79387598006039,0.8521326882089937,0.4352162292733364,0.07520644912417228,-64.70037453183497,-35.04065086667124,-7.266644085862731,0.7761579528842413,11.781847744021395,-162.73469243542002,-191.28508124084595,-10.049157756892809,2.1011424462730632,-226.05855453804415,-1
2020-07-24,-2.461454175471555,-0.7708099314405285,0.008093234056322963,2.483623357312209,2.483623357312209,-38.374780983558146,-3.6363636363636362,-0.05167464122636255,0.18336692131041926,0.535715694084098,1.50578243145775,0.3466722555685942,0.1719452082892643,0.011689735464451933,-0.09556332791713748,0.5157022882482578,0.20850494450969523,0.42768415733045057,0.19685659750498047,0.603588728655916,0.4669169692102262,0.9796280238308105,0.6645773348673724,0.41441302021433934,0.632511147007921,0.3873904554608816,0.4809615050074673,0.3300797039065544,0.2543828961277938,0.08654345501758208,6.5355474591651666,4.358127577830125,14.528045192087834,7.538139862165298,3.4878217134167824,7.00669783227147,3.0004010651605535,4.583036809458493,1.7508658686669683,0.8424789653323683,0.44875625481511117,21.135715259638236,49.20488363900188,12.060322610265338,0.5957143224336923,0.5157022882482578,0.44607505111676937,279.5755968169742,35.14825708060969,0.7880641938066939,7.581141477236557,8.23225911469806,-302.5744082009798,-108.41423948215261,3.302703259877325,-2.648669796557109,-193.76870459808035,1
2020-07-25,2.3831494483450384,-0.3786400187368251,1.298858946346194,-0.2039135720167835,-0.2039135720167835,-4.483529709088254,3.7735849056603774,-0.04929465144898495,-0.004385734084191642,0.47971225109782406,0.9405264712692447,0.32287664947851935,0.2557953892841361,0.3023180879091515,0.015437075997270901,0.5676893564407396,0.25661822612016305,0.38493394062138153,0.18719335776974472,0.49172297146402477,0.4030981338932647,0.5774596079070612,0.5261117662559657,0.3662482256934463,0.5085157068296888,0.34710720662278644,0.4127692999733536,0.3074508808533467,0.24416787597638848,0.08340468020324669,-0.7398502365036166,-0.47544076929501516,-2.0321598256670974,-0.8720179821206302,-0.3748197769591819,-0.8009649207178147,-0.3187842956945901,-0.501723718744803,-0.1752026116634998,-0.07242583083164807,-0.013750272348523893,11.370121502002801,10.225540000219347,11.862856908923215,1.1621472336510754,0.5676893564407396,0.049615777515578656,18.02935010482163,-7.419310039287708,-7.4073323449287525,-0.7874469891141211,2.4458634474998444,-102.6268889625926,161.53846153931454,-0.6896863417640573,2.483623357312209,-108.21032591018364,0
2020-07-26,-0.46631921313531505,0.9325653383487919,-0.6031555821849346,-0.5344021376085533,-0.5344021376085533,51.51952560272138,0.0,-0.0746246013315185,0.24005637377454533,0.5129456312764067,0.22068070902575876,0.4242248425794789,0.3676353261805748,0.25416442264990163,-0.13284861046415683,0.3561727764729909,0.26250728021311864,0.3360358682860508,0.2058623800093804,0.35055475393108393,0.3144491328532465,0.20258323323573638,0.3582593837493503,0.2964902553208455,0.35500467002409886,0.28738316003616643,0.31903975028778736,0.2719578760273153,0.22689181271609363,0.07674762118086134,-2.031097849843819,-1.2859215261021595,-5.9954728601283085,-2.411145030980608,-1.0077428044432928,-2.2062009231687862,-0.8541759691209646,-1.3590849051396832,-0.46521231910478195,-0.19095030000459634,-0.03612900424431008,4.134250307286049,-8.895674374387736,9.661451607306239,0.4688725102323244,0.3561727764729909,0.25686211787956714,4.8549437537003675,-27.738774780623,-2.6607573907269524,-6.450672171962692,-0.048061072258818296,-6538.4686775073305,-62.50000000012692,4.483928009050378,-0.2039135720167835,162.07286367608074,0
2020-07-27,-0.311023622047241,0.4231530727124692,-2.6040829448641665,-0.2014775016789751,-0.2014775016789751,30.4141269575255,5.454545454545454,-0.09736797755946587,0.2205213170606155,0.3287614838347944,-0.23519012517164745,0.510453766890508,0.405556650747537,0.37446829899660705,0.12239986531875616,0.37525895717081653,0.29479858777914053,0.3325792858321433,0.21747204806497594,0.2752791600407457,0.26607649205322764,0.06735171867099053,0.2704552733089758,0.2582407350285669,0.27381988899025717,0.25453326435659107,0.26796895785968117,0.2521580850772922,0.21745872004744018,0.07376796764802487,-0.8094603687185021,-0.5026441814324155,-2.627085011074515,-0.9700259958119748,-0.3909042456628274,-0.8830976596810621,-0.3299012374113054,-0.5322911800735713,-0.17762763485047814,-0.07227015859473115,-0.013614264740152452,0.989620473632527,-16.96178369655624,7.315877152945678,0.711964749537927,0.37525895717081653,0.07792741712624782,-2.2021456804066113,9.327022597895784,-10.351557427052475,-9.112307941295835,-5.3573112341434665,-8.630247546483732,-645.0980392191718,-0.03055958398956175,-0.5344021376085533,-62.29852249832321,0
2020-07-28,-0.09478298645393039,-0.019328900572141375,2.0754249876217052,1.1004671047423027,1.1004671047423027,-33.248548037988265,31.03448275862069,-0.0647675523394496,0.4278479538972338,0.41071815676192003,0.5197455857224741,0.6755705832628878,0.42339402403243337,0.5571030640668585,0.15326071825798965,0.0800830430745366,0.2587970984012965,0.3816813020352961,0.22488363342360765,0.3872675091903304,0.3439431166050463,0.4121870824523944,0.40004373316569986,0.32263654887060633,0.39384721418334234,0.3111187951751177,0.34926747747065473,0.28747513045053297,0.23682210595595402,0.0847331657435036,3.3511662071723967,2.1446405716797194,9.71143466957714,3.9489850875131607,1.689563915960647,3.6281026667153244,1.440532896629061,2.2645177741958253,0.8207469385903535,0.38753405479216696,0.20457680603031908,4.924602349647666,-1.6126173256039404,6.707208887832124,-0.07807232884213616,0.0800830430745366,0.2206285953140918,2.655889145496592,27.09551656920082,0.16189758162420992,4.664010770802117,-3.9521283267308993,101.09427609427306,69.78417266180065,0.7966493933053249,-0.2014775016789751,-646.1985063204506,1
2020-07-29,0.8617622643001125,3.10868808722887,2.9427220178665388,1.8480814408770565,1.8480814408770565,47.348504035324275,-6.578947368421052,-0.09469905768452798,0.6526590349224504,0.16712350947805085,0.4021563766576103,0.8335908217687396,0.5089580078109815,0.7687758722649362,0.2975203427126194,0.16935658677601376,0.2849325376642795,0.43895737638553706,0.22636809735523647,0.5869267424694556,0.48536991675253405,0.8947480523408485,0.6277008213106559,0.4401748879108794,0.6064849540287511,0.4147370792516422,0.4967314903457494,0.3529734415895272,0.2724596521020342,0.10375694109435059,5.20482310114045,3.458698797935232,11.849717931824625,6.010050432124055,2.7606566887889317,5.5829213681578995,2.3701218731135665,3.6391190231376296,1.3727610814087157,0.6549115606548198,0.3476613293156713,11.10810157814354,24.23097508308322,7.808686113205261,-0.25832253298762137,0.16935658677601376,0.548283007395222,33.239595050618796,-8.567506113518364,7.765437974260466,-3.526225054378953,-2.8766656421190415,48.007408735136465,108.05084745756281,-6.075217451621299,1.1004671047423027,67.9360912209932,1
2020-07-30,1.9792279051538253,5.707428657141769,0.9698825931597645,3.7751806858373067,3.7751806858373067,43.12700439502477,7.042253521126761,-0.13408677258504512,0.993947630592402,0.3498542274052665,1.2110428293723177,1.0765080105252725,0.6260735883538794,1.0699283419816912,0.5467629847633372,0.42854051517891556,0.33400843321491347,0.48855099804570756,0.24482293974709998,1.0281503240688161,0.7988896443832063,1.8719216367788098,1.1285414688782813,0.7007452471699673,1.0755287556263802,0.6445238871480038,0.8236260483981659,0.49874260350707306,0.35114956792297036,0.1440560644785032,8.716773450707608,6.293372850346782,12.935906297632346,9.649173169933851,5.1794160643621305,9.169622145147779,4.521603292221278,6.568188659338735,2.729391567430321,1.3389992856163029,0.7215741762261265,22.741550335072557,60.988353972407495,11.660540253056027,-0.824263238716974,0.42854051517891556,1.5296281741109756,14.943013929928245,-4.4986644879130155,3.1980156277299754,-2.779319107145255,-0.5997463134245598,32.16976183048974,-167.10794297347638,2.4049083323013627,1.8480814408770565,104.27566677179085,1
2020-07-31,3.6587240584166216,-0.5214800099329449,1.979466438516007,-2.4412832481292135,-2.4412832481292135,-26.003007576850983,-1.3157894736842104,-0.09915660032193022,0.7997057766981943,0.27998151354938783,0.7915056419947063,0.8870962426926284,0.5690179840861797,0.786311517492589,0.4945279877732641,0.17539690850362993,0.4349825940780101,0.42169408787406354,0.23232422536279876,0.5349589374331567,0.4809827915641826,0.3813492074795125,0.545629121531039,0.44775757937876537,0.5410511764785726,0.42695308751668304,0.4885514243343447,0.36942925137324095,0.28627605588431576,0.11464931933142503,-9.422692732195573,-6.163611533895536,-22.706943482045013,-10.977046917174992,-4.878178336172268,-10.147781521361278,-4.1545261948789,-6.495812046188193,-2.283231586211465,-0.9390302008349803,-0.1783081189454073,4.602356271903478,-7.503744865739345,9.65924312927072,-0.24218156362506696,0.17539690850362993,0.5338972632229324,-52.22181417554168,-23.894126178390117,-12.03397649762086,-1.28397084358635,-2.553451297861294,-27.23192877092382,-194.08194233695616,-15.57246650844372,3.7751806858373067,-164.6666597253941,-1
2020-08-01,-2.3617084383805507,-2.5640111261678817,-0.1525378484536678,2.3542813745965407,2.3542813745965407,2.124655665554289,0.0,-0.10115357364396946,0.9031024524902511,0.28512802076019395,1.300876727907049,0.8766829765412429,0.5248749817859524,1.004254132087311,0.5552357002025783,0.49511618042894084,0.4228025060088517,0.43264010316734797,0.2085555352057791,0.7859253232556596,0.6594345841543673,1.0439900487718672,0.8321882973963859,0.5968505937333763,0.808447812597567,0.5589620193913066,0.6744468465392398,0.45428572922768495,0.3330130634548079,0.13947347758217382,5.4416520899787955,3.882508659267716,11.259494608545483,6.110568284317712,3.1980912996487776,5.758349928754058,2.7962380974119205,4.052932994155746,1.6996082966307102,0.8400552523006916,0.45517081164444956,10.199385363154528,11.317779892943477,9.805333959208856,-0.3183688702044973,0.49511618042894084,1.188119778873859,7.225211375864761,20.966478171109785,-4.5040033310734175,0.40279257919194533,-1.241855591600837,7.121153886261809,-300.32258064502497,0.27082988432507654,-2.4412832481292135,-196.43622371147066,1
2020-08-02,2.5631289158914066,3.374446437067656,-3.1394416224267516,-4.607679465776294,-4.607679465776294,33.19551909887488,6.666666666666667,-0.1349657264648655,0.5802350091940551,0.23283131266520113,0.13122364149395027,0.21985636482555268,0.35389796635887,0.4328913358690265,0.3955259252457487,0.24143766427563224,0.3207086759488979,0.36902672267086656,0.15438887271261748,0.030326752686355214,0.14923727999953534,-0.8788286211621236,-0.0427036300830109,0.18273821223097642,-0.0025150070744233907,0.19876411656205542,0.1393708664777955,0.23378321615797193,0.21910374917611933,0.08569211635040128,-15.695682804824948,-10.729361790398602,-32.90867768217295,-17.922953251067145,-8.64539341439865,-16.744956480401118,-7.438303849326826,-11.25582325207485,-4.197126641491197,-1.7579157874142821,-0.3377059579090396,-8.234098889983917,-45.02924105288957,4.908747417204911,0.22223442172425667,0.24143766427563224,0.25755324984633704,-40.50179211469555,-80.99811232894555,-30.7666182204349,-19.907342175466276,-6.922494598149474,-44.6207533418603,-123.42995169085005,-13.463576772787034,2.3542813745965407,-295.7149011793849,-1
2020-08-03,-4.846353202517602,-5.972738537794304,0.6584913844091203,1.1317232528293202,1.1317232528293202,-48.92379352452799,-6.25,-0.06912553108261349,0.48296927167233783,0.28498863279652353,-0.006060192865641484,0.1434493097309628,0.1319940318414398,0.2899408460892343,0.40365210326819345,0.38592857328154084,0.2895138113867734,0.3799300285536133,0.16750182764842297,0.17746901369517604,0.23988514155973312,-0.2205286398278934,0.1375528819890022,0.25463617367165325,0.15949457843472856,0.2606863374091855,0.23513020705554205,0.27100875695980303,0.2391311253319111,0.09698707369574226,3.148948733590118,2.076787054778371,9.137197104504422,3.6789738593256476,1.6613253243851342,3.3939114636589016,1.429317044427272,2.1847376608566815,0.8341564101414182,0.401106116450119,0.21453794087522277,-4.506849567905204,-42.869373384506176,2.673178574202594,0.4781534412230029,0.38592857328154084,0.308559651509131,-39.397590361445175,82.67045454545588,-23.779855272422278,-18.637288571402248,-12.311159827669456,-12.450469484953135,-167.35395188986985,-4.425337234006508,-4.607679465776294,-124.56167494365107,1
2020-08-04,1.175051554414226,-0.6852925672113794,1.045910372923848,-0.7537301953545807,-0.7537301953545807,-22.158208263924635,-4.0,-0.05378222269691739,0.21466905187834834,0.32970806229164196,-0.8984780418330183,0.29842464051929724,0.09698517293132708,0.07391489653408935,0.418373047291051,0.40710606822603373,0.28761823082178223,0.35132096061655793,0.13605463439731683,0.051879411731280495,0.1473948095738103,-0.39747685101550145,-0.0006035388694854858,0.17757093898472298,0.027787418241636518,0.19277270574260563,0.13885429012477943,0.22816190212451107,0.21714883117856806,0.08770614076802224,-2.662788175736292,-1.7784127056798433,-6.406507415190832,-3.077319663771798,-1.420515247434275,-2.8564676520257004,-1.2162510367812143,-1.8699492799298505,-0.6776406046691461,-0.2810283757988777,-0.053755955553808285,-7.420753122021965,-82.94082345054909,0.4441493472667186,0.814481532723205,0.40710606822603373,0.06477444300164088,-28.62823061630303,-30.482115085537327,-49.35815386757806,-24.49015068225344,-20.710248224474228,-51.61350599097041,-311.2244897963706,-9.616260693714334,1.1317232528293202,-166.60022169467862,0
2020-08-05,-0.6422335884320926,0.07582650894752496,-0.635782128319432,1.6041537507749715,1.6041537507749715,8.330323278091916,4.166666666666666,-0.05816145579046969,0.18321252930156748,0.46551994720831125,-0.08638153116995198,0.23191780910044968,0.20650704147617813,0.398786070185136,0.3539287019768343,0.5305764475531262,0.31435088614921863,0.36473142784572404,0.14547920851283322,0.2595468977292331,0.2817765559402618,0.26440817103938397,0.24627400266683347,0.28558513453110473,0.2533579598795287,0.28636987499075,0.280244923913957,0.28513187218510716,0.24756010238223183,0.10411080149406984,4.67964483339587,3.0465672836321898,14.462297118776114,5.5029841436119264,2.4248795020450267,5.058841105123037,2.0802789001980595,3.209087294102723,1.2046810019982475,0.5756268227956942,0.3070853130020187,-1.5252195145066008,-90.20569935277585,0.04330896590460786,1.1056724470677526,0.5305764475531262,0.043682697259455706,153.20334261838667,92.61744966443143,35.29819694868298,-13.891371943341749,-19.3977121175074,-13.037968423524179,-149.516908212458,0.9358850250456309,-0.7537301953545807,-312.8286435466909,1
2020-08-06,1.3314754605976178,-0.1856341869980185,0.24579610627754314,-0.7817862863244615,-0.7817862863244615,-6.088357454098038,5.333333333333334,-0.05460868086689993,0.31326745692573044,0.46580957704491793,-0.7176630809016034,0.18228088585941743,0.08460508701471327,0.1530666729949989,0.3455018950094149,0.4897684283494179,0.20340010421216345,0.32236847019310966,0.1648595565778845,0.11836615545128745,0.18237225210191502,-0.08616260061327023,0.08597381375149993,0.2037061648954894,0.10323793112005468,0.2146032148917248,0.17641378730018756,0.2403774298596573,0.22468538328048243,0.09438371748446474,-2.9271528102302207,-1.9263112510659073,-7.6647666552004345,-3.408629875951334,-1.5300398273222746,-3.151021507757565,-1.305913404556805,-2.028422330545533,-0.7215357868796526,-0.29716812467277287,-0.05669110436305958,-5.31700578233604,-2480.700398702237,-1.0306103772680317,1.337324886593079,0.4897684283494179,-0.235415787535198,-16.941694169417033,-23.809523809523817,0.6663249615581035,-28.79226667645097,-22.3258230436547,84.30636074140193,121.9512195123622,-4.25900088033102,1.6041537507749715,-148.7351219262363,0
2020-08-07,-0.47746371275783084,0.17079743424298743,-1.9109519732233144,-1.748856516892803,-1.748856516892803,5.330288105878657,-2.5316455696202533,-0.057637431337899794,0.016798623063682964,0.38066121152172305,-0.11636509355445876,0.07976295347160987,0.16356404525985768,0.0334691846551155,0.055243641682073096,0.3527488937402915,0.09429605889379239,0.24149215347583586,0.15469736549942809,-0.13251007467037737,0.003609987743278596,-0.6394380021958375,-0.19764141436150293,0.055396517509040615,-0.1629842117826239,0.08399503513139148,-0.010012849258996624,0.15778511931545944,0.18126863655448786,0.07432223475269184,-6.50790277439148,-4.287045617662109,-16.953489711995037,-7.575101724964363,-3.4064257277195837,-7.004175744250592,-2.9080090982332476,-4.513834891898943,-1.6072326965845447,-0.6617555822908788,-0.12629602191915604,-12.487161991524093,209.83840093605636,-3.226479141662698,1.2289484824894978,0.3527488937402915,-0.40876141877076844,-97.08609271523164,16.47871478714838,16.145639969638502,13.927014836218344,-12.1833097218456,-94.47595621393482,-240.2197802199276,5.197649310997972,-0.7817862863244615,123.70007602908728,-1
2020-08-08,-1.949721742467862,0.14019399818126266,0.9046542078323971,2.4958923401924715,2.4958923401924715,-4.472340113359896,0.0,-0.054853869864255396,0.20678109839036718,0.45498656315319785,0.15121939928865283,0.3002330166696687,0.2585280687617558,0.26263038991879073,0.13558334602219893,0.4993379914778885,0.23802271476781595,0.28521271678218985,0.16679734233866986,0.214921063903255,0.23026289963830265,0.3922204343259399,0.2122349412489795,0.23742509805718598,0.21313476119536276,0.2414948948035384,0.22841774901889203,0.2530145260007409,0.23120793184905433,0.10019799325896328,8.187291883093803,5.128497853266897,29.270964708317866,9.801989325394942,4.017756504697029,8.925311784385665,3.415255732474462,5.423836999136088,1.9288481224842942,0.9038938238140507,0.4778310812364802,-1.1865435062676226,-13.831507541856247,-2.872902020292337,1.688857165277343,0.4993379914778885,-0.5514806846348104,754.5454545454116,206.93720548741803,65.06983821966976,50.49711172622585,8.754536823511746,1022.4786964257303,-104.70219435732157,1.3511224130206603,-1.748856516892803,-242.71567255997329,1
2020-08-09,2.336869299722082,0.30648151651595296,1.8127482206755658,-0.1145038167939017,-0.1145038167939017,-4.76315770069067,2.5974025974025974,-0.052113258883707145,0.23548031664821284,0.4694600188007123,0.278871264704302,0.20104543626859755,0.3196629230586486,0.2681440181440259,0.17123310312728707,0.3689993879157106,0.1999769474377384,0.21356257400845283,0.14704504159999632,0.1703854594135951,0.1982004290080937,0.2219925431349711,0.16138191409274333,0.21058444841725157,0.16573197017868363,0.217724920551065,0.19505147304976148,0.23771088760477874,0.22358047694473462,0.09784888369597391,-0.4467051231663426,-0.2909952580711242,-1.2368961904243276,-0.5229300819682099,-0.23023108390389335,-0.48202999669507784,-0.19606950843039425,-0.30673010126675865,-0.10765913922320178,-0.04407654444587291,-0.008395043152987695,-2.6101465602266187,-4.439345455349219,-2.8265685191082563,1.1411717935113521,0.3689993879157106,-0.3285029359052631,-538.2978723404249,-9.019944301151629,39.245748277637944,33.2471306589396,33.33334927961373,15.966058215556666,-4566.66666670861,18.58673062754933,2.4958923401924715,-104.58769054057309,0
2020-08-10,0.29452264381883875,5.360241418332699,1.1741078325351275,5.120366832250686,5.120366832250686,129.82762264048327,-1.2658227848101267,-0.11838686219412774,0.6162382056722369,0.5989219774225417,0.9894677001790129,0.4770822186552279,0.5690077415399796,0.5802104072664482,0.270072626568498,0.4793488908765021,0.3060032627477018,0.2918815710306048,0.19917172173037045,0.8376800513387824,0.6545214267826056,1.8620172659067538,0.9310634487199303,0.5838252834027737,0.8805636598040721,0.5439883152155264,0.6728041628085243,0.4403125897964536,0.3312540645538828,0.1526850078774382,13.77278148436748,9.345951070443197,32.540109146308346,15.854884584424564,7.553228934583597,14.743945869740372,6.533413458262107,9.804665787623605,3.8582178340845417,1.8652386997263168,1.0032939528303721,21.057144044384586,-147.93725607033673,1.3943928585818204,-0.1694450824294537,0.4793488908765021,1.0740451242710776,-242.59708737864082,14.301608505915594,31.94297286571382,23.34149686773158,32.667548226369945,119.08383349836838,-191.71641791040756,10.91760914684996,-0.1145038167939017,-4571.787033498723,1
2020-08-11,4.9159070973647285,-0.21123482868496135,-1.183386776607094,-4.467466375863339,-4.467466375863339,-26.639924583809595,7.6923076923076925,-0.08718022602993607,0.20188425302825275,0.22920940218069757,0.20082307031086735,-0.22599765444229242,0.41325181957541635,0.07876967045582507,0.23551249308864922,0.13891832527311473,0.028630361977592715,0.2564845021287785,0.17212665395365953,0.09213234546879603,0.15860752708303796,-0.32494507652091925,0.05838187992982852,0.1825078059196067,0.07654644341108253,0.195303733168094,0.15217345858404827,0.2271795525055493,0.22070015522958975,0.09973991303582973,-14.754062298272498,-10.326329341907012,-30.496352249789943,-16.71159997053666,-8.416414694417542,-15.676777780155824,-7.291496530121296,-10.80299962144806,-4.190764597661905,-1.7740112739336282,-0.3448671114216082,-5.91928873000035,-110.82059460760796,-0.14880664917538924,0.16915883469370535,0.13891832527311473,0.11154035032699705,-157.36170212765956,-53.272648461205144,-17.42792416372085,5.8004263716594195,18.58215959035752,-70.61054156375067,-801.7087062654374,-8.332419447006446,5.120366832250686,-187.24895153458462,-1
2020-08-12,-4.496546710287175,25.394661308840398,-2.1440160704628113,32.81458087591796,32.81458087591796,554.1452083541476,-10.714285714285714,-0.5380791820322554,2.4180019196102336,1.7137638435257434,7.092914677011721,2.7225623218977195,1.709161556711875,2.3147078014225606,1.365757431288571,1.9283052194308168,0.6965529129268768,0.6383386247183785,0.36347654704555016,4.481229663883577,3.174344023670037,10.64953936318762,5.1139692479023084,2.6547424630534486,4.774871905157689,2.359253617333321,3.3077804456337923,1.576084335954974,0.9364785571391074,0.4575336094411532,44.03575455499146,35.17544586909345,69.92689868801205,47.561022440275984,30.79039918098669,45.71885301018899,28.000912952721812,36.20857588534177,19.249374032281814,10.672283384860346,6.2882106754838585,131.2268267011865,-17525.9993897869,25.96969040335424,-9.504882073542115,1.9283052194308168,12.285196563672296,-1463.7982195845677,151.877343098587,12.897446840267987,23.877456530988365,17.42464967754699,522.0847232272046,-104.10482374767747,48.04946410772711,-4.467466375863339,-834.5232871411714,1
2020-08-13,33.02630076504396,7.436337625178818,26.552445619991328,-1.0141813493768805,-1.0141813493768805,4.158871069247164,0.0,-0.5380938987495698,2.006233473860833,1.743125220865617,5.919924007202398,2.349179055318263,1.5938697544415297,2.3495633175284807,1.3579802230606612,1.7083433222653182,0.6653009260549302,0.5862153259756485,0.34845646545192793,3.5442350859458385,2.676416710795879,6.013244027292424,3.918900556671767,2.2951169807990883,3.7217305696904917,2.0688755210002685,2.770960843296467,1.4358900971824742,0.8801119774818378,0.4362534527997149,-2.2606312167758684,-1.8219023120955566,-3.423839084000195,-2.427834820293908,-1.5946391185322915,-2.341010748849521,-1.4457736466207785,-1.8743917269752035,-0.956846928311509,-0.46090395528920974,-0.09785300947619716,40.887221739987744,52.37563850964377,31.413494344854737,-3.8675227287266174,1.7083433222653182,5.779118155794618,-7.016971279373421,-24.182876750248074,-4.071723953481363,-1.5462065886080927,8.619631179474752,-11.74849066497084,412.71186440710824,-7.201264574089763,32.81458087591796,-103.09064239830401,-1
2020-08-14,-1.0872675250357806,-7.576766358624731,-0.3524971145147768,-5.253104106972294,-5.253104106972294,-71.27469394473496,4.0,-0.15657525867948538,1.6659162539396624,1.2821103518670993,4.3944129516722334,2.1221177060702296,1.3222431455805492,1.6152646843513998,1.1474020470695627,1.3524423583387601,0.5852116023598314,0.5304772415867063,0.2974584937946807,2.1102808536040576,1.7676466358048648,1.8317642272547525,2.2151494845397433,1.5791805670851973,2.163582246877924,1.4576525370679945,1.811020066594701,1.0826028107620604,0.7062134861143671,0.35517661153968316,-11.046605321970773,-8.913641823053824,-17.399958885737803,-11.882715868820869,-7.825913434871599,-11.446371092699618,-7.114768574859161,-9.165839187806188,-4.765519209920852,-2.3311029793874773,-0.5016829609642608,12.728006871429843,0.8315350760305046,24.103086769626938,-0.7658589633682927,1.3524423583387601,2.757915911161621,-18.94231894231886,-19.685466377440306,9.832221886045522,-3.5862244678749375,5.085660105374261,-20.90737640442303,-185.6749311295066,-2.745858351046659,-1.0141813493768805,417.9649685137482,-1
2020-08-15,-5.322533989007795,5.232826187183028,-1.3774104683195465,4.75012218963832,4.75012218963832,86.05313388345492,1.282051282051282,-0.2869974051813512,1.8779727315082602,1.547051032388019,4.347268612605211,2.4520218010095514,1.43802706131563,2.35867344553849,1.3584576595704212,1.6440513468475877,0.6301661990614221,0.5889005773018495,0.3224547231281606,2.5095422283415787,2.0858752484872256,2.8395474395234994,2.6516300237205095,1.8597099599584728,2.580039477293409,1.7143213617953987,2.1382363315109156,1.2641661581090071,0.8140876926202056,0.4143072140248615,4.301280219607949,3.7154196874830667,6.896105551033783,4.551257811952576,3.421882773250376,4.418564354833735,3.225707831410042,3.783079454181179,2.5216730182854903,1.6164680591639873,1.0551692192294304,14.44774795093502,6.436044793595978,20.671824447349714,-1.0833801593122094,1.6440513468475877,3.3916215085157764,16.46939953810617,20.99932478055367,-11.119498727526393,-3.1230128746727908,-2.740993283430212,8.779507715732732,-65.27331189709398,-2.7441611623818534,-5.253104106972294,-190.4250533191152,1
2020-08-16,4.686831652917793,0.4162102957283853,6.986414423565243,1.57475722492782,1.57475722492782,-47.251279732245656,3.79746835443038,-0.14934541696017817,2.291127471920017,1.6399572005286256,5.253004349856362,2.6058979994397107,1.386090706387041,2.3712112868260156,1.4090776470236246,1.723932923533704,0.817039684561424,0.6060224643928107,0.3111088974664707,2.3650709706998794,2.0299159308304437,2.394668919787206,2.462419759177269,1.8337851812533674,2.4147554413629106,1.7031167295257537,2.0738988275994097,1.2800715169382453,0.835171333355837,0.4305943297174901,1.3469800830922285,1.1750510247660975,2.1447894340310736,1.421864006534162,1.0899256930014056,1.3819924544147035,1.0329398845543003,1.1947132810725944,0.8247261001293077,0.5431417262612098,0.3623010723993771,10.79637586938696,1.241874665958959,17.343354750788762,-0.5516511339844713,1.723932923533704,3.118879486661101,9.232866526211415,6.026785714285696,1.0943912448700264,10.973664503256257,1.260268504037543,29.22458306054066,-197.40740740730087,-1.2958765863804325,4.75012218963832,-66.8480691220342,1
2020-08-17,1.6547980387578949,-3.629472076788827,0.33822874944371156,-1.5101490051965165,-1.5101490051965165,12.052055096621778,1.2195121951219512,-0.16792205082773243,2.039116849428125,1.5329742888189468,-0.35023407310555643,2.275132572985495,1.2203375639299368,2.2296921413651294,1.2962997116738382,1.5523247679482886,0.7655414130234166,0.5755868067611023,0.28228222107696577,1.7707787050685504,1.6440639739804686,1.032182521875857,1.770472657834672,1.5303304902017896,1.774732940611356,1.445471593885188,1.6666767859247928,1.1367686651308453,0.7696887947020801,0.4030453443774067,-3.3411482098487633,-2.608091082485128,-6.499963074837082,-3.6621693312771924,-2.2674874248080883,-3.4917999735274563,-2.0526642568341527,-2.689677883311481,-1.3683875107074277,-0.673019003706087,-0.14651311344340515,4.6965628048900365,-9.887457562131045,13.318639085397036,0.3483981408185418,1.5523247679482886,2.264069235880515,-0.8055366462445899,-40.40726481215445,-6.741504570480101,-13.756832848460823,-2.3922818070794953,-10.154111708550348,304.9429657796388,-2.832391169283081,1.57475722492782,-195.89725840221112,-1
2020-08-18,-1.5589561023226488,-0.9224413570640525,-7.625890771459844,-6.2090074333187575,-6.2090074333187575,-7.209624329723363,-1.2048192771084338,-0.15822225898235873,1.5327801169506414,1.1077867306016407,-1.3918014925547835,1.6947426649677046,1.0053077824498597,1.528051932717439,1.0356153608995777,1.0748131328457156,0.6403476722496704,0.5750895277102953,0.23990988244499473,0.5864742769185395,0.8146745660992941,-1.4308665977641677,0.425399967085232,0.8490348268519221,0.5148677733010295,0.8496040138991436,0.7997974974356632,0.7693709949049572,0.5792483460968817,0.3109752876390874,-12.660822528338489,-9.961985578024162,-24.003710628135448,-13.841757003467489,-8.70513505204519,-13.21514261012567,-7.90980221542236,-10.262589622910356,-5.34964985669305,-2.678858381743997,-0.5927268205842098,-4.580409795778158,-31.458604732076502,8.055851299935483,1.2465637877314462,1.0748131328457156,0.9751786074384011,-31.65961340500972,-62.85203343640667,-28.42689123100115,-17.466461478273228,-6.850593237275297,-30.769608999058267,49.81220657277691,-3.450480577105633,-1.5101490051965165,311.1519732127879,-1
2020-08-19,-6.159589360709294,-7.628159360274169,-7.6568501920614445,-9.917637917637936,-9.917637917637936,-9.874939444403878,-2.4390243902439024,-0.14643575364705405,0.6548810212539906,0.4907716112071328,-2.2288491012130605,0.92607376656555,0.4754027205647516,0.7501251472692546,0.5662009394634628,0.3433609690026135,0.4566646285539597,0.47331207219709304,-0.07299134672914354,-0.8671527829403246,-0.2398328218217898,-4.177658928988206,-1.202909084153686,-0.032425384667996354,-1.0212945873572365,0.07008713121032796,-0.2978494646389316,0.271877430567278,0.3121334308161553,0.1778037131655377,-16.889870002101684,-13.520955353264478,-30.144468492352637,-18.34381333355814,-11.92759745900051,-17.573911309886046,-10.909048246486934,-13.899498849873412,-7.556957194783729,-3.8954900399927475,-0.8845233773929623,-15.820715970879723,-75.09829293163229,1.8564885366595525,0.734289064925353,0.3433609690026135,0.11596958681163635,-52.90376569037662,-89.90146867447531,-53.79646613935396,-21.387915956684434,-17.109711491327637,-61.94289212065362,-141.33500470073332,-26.687895774503428,-6.2090074333187575,59.729844490407935,-1
2020-08-20,-9.942192938836392,-5.9176354192431235,-1.8372157515252447,4.55078664090533,4.55078664090533,-25.6507596881608,-6.25,-0.1090933600470559,1.009615611116628,0.5437524340686148,-2.423049348061237,1.100179922185653,0.6593988792664225,1.1897084323502398,0.6294326982462073,0.6823086380480151,0.5776129339039413,0.5029312527057126,-0.006216567064924731,-0.18583460269207322,0.18520794785773018,-1.5218720399653773,-0.3770019429756887,0.30569531521966925,-0.27456402852765555,0.36210024906002564,0.15082012584635998,0.45082466303668356,0.4089950738640674,0.22900027773210377,6.808196430732552,4.9059997428309545,21.89922155978208,7.810370344881437,4.174148612292008,7.26456994265599,3.7519419816237924,5.094129425817825,2.5568081378221064,1.4640992087552156,0.900905435950197,-10.502092981257032,-143.64141782894703,-0.7954308369255605,1.3656139816018442,0.6823086380480151,0.28239528782784656,-0.746268656716564,1266.9605261305512,-34.57776813527071,-22.91080498340877,-20.202302612353375,47.89754445018578,-154.4351781652426,6.397234592027826,-9.917637917637936,-145.88579134162617,1
2020-08-21,4.576043068640637,12.188629641800834,4.424747510417393,-2.369402369402335,-2.369402369402335,98.43218276707552,8.0,-0.21261855943566838,0.9381908750851292,0.531168996727989,-3.266541301884243,0.9057346396422796,0.5765345576595229,0.8394462878370805,0.47781740133813183,0.4491710829463604,0.5082577704284539,0.43198000150433014,-0.014182425276746097,-0.4734536428035124,-0.05132262164189205,-1.7956503786517217,-0.6771452432571702,0.09999111098968219,-0.5688830703306559,0.1766549936226458,-0.09263488775838292,0.32806666880764385,0.3428841843164947,0.19726784310918904,-3.900699979151284,-3.0578280312699286,-7.831297441582649,-4.284585074201414,-2.679482479319635,-4.079758454532452,-2.443117599647911,-3.149472717464964,-1.6855472714146076,-0.8721517132288603,-0.19988364215011173,-13.59471208363292,308.2253796839586,-3.273186488844869,0.9691419546378224,0.4491710829463604,0.14156419396668937,18.295739348371555,-24.07445704667341,1.938349689466759,-35.79896112675694,-25.539217170166673,-7.164462183423757,-345.12534818955413,-12.315396837797035,4.55078664090533,-152.06577579587386,-1
2020-08-22,-2.3001023001022878,-7.911772459650241,-2.999560380102124,5.9489606219367595,5.9489606219367595,-57.601579082629996,-3.7037037037037033,-0.09055630255238603,1.18869663861081,0.7136958062649222,-1.9053504299912916,1.0079982757578287,0.8162350671116191,1.2726651206141977,0.7634715151400642,0.9575739645976556,0.6443207800789568,0.5016179706673997,0.032341379888795506,0.3563900299678443,0.4913566878110677,0.6914806627497666,0.3040312886145544,0.5386579335665748,0.3302736984535344,0.5585841775166889,0.47768685246874054,0.5661530800468516,0.4726729233290284,0.2657098432574096,8.617365534415464,6.228399255906836,25.997526281309863,9.870107760535896,5.310514709143784,9.188757982800233,4.782044393972675,6.464663069023452,3.2878269591865585,1.9104383095918067,1.194029577258274,-4.214055192042053,1.5348913247766593,-3.4358894123217056,2.029781972088418,0.9575739645976556,0.3180300320041022,-207.74818401937017,150.54063600200635,99.81870592908415,-1.0612437225701083,-22.52311933095712,22.17986698247005,-126.81818181816107,6.279401930415542,-2.369402369402335,-351.07430881135195,1
2020-08-23,5.785989326487871,0.04453209491697985,5.347929159113109,-1.5058223002073592,-1.5058223002073592,-31.861086859461313,-2.564102564102564,-0.06140322235188067,1.0738129378133532,0.8329324711298602,-0.8543755577720772,1.194924692681591,0.7098041616644666,0.8166546058542841,0.6298813754676993,0.8199937687883593,0.5885225392167388,0.49333197597475775,0.0012733808368721195,0.10236363826312711,0.30091742515566705,-0.05101338059502007,0.020950408210021084,0.3770725905771169,0.06279354450852404,0.414669101723101,0.2802493892443366,0.4736920620344847,0.4243712975860853,0.24343470969118078,-2.6006702249915503,-2.0045338274476565,-5.682933494084009,-2.8823710743333666,-1.7471848384202897,-2.7313228465335717,-1.5893089195721615,-2.067802455674511,-1.0940913865817978,-0.5692400268481067,-0.13189261145168443,-7.176978143705128,14.599559354662716,-4.077616520745583,1.96091735182225,0.8199937687883593,0.12785072686538715,3.3146067415729252,-2.8906195951489537,23.1396159247057,25.18115781667008,-8.995795295617919,-10.170767068355788,-76.6949152542834,1.022320780250714,5.9489606219367595,-125.31235951797446,-1
2020-08-24,-1.4240556850474104,-0.645427953707231,-0.049639287841698965,-0.35629838370097644,-0.35629838370097644,15.874664510932385,2.631578947368421,-0.0711516507904467,0.7348506240470186,0.7618568880891596,1.1774439076047334,-1.0650991041030209,0.6278851859536526,1.0795707730660828,0.6191806168735328,0.8276901181650845,0.6005425550342453,0.4927741185194285,-0.02404285066194007,0.040802215380410255,0.23937803928712004,-0.15267117117208312,-0.0371547293669602,0.3201979325199283,0.002697842594897027,0.36195090607570607,0.21801627848787988,0.4373838075658733,0.4056788792181107,0.23602529479736728,-0.6451906864120557,-0.4870204436780215,-1.564431528767361,-0.7224598085377204,-0.42106334809509605,-0.6808343669102911,-0.3812768327863107,-0.5034508179721607,-0.2594038496859115,-0.1338092004440646,-0.030881833474107605,-7.847753877312556,10.644114288248204,-4.703430544369177,2.2483885220822613,0.8276901181650845,-0.049957205710062694,-46.35671560630766,-4.305283757338654,22.36696291788654,30.358281305399643,19.03774970520862,-27.336441224606496,2622.7272727340737,1.067334827632063,-1.5058223002073592,-76.33861687053532,0
2020-08-25,-0.37249376477829815,-1.481647412717212,-9.889746051716696,-9.735721483600422,-9.735721483600422,63.25885888443682,-3.8461538461538463,-0.11858989147543549,0.33346190416388044,0.31139927901535963,-1.658282581818424,-1.7629996205249052,0.10165244320464731,-1.7007151248549082,0.28429323312624116,0.2561260683654817,0.3103026540890261,0.3601978366356081,-0.08991252687659348,-1.2661900342806771,-0.6891048036964966,-3.3372526580217747,-1.526191693750224,-0.4544035752458486,-1.3887301069788895,-0.32357916315207874,-0.7495500629826986,-0.004125921177899523,0.1646951707321208,0.1135571448999724,-15.840184298886427,-12.197272503599844,-33.82490167341371,-17.566447957986174,-10.638763764916252,-16.641107647191376,-9.68792602246966,-12.582042467115928,-6.719999922613049,-3.5490963679853347,-0.8379512842981395,-27.02845477931649,67.90235805759907,-8.286941322976105,0.9979508064162862,0.2561260683654817,-0.2126796926179162,230.61327927014662,-81.01705969875475,-28.39608964240867,-9.131244380133937,12.432442454191287,-57.380262934915436,-130.18363939901107,-3.7886854522699243,-0.35629838370097644,2632.462994210772,-1
2020-08-26,-9.795825476298845,-5.733125446631594,1.1904761904761698,3.255545952175185,3.255545952175185,-8.811675737383736,1.3333333333333335,-0.10815101392963793,-1.3931137758009913,0.38804074269417277,-0.6073143799805794,-1.0752489026587642,0.30661565589774525,-1.4251775714527977,0.3937644341801449,0.4387305731589382,0.3870652146686934,0.3869489212156402,-0.056588913629018314,-0.7135481770689356,-0.3553832762978168,-1.2913960646030966,-0.8532478174485661,-0.1952731444910888,-0.7813233174550367,-0.10353715840781387,-0.39547860411456986,0.12357512571773849,0.23088161279912445,0.1483491590862639,5.744114602857438,3.861999531491394,22.762550846743537,6.79875322515698,3.192808494469822,6.220055600150564,2.8227963279542245,4.039475103795328,1.839554733576861,1.0175315755983,0.6162427221006287,-22.210603011712763,11.393259127705155,-10.065190448147387,1.6439099642947281,0.4387305731589382,-0.3321383300241229,-5.5802544841331825,331.0827824992161,-10.142561186529642,10.394876176526838,8.820821762292818,-695.138825830154,-297.2345132742416,7.043340925109874,-9.735721483600422,-133.43918535117373,1
2020-08-27,3.272661740854205,-1.1267702698046156,-5.413943355119823,-6.218610491071451,-6.218610491071451,5.311966617440414,-1.3157894736842104,-0.11510457731195303,-1.736698233382128,0.1375769728963948,-2.982177873257468,-1.9797001832064984,-0.008632766055947157,-1.4379129972874303,0.1551626965413334,0.21832480544909516,0.1279860976569174,0.31637843743871996,-0.20218372256726735,-1.4132680522283,-0.8693937103346889,-2.890825995410439,-1.639618075931864,-0.6305342691196634,-1.521378055678893,-0.4921289823487906,-0.9291438846483662,-0.1326587582299385,0.0886066931134322,0.07565883113626037,-9.336368516495165,-7.126564124471047,-20.52908517607826,-10.399601832332548,-6.199887461476542,-9.828691150503479,-5.64057074706047,-7.357228233400255,-3.918071644363131,-2.0877497384358104,-0.5000641082426858,-43.663506624387175,23.097905093210088,-13.776688522554497,1.0521073995451424,0.21832480544909516,-0.32556119060599564,20.40915733073566,-54.76871823346015,-31.3652928326154,-17.096577221823324,-5.781888124903534,14.062611186472228,-143.24172742570977,-11.625571211872131,3.255545952175185,-291.0159027832643,-1
2020-08-28,-6.149443339266382,-2.9169861295044295,2.0768551575876226,2.8673435233738735,2.8673435233738735,-48.39055586179284,-1.3333333333333335,-0.0592445494683597,-1.1708802362059634,0.3305503868763045,-2.2163970613596975,-1.9566540152199237,0.2546885853206668,-1.6545071659547026,0.18926017416989102,0.23968335530431015,0.18205911497575225,0.3461008300435629,-0.14707080195072245,-0.8957017589134815,-0.5594829391816181,-1.0857121158473129,-1.0098098763193097,-0.3919833835069787,-0.952532586997263,-0.29093160795286555,-0.5997882986095602,-0.018840385665716934,0.14604243970159866,0.10552634686683186,5.276417333775398,3.4864682315547513,20.820562393141156,6.285087704131572,2.8583144886253886,5.731520115965195,2.514067384037207,3.654050367025768,1.6129202178056412,0.8784070024769928,0.5262073028716369,-46.39338136161234,0.9571743044455041,-16.130852790006927,1.0391927759933952,0.23968335530431015,-0.2890542666217632,-39.11812297734626,99.27273351648353,39.74157490980109,-8.979892082574509,-5.530467903290118,-30.066948917758157,89.88326848245693,26.408376943958583,-6.218610491071451,-146.10907094906085,1
2020-08-29,2.7667249265553586,7.046702803604118,3.617901466716802,5.292841648590022,5.292841648590022,76.8199265039189,6.756756756756757,-0.10302810295952343,-1.2059919149293816,0.45917301746082634,-1.156244709069378,-1.4418822114983214,0.40709280933184167,-1.4479148959921952,0.24415209873372756,0.48378881651892125,0.3108548251633559,0.44243530258391667,-0.15555321731564306,-0.11903692952750916,-0.05738704796678902,0.9937972261382276,-0.09457383379896742,0.008400636339506879,-0.11181740634195671,0.05407058706687613,-0.07075567563052736,0.18849919277523244,0.25531618081295904,0.16255522833900582,9.013557933659834,6.111976241146447,29.10218662833665,10.58750458616873,5.0608590941146465,9.729120370442452,4.477656116775191,6.3895347357074055,2.925840765962453,1.6266807108452501,0.9926453178143446,-14.149791874941101,-16.606030166686093,-16.03946022709984,1.8806930391992847,0.48378881651892125,-0.45232852494476006,-103.10077519379854,109.5316044813817,37.75346495324969,17.506163602373725,-4.385810482628227,2.2885560241172396,-61.68032786884008,-7.281000155608646,2.8673435233738735,84.5904268339001,1
2020-08-30,5.48217839696036,1.4386317907444746,5.691056910569118,1.9262463947260193,1.9262463947260193,-26.180116037819513,-5.063291139240507,-0.07528090691325684,-1.2157523323969812,0.5494582794687026,1.3681813964443175,-0.7031097783086347,0.503814016347639,-1.1893545048732546,0.3830598362333554,0.3544937584650282,0.3078493937460144,0.36519840493875755,-0.13480553258941097,0.1515549755323707,0.12190780835517985,1.3107305946154497,0.214702913686972,0.15061244965928305,0.17737902710838066,0.17580259828190203,0.11815567092911042,0.2597874036175075,0.29257493539813123,0.18293823273708384,3.03372308188432,2.126855800218988,7.851359527126365,3.5009678229093337,1.783702797311264,3.248275089303075,1.5899651749783656,2.216173082059321,1.0624667843351445,0.6049544740603905,0.37636568605655746,10.405228105434574,-22.569308391565716,-14.792026132390074,1.131159272425372,0.3544937584650282,-0.1781765222151051,-541.4285714285495,33.362229965156956,63.732155568725865,51.10813564847899,20.678476008110238,-0.518244525078159,3757.754010693242,0.43293159095582406,5.292841648590022,-63.606574263577976,1
2020-08-31,1.7701543739279675,84.17137756620053,1.8440934065934043,72.90550783223846,72.90550783223846,2514.4955301727505,0.0,-1.5972622465179849,4.07097297258516,3.7026845512378346,15.950855453073528,6.353742773374704,3.2460269948423264,4.989760985446491,2.776211516972038,4.067718433199257,1.9511453845068503,1.2221931245770459,0.26342580615541045,9.94749801946054,6.819163134061013,25.793172138268584,11.529679362411443,5.641172422787223,10.677491164110258,4.987443367665443,7.12800429881701,3.289492823026463,1.93808767841025,1.0380190044177107,51.742227726865565,42.64276606830264,68.60460314490928,55.44833611060533,38.395634309175236,53.517428617084704,35.76158054952465,43.66809893283994,27.535005307651257,18.54377881280542,13.674054562409472,860.8515590979234,-323.08846019790303,38.727952130504136,-14.377340553062343,4.067718433199257,16.884057252320968,-3618.122977346333,-1.557567509557807,29.72720540395533,21.882145931329383,29.46726851904128,-255.37246017494698,-109.55087330191147,45.98971244428778,1.9262463947260193,3684.84850286289,1
2020-09-01,73.7746915661026,4.751391132651248,62.30569511413834,-4.027120229119163,-4.027120229119163,-48.282522329341774,0.0,-0.7412029109747856,3.926205265734137,3.4448537072766503,13.584115128882637,5.068797895153383,2.9107890676659007,5.031540183335034,2.6097827785591496,2.240266428620483,1.7653926276279601,1.134067896792266,0.20346833654219712,6.988442683728616,5.203674427562526,11.776754157433428,7.775519107307197,4.44696484635867,7.360879706729737,4.0052487648306325,5.394068732452154,2.778690176151386,1.7087976322336884,0.9361004353309264,-5.431488988712055,-4.59571344173322,-8.202047263308247,-5.786092406166704,-4.200281791326288,-5.599209852820729,-3.9469412597562794,-4.689761902126676,-3.0789685294401887,-1.9234256721081138,-0.5524856282593381,60.559200332233296,71.8333560780176,47.96981348324867,-8.275311469093388,2.240266428620483,7.592690451345685,-17.60187655229501,-16.2628074069254,2.7243843570974593,19.706647517410627,27.67592841878934,0.5291584160167686,-128.737300435431,-11.411866993309092,72.90550783223846,-105.52375307279375,-1
2020-09-02,-4.713687150837979,-10.478605822780498,-8.802326789238608,1.205846528623624,1.205846528623624,-43.27742845413962,10.666666666666668,-0.4344454577528643,4.614826706291822,2.166421267419507,11.864896073903145,5.1581494893765,2.956112223229573,4.61921210431558,2.5761336608317364,2.335882966203516,1.806949861065835,1.1139539354581638,0.3249619271530867,5.8900752253990385,4.6604682600516725,7.510620545065387,6.3637467331124045,4.07910903443109,6.1198736290930125,3.7237921817743804,4.801251795993483,2.6761547237343737,1.690555508861901,0.9412612599124407,0.5580842398274911,0.5263408864103238,0.5904813363383283,0.5674009836376795,0.5067656778086757,0.562792515435071,0.49294801641160446,0.5305910386432815,0.4401721925807858,0.35788504881417943,0.31455404052420377,29.931707191280772,22.411099966794946,39.68402402799017,-6.679246584745635,2.335882966203516,6.2478286537963825,5.950320960089255,1.4488857188740727,-5.829173363021776,12.215364101413165,17.32634252662029,30.69090531638649,-2436.7003366992094,3.577051423684018,-4.027120229119163,-129.94314696403745,1
2020-09-03,1.4901673384634104,-3.8455648711764425,-20.513463027928378,-27.841296586031216,-27.841296586031216,-0.13245709473965042,-4.819277108433735,-0.47865918984240613,1.198669225631359,0.20184941154440245,3.273596176822026,1.1202265137215128,1.1552549681046025,1.4428473029888895,1.070492894269085,0.482973613949259,0.8407682421720819,0.5333520287228324,0.06447965437005952,-0.23355760985364887,0.39004944384546014,-5.919792799170058,-0.6302121222850842,0.5562669637106498,-0.4104549589017926,0.6272262155635092,0.339410938239365,0.7151765232276154,0.6245356632346127,0.38914543525662426,-29.16868105234566,-25.0415715123812,-43.544125432766165,-30.935639950239764,-23.100518777368038,-30.00293692341173,-21.858160105751576,-25.5040187317338,-17.57220633774124,-11.584511181784254,-3.606271782445305,-10.434434887690353,-35.693193364567904,18.269468376515547,0.6906918622942008,0.482973613949259,0.40380488560267425,-72.54623044096729,-67.61911651014906,-26.98013714492518,-10.900108510734206,5.560796639981806,-79.69172438363222,-109.45244956772548,-17.662707955362514,1.205846528623624,-2408.859040114299,-1
2020-09-04,-28.05792915312713,-21.458005693468433,-2.8773679534577274,3.647078445544006,3.647078445544006,-31.16373085344707,-49.36708860759494,-0.34131413860853,1.608466536752866,0.6441073380105596,3.5173530772790405,1.5347649509751151,1.2988697402844325,1.3225911298904154,1.1527137323378818,0.4445810102305743,0.9381999040228866,0.5505336113163045,0.09041181708980871,0.2759870904711189,0.6976472295091746,-3.1321521204857037,0.00487899802178383,0.8010474923346268,0.154858681105937,0.839664229632945,0.6645499193699484,0.8501560018906877,0.7027762130329976,0.43406597052083884,2.525947780628455,2.0299928240742107,5.360509006653815,2.7679278569671286,1.8258902747518428,2.637731571463258,1.7043168899855705,2.081233062479406,1.3366045465309948,0.933615079728658,0.7088112915974478,-7.381407395593737,-35.46200092296992,9.969394040630673,0.34869307739971817,0.4445810102305743,0.48123169789239356,82.65208213394742,13.389913974799427,-26.7826068857899,-17.69613341941038,-5.672499206817675,34.192997447065245,709.1463414632675,2.3933188249136412,-27.841296586031216,-113.09952801326739,1
2020-09-05,3.730552612502088,35.94565823490647,9.348166071586665,28.471812476532747,28.471812476532747,210.6715407900265,2.5,-0.9261362297634977,3.403428712382852,1.9144698531832125,-1.5310615509094845,4.039720738600188,2.3521893747758584,3.741527239170772,2.2541266430868387,1.9316853441077992,1.6482301408623847,0.9749507831908579,0.30743718218218036,4.102686118089252,3.3975015781758398,6.721241784023972,4.385582392174354,3.054339814831823,4.237666473615731,2.8376245777116815,3.4789506820035307,2.157074540527269,1.442612904407081,0.833019119445183,16.61346273002101,13.656197669612805,32.30994641427311,18.031240156146133,12.419322803749665,17.27042726207303,11.677433096570383,13.964940066786847,9.410576929499376,6.863065523397198,5.549805322656331,17.82700457548372,33.590471247237375,12.110788274828357,-3.2315929772308425,1.9316853441077992,3.9026120672084748,102.03824332843034,115.45021510355384,-12.35611463293416,-10.018439936544798,-12.96109518858341,82.81974272014926,-80.31273549359264,3.5904743530258068,3.647078445544006,680.6745289868793,1
2020-09-06,28.754972583593158,-1.2044149451860833,24.343578811020844,4.363074610663442,4.363074610663442,-44.15670642799363,0.0,-0.48547241659832924,3.8007144603677343,2.0924278705154,0.3323103742577481,5.034877582968738,2.6721768363256753,4.072525647868088,2.460789043999076,2.274355041218795,1.7451194205910614,1.0343335736040404,0.4061530183967694,4.146298237917738,3.5141240533483624,5.836175394187455,4.381319511402988,3.1871983886632718,4.259951917557826,2.9754172161509964,3.5900462368078827,2.2883379632046545,1.5411532312549976,0.8970169725227359,2.309444180199981,1.9866074911375722,3.6863984411069994,2.456106861826038,1.844630526989,2.3780398323217673,1.757526023582283,2.0214065739372256,1.4824333270644032,1.1534070705681168,1.0068469018228843,14.92659310480971,19.576669988465337,12.917291503555289,-3.4257767912385093,2.274355041218795,4.300810061285928,20.140405616224637,42.387877600045705,54.15293860722199,4.056143375522565,-8.947414482477845,12.40029065037608,233.25358851671783,0.497708753056976,28.471812476532747,-84.67581010425803,1
2020-09-07,3.7430587449375725,13.08926212492924,3.8391423238856004,13.932229156665091,13.932229156665091,71.90150928108173,0.0,-0.7576307965923947,5.016508476394051,3.0622149282302584,3.213910808658546,6.100835804799109,2.420530382859164,5.940052056093599,3.0236895166245286,3.5130794234932115,2.1784121798572786,1.244277020296825,0.5530287644723026,5.7887422799580275,4.782748613799489,8.832489719858582,6.189906135232567,4.290429865351326,5.980447868331261,3.9784740521215154,4.899302289757973,2.995236502206768,1.9708640364150678,1.141455982633017,6.761382240021168,5.874426281932534,10.374730919571256,7.161259372846171,5.48283179815089,6.948705689866099,5.242626564945318,5.9703382982232664,4.486381647129665,3.5827185806797694,3.262673063997474,21.250726620965878,34.15348586444498,15.346628138654555,-6.5485237324535674,3.5130794234932115,6.825098233329648,26.810370947496065,8.645897752006322,37.49421255095556,6.201077764131555,-0.1983360312761633,23.12106635041915,-207.4802584350247,-5.499552348383971,4.363074610663442,219.32135936008254,1
2020-09-08,14.60106650568469,-4.964456162600539,-0.18391957698498285,-13.143248415471339,-13.143248415471339,-54.58500205906872,0.0,-0.3586850433621977,3.9578736208626153,2.268690859389969,5.916856267343585,4.590677156390384,1.5989848803762217,3.9953359893349694,2.223466971004583,2.8056581525959627,1.6127040118571907,0.9861657987600048,0.376277892290437,2.366648872040496,2.409274448540064,0.3182575446800878,2.2620040013939176,2.3349644227600024,2.3235098418589666,2.2609930466510613,2.4185448343398206,1.9114314734071238,1.3852379677693956,0.8397103016373189,-12.658923609330447,-10.65076290364662,-21.807319405365096,-13.594241562077158,-9.786717216246824,-13.094650439303946,-9.258670555849092,-10.863981888960007,-7.555414855846525,-5.271999609199685,-1.8546431914673447,1.76442482039441,-15.936145227367135,11.184520431292277,3.4210198444847637,2.8056581525959627,2.6284560247430484,-30.549202990067275,-32.4518813941391,1.132243486650286,13.120973856586371,7.950210035499294,-22.303547154346408,-103.32620892332697,0.2748738999646504,13.932229156665091,-194.33701001956095,-1
2020-09-09,-13.074397288897474,-8.112236835174109,-10.917314014112517,0.5033251804087228,0.5033251804087228,-9.452970761767512,-7.317073170731707,-0.3376552098905456,3.6922882609160643,2.659573103630503,5.146352769775879,4.287724590469806,1.7915385037320442,4.217177920909646,2.0732614615139875,2.5865537039257642,1.5547366690746163,0.9642854819837445,0.38379377207090637,2.080870748757051,2.195243380373432,0.38033817202279263,1.958521431506647,2.16059087742904,2.0280561866596862,2.1112402713935055,2.1952236397462617,1.8308371374201733,1.3559632815135523,0.8335899189707917,0.2912718080435665,0.2380108416987633,0.6166452170610285,0.31800987432594235,0.21685518328392706,0.30357132193117575,0.20450803727287586,0.2433997112341328,0.16831640615475635,0.1292992283851469,0.11319365062205623,0.5727117894708006,-18.403173152598804,8.208169387818181,3.436888380223345,2.5865537039257642,2.3397967579068255,-1.533395586572958,-7.475408688346695,-11.380824489878396,9.173418671983942,9.547267208613338,-2.1293310018463845,-5618.473895576711,1.0585378268938683,-13.143248415471339,-103.82953410373223,0
2020-09-10,0.41409958590042173,7.838566050715653,-15.832647784698553,-27.63676588897827,-27.63676588897827,87.82588352937594,0.0,-0.6757838175677733,1.537808259502184,0.7091365675091783,-4.6933184276616124,1.277602170898629,0.17492300486220688,1.4744457757013152,0.8869021435449822,0.8302742346193304,0.6461479498337627,0.4753009911529109,0.0784253921692121,-2.4064902289806587,-1.0993190082638717,-9.029467174769998,-3.07563471263099,-0.6301237805911426,-2.7151989191750725,-0.3833705893884391,-1.2257001781258177,0.16621751637908241,0.40165908522796256,0.3172806823407132,-20.982612022047263,-17.61208178963801,-36.364034756375275,-22.566104912245237,-16.182807108024203,-21.719626181386154,-15.318215491224782,-17.96715148219093,-12.581152537473272,-8.970192326942502,-3.32214694237191,-20.111954061389103,-89.11667877196206,0.825558223997027,4.005295618504386,0.8302742346193304,-0.10095595884681428,-176.60593960569003,-98.72697713076609,-43.123575050135656,-16.509216650022672,0.9237375969240083,-63.00238690398691,-89.80423549960128,-10.436755212754138,0.5033251804087228,-5590.837129693394,-1
2020-09-11,-27.622208811104404,-36.01084471851576,-8.738026753050908,-3.893938130576187,-3.893938130576187,-66.94299600702239,7.894736842105263,-0.24681430779540386,1.1526330784700123,0.6194128169947047,-6.366290956100154,0.9004300643900373,-0.026171944503044466,0.9526121729652927,-0.0296419309134552,0.4163549048874741,0.5973881291368744,0.4045525610204003,0.07163134802218436,-2.573029068343695,-1.3251359615820208,-7.657449152370506,-3.1795557537999994,-0.852724395552972,-2.855391631779056,-0.5972201707792197,-1.4498610208720115,0.0005224506479199127,0.29975341113817955,0.26219141141554214,-2.240785435738911,-1.8464597450945677,-4.259595541105679,-2.431903496070515,-1.6845573781782277,-2.3292774691121827,-1.5882374042681446,-1.8871832289499457,-1.2915015766632163,-0.9152708912871396,-0.33925699890044847,-23.3420391287098,-608.8270273515354,-4.166268398819808,1.9731784718502627,0.4163549048874741,-0.05902838490319563,-4.339327599687155,888.2522636889812,-45.61624258573752,-26.071051288794077,-10.859619858857448,-24.46471982212735,86.00999286225465,-0.8061617694343844,-27.63676588897827,-85.91029736902348,-1
2020-09-12,-4.0106728925206365,-3.6858574949461542,-2.7784577723378185,-7.536583955115963,-7.536583955115963,-37.053954387574606,0.0,-0.15793355342956183,0.4691085126394076,0.07730443027130189,-11.020930283849202,-3.530001823819082,-0.24140368013861918,0.39568500912654053,-0.2338507852453656,0.14094550192757635,0.39636333121603784,0.3173143512369019,0.06668715226246667,-3.121227994235763,-1.8139807792816751,-7.623842534644118,-3.7287970780287756,-1.2945981680958931,-3.40619460025723,-1.0059186093603367,-1.9485299018275355,-0.29508818281965365,0.12162267817134564,0.1644003371159817,-4.27489661958882,-3.4731816487734357,-8.682410675673992,-4.671614084205872,-3.1514162826951875,-4.457965177790324,-2.962323766560164,-3.5548401827560165,-2.391761462569507,-1.6904525976315137,-0.6302103398184118,-31.00969748939349,97.8510792103407,-8.601362852245234,0.7610293876950273,0.14094550192757635,-0.052250150454918994,21.795395722653527,-88.5975530062498,-86.57206113712347,-41.51710609906343,-26.059659783425467,-59.38377300860228,9.20951650038476,-9.96580293465189,-3.893938130576187,93.5465768173559,-1
2020-09-13,-7.424137132267789,-7.268545140885574,-12.706156364094168,-8.901538846490684,-8.901538846490684,-1.2643692485594757,-7.317073170731707,-0.16140080447234365,-0.09164580454032316,-0.21522570980136035,-10.085762442990411,-3.8064449044796556,-0.31625415673509366,-3.8259643753274246,-0.32810396805848885,-0.20964790166397926,0.22433535237180896,0.23790493704908075,0.10784653629677009,-3.730537361951939,-2.3392658694495148,-7.9794421013966,-4.355075096482085,-1.7656947484124819,-4.025144290227914,-1.4402590615152229,-2.4857068244910137,-0.6081231623472078,-0.0677976203255269,0.05946007459514213,-4.763777672086345,-3.8218004818030717,-10.216002535966,-5.237523123825917,-3.4506892655527444,-4.981825616387976,-3.2348375548907433,-3.916678048018701,-2.5951304248675484,-1.8304656617041095,-0.6869394158564889,-45.87450253132543,40.793483273623394,-13.249823790153775,-1.2561159898244392,-0.20964790166397926,0.11904662106528828,-61.70450732580248,510.21654819151365,48.93029813539696,-44.46741447443318,-34.99189123683309,-119.11521348571341,-99.26212227688879,-4.062390270003738,-7.536583955115963,18.111055346874636,-1
2020-09-14,-8.729513324158644,-4.843110504774891,1.4926987560843616,-0.07210052873719947,-0.07210052873719947,-26.423353253074584,2.631578947368421,-0.11903669022747636,-3.646549545617159,-0.20470171946973412,-11.365954514128305,-4.0779385665797205,0.012590409021796579,-3.6115476346199133,-0.47289429362670804,0.17158712313718416,0.23083371024401605,0.2441496693924245,0.09434037738675836,-3.365611439225744,-2.182528449432926,-5.800778086037204,-3.861172878506088,-1.6684296237305103,-3.602528575830265,-1.3706938774551007,-2.3115045774966756,-0.5902536762178087,-0.06787996499094384,0.05807361222410239,-0.037647450879340044,-0.02953435636954549,-0.09037617587117822,-0.04184953823409646,-0.02643418046971387,-0.03957179145656299,-0.024658701871030086,-0.030336103958133652,-0.019528052883465003,-0.013639803634303742,-0.005093857298532397,-67.67349795633967,14.476536682806579,-17.484620843710815,1.1508692298006684,0.17158712313718416,-0.13177950023022314,19.465537383177516,-1.5097052480227864,-17.3889211722538,-73.66756334232035,-47.88857275991063,5180.080397428319,9080.952381063347,-18.92799399035315,-8.901538846490684,-99.19002174814266,0
2020-09-15,-0.23645522771666366,-3.952427500814594,-3.602259405307462,-6.624291358873053,-6.624291358873053,-19.346460356407643,20.51282051282051,-0.09739072487491507,-3.760882597381359,-0.07311632671492826,-5.475242597661198,-1.8024349365449481,-0.32522862761008087,-4.215713977647074,-0.7012593166065931,-0.1915357838810296,0.11630498751017608,0.19135963891910238,0.06455204895438964,-3.701740385294706,-2.4962289408808154,-6.041474603700014,-4.192367234620296,-1.9576712201793995,-3.9374134281560504,-1.6413345667843915,-2.629916006613108,-0.7924600059982176,-0.19334456915316503,-0.01225742846301442,-3.5710344619154495,-2.7621915598440228,-9.05525247018466,-3.9960385155734137,-2.45829691319755,-3.7652185883684517,-2.285891732550559,-2.8413091643846258,-1.7958769279680278,-1.248989464957664,-0.4678042423201705,-202.01205007480888,9.061934177440138,-23.10971102686797,-1.3136056953069302,-0.1915357838810296,0.16052868958933092,153.33088864442007,-90.1983879152199,-3.133867098880995,-1.3102911360298544,-50.28837583787451,-0.41537383503443365,-108.4543568464869,1.6593590018059343,-0.07210052873719947,9087.576672311763,-1
2020-09-16,-6.684528716680395,-3.8843844353224557,-4.99355076469505,0.5997718659160189,0.5997718659160189,13.962787235122509,-8.51063829787234,-0.11178258114939944,-3.984122967369962,-0.16491067338524285,-4.7631582410930084,-2.0752610768572506,-0.23433161733698746,-1.6757271868006522,-0.6426397222394111,0.05789191284634724,0.10919361726909488,0.17216522803377293,0.06345940573914881,-3.2715102312875466,-2.286830526406412,-4.1124111187959,-3.632549520369473,-1.8155143548077963,-3.4486470921129353,-1.5317321674899849,-2.401251067918917,-0.7485475699703551,-0.17914528722502862,-0.006241866437543502,0.4583381830020607,0.30430543039569946,2.5075047868071536,0.552428036190035,0.254714133356011,0.5001768999927863,0.2286168094362912,0.3179561192295316,0.16316934201032388,0.10778893751808563,0.07881896385492652,150.9557152105532,0.3130472559014667,-30.149522979663768,0.42047848181675196,0.05789191284634724,-0.0542001011114577,9.297949336550051,3604.3809523812165,123.76410636703994,58.08178711052283,-38.680873722716214,2.624598983635798,-109.20245398756359,-18.195495624009713,-6.624291358873053,-109.05412871238892,0
2020-09-17,0.6073768681439978,-1.6800790625441222,3.006206361520564,-0.05486466715434403,-0.05486466715434403,-12.387640701643058,11.627906976744185,-0.09767076292172179,-1.5940535848235835,0.05406893541240826,-3.211028192371554,-4.384437877009019,-0.42059052164733723,-1.9662261525251135,-0.45038937786832445,-0.042976873310581795,0.07956379889568094,0.1660830730979437,0.06425942742939436,-2.93691058307964,-2.131411649488875,-2.875908557529276,-3.196248800289851,-1.7152402158564692,-3.067723914217853,-1.4579417766962988,-2.2300165543373662,-0.7263708621846174,-0.17690291060916366,-0.006722670440814868,-0.031780748103377186,-0.023522389739506436,-0.10042443194421531,-0.036340731825078326,-0.020576604573324817,-0.0338462460644014,-0.018948378294417877,-0.02430422260466025,-0.014511959532538492,-0.009901017370049984,-0.003674446796107691,46.10030323479691,-4.480812934697463,-41.228894179000406,-0.3041251330777881,-0.042976873310581795,0.038139370848254306,30.814056153982083,37.72344775126021,84.59857441152892,81.78831758644127,51.764504422450386,-51.22913012120929,-12746.666666878013,45.44673890722091,0.5997718659160189,-109.14758932057593,0
2020-09-18,-0.0219530935567763,5.3489373923032675,-3.5247599322161656,6.942360475754813,6.942360475754813,-34.309147681552965,2.083333333333333,-0.06348960734136307,-1.510310340306785,0.19360100345310333,0.06853569210340607,-4.628494769823184,-0.173464638324657,-3.761245479659457,0.022201575379036168,0.012577744579347032,0.1349026769220319,0.2188829616839049,0.07792671278170633,-1.8787423441642914,-1.4861699539256221,0.20303082886368845,-1.9197167963106172,-1.2138348024172854,-1.909254982721751,-1.0322519994731723,-1.5457429487003749,-0.4795468723071453,-0.0482940693688465,0.06195988883502565,5.8262753461699655,3.7494695918989525,35.262714851218455,7.1236682686059645,3.098618057085247,6.4010169155658545,2.7609565283645336,3.9304474539494985,1.9334977089615797,1.261102841645447,0.9211118128699349,13.886434528966833,-12.849828863729137,-61.137273720911146,0.0799946295816719,0.012577744579347032,-0.008291222929405028,-31.665091792656636,197.63272214170448,169.3725716297486,129.06733699758908,102.35114605265522,-7.812211221491859,-222.29836584077196,13.452035707166662,-0.05486466715434403,-12753.609027142353,1
2020-09-19,7.0997255260750265,0.2453485994684203,4.539599515984234,-7.939223872424894,-7.939223872424894,-18.607371575379275,-2.0408163265306123,-0.051845304496968184,-3.993412770553727,-0.2748720892258385,-1.5716741932952365,-7.022655687755266,-0.40636630011957287,-4.830907767112133,-0.31718822570447375,-0.35713735736317564,0.034284905752784874,0.20348826038672047,0.02787822188547242,-2.5862377306087914,-1.9843110947596345,-2.5220525993026293,-2.7461015668677446,-1.6354949146262172,-2.67007767347184,-1.4104698945736933,-2.063827366620324,-0.7375478129560393,-0.2008129115154122,-0.022559036665364175,-5.132110778379437,-3.7278434379173766,-16.253925329248148,-5.912159780404388,-3.23366638423776,-5.48534393562933,-2.963213710120809,-3.8598210771624584,-2.2409155295045666,-1.519192970848101,-0.5680977206126847,18.82530341509952,-7.3330684812451725,-145.77987958059106,-2.384093391254685,-0.35713735736317564,0.27086300259476237,12.687046273890079,-53.19483490156457,14.183805324686805,24.24012592264792,59.77574488053005,209.82246310525787,-81.853448275871,-3.4723746994166484,6.942360475754813,-214.3591419683765,-1
2020-09-20,-8.35810695369896,-8.471004147120814,-3.8234635202748133,-1.564939409709307,-1.564939409709307,17.95219605485247,8.333333333333332,-0.06201484876228304,-4.656879251128049,-0.3974426722437593,-0.5044721163185311,-5.777586783173364,-0.1360081245568145,-6.699877328666822,-0.2904101950444918,-3.1998701815526864,-0.02865163241770835,0.16242515857285597,0.019209431243555224,-2.4735638081782576,-1.953904677073767,-2.2195238328978206,-2.5926050542882315,-1.6313548012803127,-2.5381872519929662,-1.418368328772946,-2.025826134216401,-0.7640878792929074,-0.22513481680861708,-0.03756154332097913,-0.9879645130670196,-0.7037010885694339,-3.41843902346944,-1.1489043328100497,-0.605677328487884,-1.0606007424075647,-0.5525747905579945,-0.7300763349930257,-0.41306854013898675,-0.2776648253802737,-0.10349836734638974,12.862932270314904,-8.901773847884877,290.09006926464554,-5.920922573418087,-3.1998701815526864,-2.379143963323166,-58.37496713121219,-31.770287828543957,-0.9220584550050558,15.222820478657933,37.14049867376253,16.39986549506985,426.8408551071455,5.618044484354927,-7.939223872424894,-80.28850886615285,-1
2020-09-21,-1.2603005332040644,4.831761123078066,-8.874912648497553,-8.37581662323931,-8.37581662323931,71.86864251288578,-7.6923076923076925,-0.10770453580318552,-6.792076533951027,-3.3705710193660865,-2.24156771326586,-6.789855091791194,-0.46657072107345104,-5.939707538678273,-0.6645216560683078,-3.3257364396778843,-0.08767251835379122,0.08562308370491688,-0.05011105154161423,-3.1307918147947436,-2.4213706557452035,-4.1784601013227105,-3.3520843748646905,-2.027379024293176,-3.241823957672484,-1.77359209902813,-2.511792193761796,-1.0062772889088658,-0.3685072151727615,-0.11742727706711394,-5.282208939747554,-3.7387178947477366,-17.771056241117865,-6.153783165215754,-3.207401506464489,-5.67594919748075,-2.920377747776309,-3.8818815298277514,-2.1715357002118227,-1.4559686090105117,-0.5450113902200849,15.211946935481524,-3.7392790079613403,71.58418380833169,-7.6762820496390205,-3.3257364396778843,-2.061129479822901,8.60181090755941,-41.370848853915824,-45.47201234921573,-2.3960874528665386,10.812099188694585,56.749935461398394,-134.35527502255783,-13.748279002382912,-1.564939409709307,435.21667173013,-1
2020-09-22,-8.45511876439712,-11.237467672795542,-0.034083162917523266,3.1405844289659104,3.1405844289659104,-45.70069930902893,-18.75,-0.05894903172969445,-5.448657226725776,-3.1235258788018148,-1.7139493118121167,-3.1344607548573147,-0.19817749005657218,-6.186277211352913,-0.5524032090016635,-3.4170260904510092,-0.059246008307748926,0.08909702150952549,-0.02980899795405342,-2.470272567202532,-2.04120879590534,-1.951551457549671,-2.5437561433366684,-1.74358759578453,-2.51334166156167,-1.539555035831881,-2.1052346856649815,-0.8841553026134217,-0.3117423251026147,-0.0888014300216017,2.977192974354368,1.7883486350080504,20.99386960474434,3.752453490634318,1.4354923002090108,3.318262868356456,1.2576401079401491,1.8884919676485872,0.8412018984279681,0.5282246455282739,0.3738763959784773,6.991704742136798,-11.054873602359764,37.10752433928473,-5.12042516437673,-3.4170260904510092,-2.9502738161726905,-32.651478429471595,97.07997300840363,-10.163212188757004,1.4287486107827756,4.293387994781242,-8.791104558439905,-363.77952755893597,18.1493879573054,-8.37581662323931,-137.4958594515088,1
2020-09-23,3.229931523801662,0.9938136100578695,-3.7504261847937217,-8.031968031968024,-8.031968031968024,8.622595861842793,10.256410256410255,-0.06459578426354663,-6.295156936930581,-3.570673091634297,-4.706087510330429,-3.4157912772217207,-0.49482959006380983,-3.461728460994118,-0.735942948274078,-1.8465453685324547,-0.16912379583311593,0.025537867445611297,-0.05294196150910474,-3.0897455974956967,-2.472339648324472,-3.897674109043577,-3.2668843243476373,-2.1060703368697693,-3.1797644019981663,-1.863452702023147,-2.554369169353656,-1.1032006196751896,-0.4409536770252096,-0.16084824669502526,-5.114612714595952,-3.539237681183048,-17.76820788817331,-6.01355865507206,-3.0058871357351435,-5.5202101789230404,-2.720790490611785,-3.6839584417863107,-1.9914684383691366,-1.3214882804531802,-0.4954486985120323,9.436915463939464,-5.476830127032788,25.582263581740435,-9.075523368330796,-1.8465453685324547,0.08998964875875257,-12.033971498488636,-75.94484149325342,-26.33537991751005,-38.881408897873726,-13.31532185361817,3.2939764337508026,-150.0995024875806,-13.660662728583734,3.1405844289659104,-355.7475595270866,-1
2020-09-24,-8.095904095904082,-4.9399304457793285,0.1859723698193428,4.375407343037139,4.375407343037139,-17.79106366763515,-9.30232558139535,-0.053098244018366866,-3.007974642147392,-1.6489793215344255,-2.2914246614579628,-2.4315421482598314,-0.5462164181820905,-2.919804940655135,-0.3584514057208527,-1.9255615979374179,-0.1334417041718789,0.05790579037061775,0.05160533966201329,-2.3006655400831475,-2.0076274956474593,-1.3636708567751925,-2.3095365281698426,-1.7550731094155658,-2.3131340096531767,-1.5717684095983033,-2.058742391004263,-0.9470708611188458,-0.3664897611209619,-0.12294689908396825,4.331401845498521,2.535435878184987,29.881370128577544,5.512698700590635,2.011013884735544,4.850709671115026,1.7493756181303843,2.6852844152150546,1.1472716227407493,0.7090032691622267,0.49625070498941865,3.1184133049335014,-14.443637218883824,17.428618989152877,-8.297799842913054,-1.9255615979374179,-0.374851475380726,-16.82212403861878,304.0606331972787,26.577614973537056,-7.6372510087684,-16.226010299011403,-26.158213652503694,-80.83416087386279,16.45776488808204,-8.031968031968024,-154.4749098305995,1
2020-09-25,4.421931388321218,1.8666334081649683,2.32033943251126,0.803430188993432,0.803430188993432,-22.229332612740972,17.94871794871795,-0.04109078654339662,-2.6878276138429538,-1.8335998653312362,-1.8451867172613823,-1.5394839546963441,-0.5888305201515622,-2.2101289265617057,-0.4280206087553478,-3.5062036135197907,-0.10944693463550226,0.02457922826083428,0.05990937840925263,-1.9501364687576648,-1.8044329749724202,-0.6612776352551685,-1.8928910966929808,-1.6078745068736973,-1.9311654136140781,-1.454011546396269,-1.8405880505662882,-0.8945044048939751,-0.3475412218095135,-0.1148582237436669,0.8252119951381639,0.48565647237559084,4.67682021806951,1.0436635421944669,0.3851395987883163,0.9217554856594299,0.3348513388941413,0.5142864478642692,0.21907270765631998,0.135200009826123,0.09483202702315434,0.7654271857494978,-18.356216145571448,12.11747539808014,-4.083007895347666,-3.5062036135197907,-3.3769990460993786,-41.72732638205788,13.421418636995982,4.629414490328078,6.609415171709888,-18.301342141910467,-7.64326547993813,190.15544041425903,-11.193991454983864,4.375407343037139,-81.63759106287623,0
2020-09-26,0.832778147901394,2.6241684691670457,1.8832879789210073,2.312616147016304,2.312616147016304,66.05536699696447,-2.1739130434782608,-0.06775476688790746,-1.918228097763809,-3.304853320072195,0.4247552679607895,-1.378576977446124,-2.8751800236061347,-1.2677074046232992,-0.203887165717691,-3.8683084645038504,-0.04785189382840381,0.01315429150951243,0.07465838545788246,-1.4552479450742757,-1.4989326249630812,0.31682255550210237,-1.3145482542908855,-1.376788793260799,-1.3965408622522002,-1.2629930791136021,-1.5155047290599601,-0.7965465689351966,-0.3039585138142974,-0.09346783522903905,2.488329113347185,1.44771156027046,14.14893078879633,3.160772015912159,1.141987043334881,2.7853662231820895,0.9897393924567004,1.5350597898598803,0.6419412170798193,0.3936884584488404,0.2757565013742256,-1.881386278282318,-24.98663092120593,8.107323600643223,1.4884641618341348,-3.8683084645038504,-5.0594616943497135,-13.403106009453152,178.69524741226928,122.32906023576678,67.10520962365779,22.193069010887683,-21.866159397903616,-141.24999999993923,17.628282339572728,0.803430188993432,187.84282426748877,1
2020-09-27,2.258837132474407,-0.07555873697606638,0.6401831517361188,-0.9323915237134152,-0.9323915237134152,-30.385713227607457,4.444444444444445,-0.0471473120919438,-1.245132380235496,-3.760814113989003,-0.3973498992168495,-0.8500074250553338,-2.755597376853263,-1.3459557879639812,-0.30114019641761286,-5.172259722022802,-0.1007378316181662,0.04476729336250186,0.09669011342542527,-1.3922254797555256,-1.455266431059796,-0.10221233249856694,-1.2600623016158896,-1.3496147597546941,-1.335868535225078,-1.2456200004906004,-1.4680886534085285,-0.8008258401252681,-0.314524672935069,-0.10103828674324011,-0.7318908585521353,-0.4717534065509948,-3.362514077545668,-0.8894397496206299,-0.3892321131134842,-0.8022361903805737,-0.34652945191782025,-0.49468224874014005,-0.242752450834769,-0.15595638506184445,-0.0578004649037697,-2.079830143393282,-27.210574260300717,5.458718332133657,20.093989504806412,-5.172259722022802,-11.178050326934152,8.42105263157899,-10.543130990415262,34.516681148964174,27.374095507772545,32.98602690461701,-24.223055902922717,-19.480519480538224,1.4370603083552382,2.312616147016304,-140.3176084762866,0
2020-09-28,-0.8843839599402351,0.3024634854936908,1.9715224534501776,-0.757822685788782,-0.757822685788782,3.24541438538,-8.51063829787234,-0.0485763004108069,-1.306234538855498,-5.00588132319026,1.1138665184828822,-0.9709275255674235,-2.923109024995931,-0.8432394273509841,-0.46199271435742795,-4.22594937880417,-0.11033878024497266,0.023206137797977557,0.24655819250676436,-1.315401190573203,-1.4012256820378304,-0.32030191674544317,-1.1882179164613622,-1.3132747731861947,-1.2599989717294233,-1.219904995664253,-1.4100190970516882,-0.7994729883010093,-0.32193186723602796,-0.106915789716862,-0.6274468719815038,-0.39636435023180927,-3.146737923986916,-0.7698801476491169,-0.3244059992001825,-0.6908395743837229,-0.28749558479379017,-0.41648946621186217,-0.19897557049081932,-0.12667036647700128,-0.04675147002600348,-2.3415317526650625,-30.92058496697463,3.575665200351104,12.134211177120385,-4.22594937880417,-9.483917423565092,74.90111470694004,-6.729071139515148,21.104159118425343,28.55245516231564,36.17478088959933,2.3722234203149015,62.36559139793165,10.864517940059933,-0.9323915237134152,-18.722696794731284,0
2020-09-29,-0.7944915254237177,-3.332936555172005,-2.573742047426266,-1.239839067246901,-1.239839067246901,-16.21109645181908,4.651162790697675,-0.04094244095641972,-0.8701737559386697,-4.108371119355373,0.02788851157373798,-1.0748092205414084,-1.407539156704782,-0.9906874176061028,-0.5481802635628109,-4.509227893116728,-0.2105580153169633,0.012137913048846247,0.18031312332442553,-1.3061991420098695,-1.3886391972386347,-0.6248444607333853,-1.1956343840005923,-1.308739949165513,-1.2573394905281696,-1.2209607674766356,-1.39601356541439,-0.8133324410289294,-0.33720237226774524,-0.11698815322792588,-1.0797405885757936,-0.6696899203630768,-5.776879418622123,-1.3360955691153766,-0.5440067032069837,-1.1935515445947165,-0.48003822123837625,-0.7050412374481101,-0.32844689052678566,-0.20729517503236,-0.07622968831448453,-2.24971250124626,-34.83317529874376,2.249705535088124,23.161887226925213,-4.509227893116728,-15.526382001349498,-41.48848684210531,-34.379769188174286,-16.58089296645455,6.790661605827906,19.140512987521564,-25.551195755535645,250.9933774836373,-3.4681034492823266,-0.757822685788782,63.60543046509913,-1
2020-09-30,-1.067805659370008,-1.1246562410212204,-2.968239833778566,-4.406385101430004,-4.406385101430004,-10.673451483270515,8.88888888888889,-0.03682682264682159,-1.2217931445704078,-4.505057316250879,-0.9996063896087007,-2.069277248585768,-1.7117708503033144,-1.319000740395414,-2.774222672227311,-2.3888643556340767,-0.2006782129436969,-0.10152998896970888,0.17556912476647754,-1.6839974659963373,-1.6243472661201832,-1.8695064619781103,-1.6567200925448011,-1.5001602195882984,-1.672833120680338,-1.3896387251194342,-1.6441545025957363,-0.9259287866228609,-0.4042850718524559,-0.15469474584872048,-3.9020747467919232,-2.403317377451573,-19.57002587623492,-4.834780967753951,-1.9443138622526848,-4.3167861917184736,-1.7112714171196894,-2.5325745329083262,-1.1622170539136918,-0.7295073416632909,-0.2681778360271635,-0.1836278787165861,-21.816089335139264,1.7202081478583244,2.1617174657313893,-2.3888643556340767,-5.03045142760028,22.452565003513865,-88.95618212992969,-36.64033097339552,-8.207032918184943,7.111204376314576,29.71491082550196,10.94339622641729,4.2142746375842774,-1.239839067246901,255.3997625848722,-1
2020-10-01,-4.329777076673995,-2.3496201585786065,-5.510641087270033,-5.1139328578883285,-5.1139328578883285,93.0886462345506,-8.16326530612245,-0.07182250502636196,-1.5674873789503971,-2.4994880630424374,-2.447630643838734,-1.7247464805940502,-3.178723684306771,-2.2854566899472983,-2.7636439814199636,-2.404914636652096,-0.8009602953851012,-0.1526233196075356,0.13986369064923226,-2.090406070430761,-1.889201484005909,-2.909775054719072,-2.139317936441286,-1.7168859351082784,-2.1142389237754644,-1.5808182369680572,-1.922131437281377,-1.0525588089463906,-0.4788062993134458,-0.19643328523884046,-4.432712102928464,-2.7173851923354073,-20.668908101649556,-5.4917419847739275,-2.1909737803134526,-4.904627862196512,-1.9240802498829983,-2.8656671967935625,-1.2981183945419454,-0.8108058233524418,-0.2981218035851967,1.7829750146557184,2.512733990341739,1.7336106903467021,1.5106318756379713,-2.404914636652096,-4.8500009907026085,-29.89956958393114,13.519484595445054,-53.0888809174781,-27.910676630360243,-9.62331284948455,16.468589409506755,-63.94557823130539,-17.821294440354897,-4.406385101430004,16.057329084303305,-1
2020-10-02,-5.4673262171309585,-4.387195510776679,-4.227176024419564,-1.9431714023831224,-1.9431714023831224,-22.284730338414853,-8.88888888888889,-0.05624964621569182,-2.26385184585212,-2.3866728708332747,-2.672915923718367,-1.7560520772179238,-3.5995347642856625,-1.7398063651760487,-2.947634890186129,-2.0427280927262497,-0.8117469126775053,-0.16683167903795232,0.1715462268765896,-2.0734991607296807,-1.8931630822968237,-2.606886452228545,-2.1127697954284903,-1.7299877005809081,-2.0929677593184524,-1.5987512032231046,-1.9237621725736165,-1.078382379968523,-0.5008979318568777,-0.21041004395470825,-1.6835174269391284,-1.0159639166919356,-8.208430248497727,-2.0999723686227303,-0.8136507644242523,-1.8687728206373238,-0.7117378546593355,-1.0732168273835572,-0.4751214818066954,-0.29438547793349895,-0.10790695801378067,1.3191616130898234,-3.4621780448241184,1.6450708770544178,-0.24679978571739963,-2.0427280927262497,-3.239175336085941,48.54686860417499,176.82026044651212,-52.83621177101042,-29.28851682834011,-20.626036764043633,58.4323892879756,-100.23584905665814,-12.961434476967845,-5.1139328578883285,-62.002406828909315,-1
2020-10-03,-1.7029284861837868,-4.286158908007645,1.501835039598217,0.004673770798268511,0.004673770798268511,-45.595230170236604,-2.4390243902439024,-0.03065894900524097,-1.629334533012923,-1.961475326216964,-2.5831835709176216,-1.0074344868797982,-4.643267523242471,-1.6349054237440506,-1.5557196737652603,-1.523967639595189,-0.7054143772893795,-0.1371984289735298,0.1537019261388484,-1.8345456354790968,-1.7539256135991055,-1.782968173547817,-1.8256804172119339,-1.6297699333105338,-1.8317402366918183,-1.5196749746142122,-1.7743253180600889,-1.0472533868606182,-0.49338135885617057,-0.20871890611976782,0.007483979412048126,0.0036926935094124215,0.09545959353911282,0.010302822783822954,0.002730526244404577,0.008695726682249796,0.002281664850620191,0.003981417390545475,0.0013441406324410916,0.0007644928491648022,0.0005100033674524874,-0.12205510259180827,-21.605943782334638,1.2687656932605504,-1.7092480522290887,-1.523967639595189,-1.3967165987949732,-55.41471479746479,23.16096936340745,54.3854598813661,-35.29367432971152,-30.04314732134901,-14.19701365082942,-22399.99999484787,-4.956463364878918,-1.9431714023831224,-100.24052282740263,0
2020-10-04,-0.08405323371468902,-0.5016955451293745,0.05233360293068458,-1.0422021778753914,-1.0422021778753914,-16.59486101647564,5.0,-0.025590769745539817,-1.5967481338174956,-1.5044649614045682,-2.580934043791712,-1.3674503495857693,-3.8748151393986094,-1.00986654984598,-1.7467154226342436,-1.5879976132982663,-0.8218233991297375,-0.17794047240876848,0.14619562042829665,-1.741733054294049,-1.7007743490734164,-1.545011098010124,-1.7174736016140235,-1.5952599654058985,-1.7315766347402481,-1.4957629272533621,-1.7165646894882203,-1.047106662616353,-0.501581777569342,-0.21528634232135793,-1.0061731127070455,-0.5830070194047449,-5.8515878504221295,-1.2795597818193603,-0.45935628836902154,-1.1269950341740294,-0.398107178134754,-0.6184425106050594,-0.2593053286612766,-0.1576920150114054,-0.05728891469534503,-0.6707544687548027,-31.24409314456732,0.8614219323204408,-1.3003085526904057,-1.5879976132982663,-1.7849569000043093,76.01977750308984,-26.884592418402008,20.79758518398457,-34.1985333417647,-32.288015930923805,-1.7530281867516107,-102.69058295974946,-8.188536925537178,0.004673770798268511,-22398.957797768326,-1
2020-10-05,-1.0422021778753914,0.08403753676642538,0.39467427484545764,0.0283366392745776,0.0283366392745776,15.062390761396113,0.0,-0.029421632946884095,-0.9426520228951778,-1.5222585899564127,-1.6693784874475437,-0.6606232539385766,-4.065625520846001,-1.2698444151614876,-2.948455542008485,-1.2201349737438045,-0.8623674009834572,-0.11160753272248844,0.08840010291975497,-1.5329166260008054,-1.5707798033090705,-1.037021757715633,-1.474701697361958,-1.4993643525582223,-1.5067415072483057,-1.4190839028315012,-1.5779566743904108,-1.0158663343918706,-0.4937068184273044,-0.2133826216071927,0.051821549189041395,0.02440736203010543,0.8339598766287183,0.0729938714402852,0.017723755700455767,0.06085412160624292,0.014659896868755273,0.026439432937423773,0.008408357511572217,0.004685653746399896,0.003091513327362095,-1.683963137426345,-60.78125272907258,0.33495352742480394,-1.8365671733493638,-1.2201349737438045,-0.7960272182825636,6.566011235955174,21.65300848458956,3.0484605297137963,20.392043020245712,-23.513544115706146,-26.12237993882439,-26199.99999897397,5.832049654773839,-1.0422021778753914,-102.7189195989171,0
2020-10-06,0.2928119391706789,-0.7836917479124947,-7.654052005873156,-7.393767705382443,-7.393767705382443,70.73633554345419,11.904761904761903,-0.0508050358142685,-1.6702009118043897,-1.4751805696697724,-2.062318285078634,-1.5974892455776817,-2.430049759222402,-1.1376560472055515,-3.4536820288705044,-1.5913294583383246,-0.9361397346743867,-0.1683502272238433,0.053811547991259125,-2.235288247323654,-2.0156641758177503,-3.1115293299338838,-2.310362169333532,-1.852909165363035,-2.2705516266750263,-1.7240898887252756,-2.04748135698015,-1.2030911142863687,-0.5967845180325994,-0.2696275623520314,-7.500648049965846,-4.2994274389198495,-37.131176510579124,-9.536383095922476,-3.3613408368965056,-8.404477368482306,-2.898320805818461,-4.568571037858869,-1.8591632717833289,-1.1169725217081363,-0.404689350490052,1.5783923754771803,75.82384711735374,0.5869621276223675,-3.026042372064274,-1.5913294583383246,-0.6145948450540485,70.0494233937397,-76.69385380931375,-30.248456113765904,-2.308448377571666,-9.227371684516388,59.735490265864854,-69.60408684547646,-19.626760351957994,0.0283366392745776,-26192.60623228235,-1
2020-10-07,-7.6379732529666695,-7.433353707273492,-4.682771708467973,-2.4268379728765206,-2.4268379728765206,8.498376839283381,-8.51063829787234,-0.05566256745596138,-1.2170315354624834,-1.623772568894503,-2.155382251028563,-1.8698094098148983,-2.3497971321517563,-1.6525290393744236,-4.4534594120383435,-1.7135501695341109,-0.8385939769436394,-0.16506106944300436,0.04636787716085752,-2.2570325705286476,-2.0453541797595927,-2.8979579126878687,-2.3259506614478735,-1.8853898688182318,-2.2897659566671438,-1.757895301846935,-2.0764361464229784,-1.2367635070201837,-0.6222537208759175,-0.28531821503590243,-2.3844928312937936,-1.350590513111574,-11.928130126062971,-3.0446186910403674,-1.0498676226099595,-2.6774662040104538,-0.9021244073196004,-1.4371370514016275,-0.5731083819548937,-0.3417372892435512,-0.12347142823497877,1.292694414586102,25.33963897036064,0.7314031521512748,-2.982038989302853,-1.7135501695341109,-0.8709321887349787,4.747142026739047,381.7097502112819,14.630619551013185,5.127803789064867,6.995109074662542,-13.518781775610725,-186.76470588244402,14.035291598549229,-7.393767705382443,-67.17724887258967,-1
2020-10-08,-2.5135107576221083,-0.2641202763104427,1.2107188979767516,2.1580102414045363,2.1580102414045363,-32.39832083614661,6.976744186046512,-0.03752982407291472,-1.4207858652303105,-1.5644432280577738,-1.8009228998176081,-1.9606076983126342,-1.935826743428538,-1.6046073975703394,-3.6875174084837767,-2.0594429644394237,-0.6119010968552526,-0.12133380163923263,0.07723021602781527,-1.7567168613609352,-1.7430200271229674,-1.3132302841353272,-1.7264614167746197,-1.657822065263504,-1.7437096098205132,-1.570804900738678,-1.7543941163367622,-1.1444791078234184,-0.5842628855184702,-0.26792813316937447,4.521823064174643,1.9792840516162553,96.24599484911182,6.593389838250589,1.3959025627600874,5.396500916402404,1.1356523111877357,2.1602528270943244,0.623530336399078,0.3356883479537416,0.21633532101773154,-1.1803655689128005,-53.45710830487158,0.33794444066900114,0.05802499614959387,-2.0594429644394237,-3.4360565371151313,-11.080281169071378,80.0550057511191,43.35964971294259,20.85481527288357,8.029188537952729,25.369642697486455,-12.83292978207449,24.99410273816065,-2.4268379728765206,-188.92271612375765,1
2020-10-09,2.7247528894932307,3.157465878997754,4.077835078951567,1.8413380389750025,1.8413380389750025,51.12141017309557,4.3478260869565215,-0.056322329025306164,-1.3874293229834849,-1.9035294310060342,-1.2547562514281572,-1.773573637950572,-1.4645186001014303,-1.7007052472211448,-3.8144973677677605,-1.5200403546688697,-0.6782599160920685,-0.09836534364108586,0.05472698393050332,-1.332735696485777,-1.4749732640141509,-0.2896928528003304,-1.2306051059556793,-1.4532433171855896,-1.2860932659106947,-1.4016069859432867,-1.4700380216560378,-1.060600317533754,-0.5502040770186535,-0.25255052660788424,3.8742932249308417,1.7316882589145604,40.90568347502174,5.533199501224277,1.224109632058556,4.584094623511483,0.9961121118757453,1.8880275890969034,0.5457192225050718,0.29289765734167095,0.18872572770162668,-2.993360230808789,-200.1443868837989,-0.3372925267728092,-0.827482815823012,-1.5200403546688697,-1.9865793972001327,-13.7715831079676,37.228541882109944,75.23824466302042,37.54398664867753,22.503595974123673,-6.037047199683018,-99.99999999993639,0.3282591669266464,2.1580102414045363,-14.67426782105727,1
2020-10-10,0.0,0.0,0.0,0.0,0.0,0.0,10.416666666666668,-0.05627714482590346,-1.5900101336994588,-1.456965235821651,-1.276737026379902,-1.733108331936795,-1.4828984422630958,-1.6479627225354214,-2.137677158597642,-1.45055207084524,-0.6357096106886397,-0.10391278218652464,0.05754220362930133,-1.1706391291723919,-1.360958560367152,-0.19368967367479603,-1.0542549588543388,-1.3654388123514718,-1.1167278177576088,-1.3298195728187132,-1.3498781221880987,-1.0299316061033919,-0.5422926631224775,-0.2506706561066535,0.0,0.0,0.0,0.0,0.0,0.0,3.36053919310827e-14,1.823689059212768e-14,-1.5700714641689746e-14,0.0,4.2623105837978315e-14,-3.5571936442360452,187.3691306518421,-0.9725549571297714,-0.4996851687667874,-1.45055207084524,-2.09867539948327,-25.572979493365562,6.256983240223524,30.83554033724566,27.234155668140424,28.80502841428933,22.862685005578655,53715661010090.92,-4.463182987189734,1.8413380389750025,-100.0,0
2020-10-11,1.354240912330732,1.3428120063191222,-0.5772374335921461,0.6177489829742258,0.6177489829742258,-25.357018450083295,3.7735849056603774,-0.041938330623581356,-1.4981099234004174,-1.3634575608765782,0.4280254777070559,-1.595120248746744,-1.1694345850087249,-1.5638223231658093,-1.9771910672943673,-0.9474394044282581,-0.7480374845412425,-0.09680453509885989,0.07566229232020368,-0.9505464610146324,-1.205895096639155,0.07574006323361653,-0.8120978139490458,-1.2439564614069878,-0.8857352442540832,-1.2287247577855878,-1.1868448823357496,-0.9817908473057854,-0.5255214128940611,-0.24419029351265167,1.422777871698039,0.6287232847416413,12.182637653513222,2.027757803421292,0.4404611380238376,1.6830003225537218,0.35630709990063464,0.6868333004760651,0.19176766003084425,0.10142716915202009,0.06492275752706908,-4.364597547826828,65.3906911549898,-1.6243126991337145,-1.234206284269031,-0.9474394044282581,-0.7487828945615809,-42.106969205834645,50.919413510470704,31.344487132301968,46.32930559235845,37.83341143236403,-5.692466501116603,-666.6666666654369,3.441885959021798,0.0,inf,0
2020-10-12,-2.5266224633313237,-5.007794232268127,-1.9883882238092887,-3.479085554557251,-3.479085554557251,-5.114209449989047,-5.454545454545454,-0.0400705163675769,-1.6932176868913213,-1.0561862798700745,0.20193820082192687,-1.4746777794794175,-1.325735300207917,-1.7337918567996349,-1.7523178165024011,-1.2864936263378535,-0.7686674720261873,-0.12917429227216748,0.05750681104658403,-1.2666548248163054,-1.38732432857419,-1.1109954023420214,-1.2039271081895986,-1.383452820616896,-1.2363491532698332,-1.3477207178923984,-1.3802435184920876,-1.0559336898564091,-0.5687132016312811,-0.2685384616909109,-4.480553262250001,-2.370740641909999,-24.797888736416493,-5.87136364810952,-1.7856094681081898,-5.095122053358924,-1.505720516484925,-2.5422749949885945,-0.9079704980775979,-0.5197881144076321,-0.1845877371862669,-2.728906888229258,10.871851016140441,-1.8306408882430552,-1.2198753946348455,-1.2864936263378535,-1.332417406358287,15.285554311310317,-58.82000361076001,-9.263765908789487,5.326595023985723,23.244912226489962,2.997313718160339,-100.00000000003186,-0.8637811418775839,0.6177489829742258,-663.1875811121228,-1
2020-10-13,0.0,0.0,0.0,0.0,0.0,0.0,7.6923076923076925,-0.04004788151002418,-1.6187846251479443,-1.2325855041183638,-0.21672202868018908,-1.0156956267410433,-1.3410289728067337,-1.3680601512754786,-1.3818269081464236,-0.8427197991036783,-0.7672354343783959,-0.11812190406299515,0.06418211835561384,-1.111850826985621,-1.2789470790445983,-0.7489847881216609,-1.0311215043932642,-1.2989451269008854,-1.0729937953634356,-1.2779947947802703,-1.266269355532559,-1.025351558089644,-0.5606399876978895,-0.26658231323959214,-2.0841127374283565e-14,0.0,-4.4372422857554954e-14,0.0,0.0,-2.1448849149431705e-14,0.0,-1.8584969013092945e-14,-4.744275636290988e-14,3.012529260468611e-14,0.0,-3.3376153634477888,13.126285174150661,-2.109554397101532,-1.6259663441488121,-0.8427197991036783,-0.30216702948291774,0.04856726566286533,-41.478446656649055,-20.32455058637066,-6.770176185674484,10.909952693711642,-1.664768890201447,-0.0,17.7952826418202,-3.479085554557251,-100.0,0
2020-10-14,0.0,0.0,0.0,0.0,0.0,0.0,-5.357142857142857,-0.04002526903401196,-1.2758197464399834,-0.8069665036498159,-0.5825636861869882,-0.8508967683279696,-1.682055016897122,-0.9412433661864952,-1.3981829919226585,-1.0825711816547723,-0.5705036550533995,-0.14948717984946258,0.06965226103536656,-0.9744383509173233,-1.1777418578575658,-0.5030912691574295,-0.8815775626204386,-1.218555334488637,-0.9296844236364361,-1.2110202940189596,-1.1603656284180606,-0.9953475042093488,-0.552636507008176,-0.26463522360959046,2.084112737428357e-14,-1.8349168784176952e-14,4.4372422857554973e-14,4.432757793451069e-14,0.0,0.0,0.0,5.5754907039278845e-14,4.744275636290991e-14,0.0,0.0,-3.844832157488995,12.606772624750473,-2.4266935436947215,-1.1182333439872951,-1.0825711816547723,-1.0582859616479006,-10.825242718446534,0.0,-45.922802294128196,-13.017958345741942,-4.806000982261073,-7.423068489358191,214371342262837.53,3.43664845092704,0.0,,0
2020-10-15,-0.2834321051275597,3.6769230769230714,-0.6343048857202745,2.4616021099446694,2.4616021099446694,6.573506339356835,5.660377358490567,-0.04246878257531554,-0.7088441284607664,-0.9309825415889783,-0.10004491812649843,-0.6602173215350022,-1.226918477160328,-0.6057776570219419,-1.0690234346079952,-1.028310062815215,-0.602904886803038,-0.1275302641167547,0.09471621611903112,-0.5456029825140475,-0.8863223135440816,0.4751461708144479,-0.39240249259174176,-0.9879862219820124,-0.47249274164914357,-1.016193726481745,-0.8538881291505681,-0.8931725182070303,-0.5093672750366331,-0.2446702338406894,7.011506499412495,2.8918706180357843,71.61231624231836,10.279986801836406,1.965503943662981,8.407557860256812,1.5620787707772343,3.183147875265551,0.8012487118336584,0.4080846716094277,0.2559681505166693,-5.772786586102095,21.804597885056744,-3.029337039145643,-0.30367372549474203,-1.028310062815215,-1.52147394790386,-25.585193249863963,203.44827586206856,35.745270058306474,2.6866019135926895,-6.0979730219006125,-37.09108074012671,-288.02521008389755,1.8032021693854212,0.0,inf,1
2020-10-16,2.6459948320413544,-1.6471286541029826,-1.2767079926140816,-4.517236158078029,-4.517236158078029,-20.89564882891365,-7.142857142857142,-0.03375387104371294,-0.8814427489062205,-1.1826458938945426,-1.1404279670543294,-0.9465588641293607,-1.3252146486771286,-0.9544380019558223,-1.2358233221666048,-1.3824145166505977,-0.5457619064899016,-0.22056726912075936,0.059169848260777945,-1.0562709431528339,-1.1868877694325206,-1.2047205631565603,-1.0132425289409832,-1.2168043314614467,-1.0338545042320628,-1.2084436902658209,-1.1742329097250548,-1.0039126206349396,-0.568618046819949,-0.2768082627668883,-6.809302319798596,-3.4747117968421977,-33.80999020247868,-8.992122477997842,-2.5631322097157363,-7.777581522187593,-2.1332022425731094,-3.7441644875212448,-1.2382350497737515,-0.687260834090682,-0.24090979647054056,-2.945559146666935,-3.4986695559493053,-3.014675219442557,-0.16291947418450542,-1.3824145166505977,-2.222626384560191,-49.08558888076089,-75.01108156028364,-4.801199844554566,-31.13288885581384,-13.929974785546207,12.361414194703972,-90.72625698326277,-10.409682450702247,2.4616021099446694,-283.507973925956,-1
2020-10-17,-4.75782902023966,-4.023335345001,0.6038582803398628,-0.43873559572893406,-0.43873559572893406,-13.028797583138891,7.6923076923076925,-0.029423872653537374,-0.9194263812928116,-1.3420786855762878,-0.5189059560480426,-0.9933031459541194,-0.9638862301713393,-0.9092145925249364,-1.2613900250643522,-1.3663713255884233,-0.6075497261379293,-0.22510177681661198,0.05447711612302368,-0.9796463802751905,-1.1270433763234655,-0.9556192442824262,-0.9298328531792065,-1.1680438649050677,-0.9541663210731999,-1.1675929340373252,-1.1120923227761776,-0.9872554760418347,-0.5667741675214898,-0.27797447995854707,-0.6720358342651132,-0.3364446353781565,-3.6261080892859066,-0.8953103044777427,-0.24623273419576047,-0.7707684697068317,-0.2040049196350148,-0.3632610057331232,-0.11699032352154509,-0.0643307405626396,-0.02244802193570581,-3.231335582715953,-1.7939644067024547,-3.05261958520717,0.23302186355570895,-1.3663713255884233,-2.4915397081538164,-56.46551724137956,-40.48780487804859,-11.449091407759894,-16.763231952270914,-15.046313680015416,1.7956285337292734,210.84337349454248,-3.714395140879507,-4.517236158078029,-90.28752138751132,0
2020-10-18,-0.4757625416292214,0.015719974848037783,-1.6891532986295488,-1.3697902840456664,-1.3697902840456664,35.16002849645602,-1.7857142857142856,-0.03982855255866596,-0.9406353000833355,-1.366518800797882,-0.7896924355777561,-0.4436629359619475,-1.1561584984283957,-1.021120682891586,-1.6017707504172134,-1.4027705993259258,-0.7305377525314294,-0.22407970947201428,0.04368100887133624,-1.028320369789856,-1.1465957781301919,-1.0910122005218321,-0.9940246191711845,-1.1807803248684647,-1.0101092173244741,-1.1784033034989259,-1.134012923832419,-0.9985921673273045,-0.5781888845173078,-0.28582517242323763,-2.1891932927829947,-1.083742941852099,-11.914311693279535,-2.9266927318308813,-0.7885686954925941,-2.515282531680392,-0.6510077512842666,-1.171738898704613,-0.3695589972065465,-0.20156043598101853,-0.07007793600088322,-2.836858481854913,-4.250471264776027,-3.0149023670462793,0.6029970785596775,-1.4027705993259258,-2.8532495518118495,221.4521452145236,-50.22686068931171,-66.2074674784138,-12.418050561776466,-22.014961031549145,0.703349023427027,-248.06201550408886,-8.886507710326272,-0.43873559572893406,212.21316377802458,-1
2020-10-19,-1.322568651404893,0.13621836852306934,-0.902312513507675,2.056306185067559,2.056306185067559,-25.309918649738993,0.0,-0.029709718033596563,-0.8120865981944373,-1.2535698530265633,-0.395894428152495,-0.07692340749209887,-0.7357676309407213,-0.2595981974769757,-1.2146522880054818,-1.2543929594518972,-0.7484035546028878,-0.23196445184892547,0.04077163966562279,-0.644812987809188,-0.8891958746463688,-0.06505033039227293,-0.550656810973848,-0.9768105849984826,-0.5988700540531827,-1.0057962854214135,-0.8632815104893274,-0.9083975310326946,-0.5410382219717654,-0.2691671710261211,6.8046145099391415,2.707240367394412,57.95703816731498,10.00189524267343,1.7978770692867512,8.179905338301555,1.4079707433701567,2.995690364114587,0.6918744037563749,0.3400419746626193,0.20888775774010748,-4.827452619523891,7.196487341446358,-3.3323361146461243,1.602963882275455,-1.2543929594518972,-3.3942163200136855,-2.2587268993837397,715.9219430796378,74.91275614649268,15.226046907722052,-6.2465632494524925,-20.091122502413715,-313.6125654448448,16.82037152409849,-1.3697902840456664,-250.11832168894261,1
2020-10-20,2.2176768220475784,-0.5493643070161538,-1.5266343165585248,-4.30402447386466,-4.30402447386466,4.185518721643728,1.8181818181818181,-0.0310713031622472,-0.5422601669173294,-1.3903421422038467,-1.7560093373431114,-0.6055393084465666,-1.074368838004062,-0.39537785407175374,-1.290734052747037,-1.2095156205216573,-2.3328632550134913,-0.22692797637003764,0.027210995865071082,-1.1121260771971584,-1.1717830769261546,-1.4762022038201588,-1.1105126997870063,-1.1928808932527475,-1.1090440473044403,-1.1872366647968413,-1.1638628821039392,-1.0116515374614066,-0.5954882025134385,-0.29853353824812173,-7.133665398208057,-3.5676825906470824,-30.931035345061414,-9.400952302808466,-2.5886092967130647,-8.147765069624578,-2.1304953923810297,-3.8579207217025533,-1.194859853441186,-0.644176298188817,-0.22313161636855752,-1.9705889083652801,-10.143517205098552,-3.097540487868349,0.2504630821689006,-1.2095156205216573,-2.3594239329217883,85.71428571428567,-86.34563390833083,-8.013961606854947,-44.18517084077833,-15.138077335833703,-23.791956835549207,-173.89705882357626,-9.216150666279328,2.056306185067559,-309.3085409711613,-1
2020-10-21,-4.476040021063718,-0.18939393939394628,0.05536791982724983,3.323595877197833,3.323595877197833,26.174068788825767,8.928571428571429,-0.039103570682417994,-0.14529227097008715,-1.0134055672925162,-0.18409110369039122,-0.5040845996746013,-1.0102969375200381,-0.32114831466949545,-0.8652068294411737,-0.7755145289140358,-2.196398982490116,-0.20634400339607195,0.023127151398644123,-0.5639306798770939,-0.8115674064762175,0.07578625259828324,-0.4704757972655386,-0.9088146752082157,-0.5184194142619624,-0.9469162967786562,-0.7842960872193003,-0.8842101694904936,-0.5408951654186056,-0.2732301816353023,10.971686183710364,4.469766827156446,63.65585569988521,15.68943087179747,2.964350772685332,13.038778693847048,2.314893604750105,4.943443491863428,1.1229768136778966,0.5445603673767427,0.3318223181075526,-5.083855794270287,7.741256995579744,-3.4440086189541614,0.1154015264004945,-0.7755145289140358,-1.4959739630578073,-27.149321266968567,1347.5969118056478,147.25078147909548,81.43588242972402,5.969558611967369,-74.01428265969014,57.04809286896694,7.969995025827011,-4.30402447386466,-177.22065470072727,1
2020-10-22,3.1753031973539145,5.750579801813208,3.453046317303965,5.05174437213272,5.05174437213272,17.767888427946655,19.672131147540984,-0.04558990023910914,0.05270796447039975,-0.5123720876452759,0.9200085781685892,-0.09480445493963228,-0.9483873496101157,-0.08724955774877782,-0.8434920444083215,-0.4329939894434067,-2.2197444729017444,-0.15712416470576357,0.048332557486571316,0.15722429336733496,-0.32215185318887524,1.736951116699411,0.35700894254617616,-0.5179096156115485,0.2524377321369343,-0.6135515413075447,-0.2702226895661671,-0.7023055328639626,-0.4599623834141603,-0.23468949305662473,14.447270250401923,6.560030439454511,40.923917822110084,19.17491594772692,4.4621268784841375,16.610073974164425,3.521426112900027,7.197067411826693,1.7381779714973238,0.8485447373609225,0.5197733428978213,-9.256275690020834,24.496642575507515,-4.440610095015484,0.5365715290045354,-0.4329939894434067,-1.2298811348831953,-127.63975155279526,25.193346799185722,47.3660475996409,63.99685458184632,25.70242114982124,-132.79472427270082,-158.50052798306825,1.5525332994341965,3.323595877197833,51.996348496855546,1
2020-10-23,5.257533661038677,-1.8093007027862342,1.3051618079700331,-2.813182349058053,-2.813182349058053,-30.421202981088392,1.36986301369863,-0.03178184549007934,-0.2864022021806857,-0.5464877809012564,0.5971227607896545,-0.3895894728136141,-1.0183222646130665,-0.30924531325107013,-0.6183770951592367,-0.5766014223516075,-1.2671242414001327,-0.16614425247310138,0.012118242109785094,-0.24287107935384683,-0.5412902284260852,0.1684504571241026,-0.14025538292053752,-0.6768656283727241,-0.1921245326577757,-0.7427600986949694,-0.5061752672184477,-0.7707408361009471,-0.4959021814862597,-0.2543408061448098,-4.918651557564882,-2.529670558684101,-16.846020314879322,-6.317720573381116,-1.8360541819420557,-5.555626045311197,-1.5075706316644855,-2.732547283261494,-0.8341414948976735,-0.4430911999289426,-0.15288427143833475,-6.6041078547255925,3.140038618023998,-4.79288008371428,0.5809853057891101,-0.5766014223516075,-1.5450391340278387,-155.61797752808963,-33.94607843137267,32.652595799367326,26.478427581992353,47.7275686004455,-625.5833940907992,-22.74368231047841,2.2531081923216734,5.05174437213272,-155.68734563404658,-1
2020-10-24,-2.847715736040604,-1.2588832487309556,-1.3992291039653515,-2.2362714875385223,-2.2362714875385223,10.479360247656967,-1.3513513513513513,-0.0352127847782087,-0.44646345138571497,-0.6539352978984438,-0.26193493874101237,-0.2735607470917894,-1.07486152616254,-0.5316071170259095,-0.8525892321078126,-0.6325976571027931,-1.4160321521249097,-0.17398369357548224,0.012833137083874952,-0.5044517110615285,-0.6869933425902294,-0.6358194931307614,-0.46022840298654266,-0.7825373467693013,-0.48077278252931294,-0.8286604994040759,-0.6629827372846656,-0.8172758474930999,-0.5218631516849016,-0.26905808301059225,-3.912117656046861,-2.0063164754845,-13.50793161800744,-5.022031146627437,-1.4516412786955093,-4.418020370810853,-1.1892044018677959,-2.1685501920254127,-0.6530231208688013,-0.34454786780932734,-0.1185625845051912,-4.589062890075444,-5.43956275687304,-4.760325034182329,0.39982635231102964,-0.6325976571027931,-1.5149753726022286,216.16161616161486,-39.7031539888681,-16.284291225851533,-0.1996048267460923,22.69890742329729,44.81625331177827,-143.69158878511746,-7.176485408012792,-2.813182349058053,-20.50741082293042,-1
2020-10-25,-2.2362714875385223,-0.8019740900678588,-0.3534325800578349,0.9994121105232012,0.9994121105232012,-21.28514507201456,4.10958904109589,-0.02770993734947944,-0.424547516808134,-0.557763847296266,0.7995171128431152,-0.1923683657014437,-0.9924517483351585,-0.1773414934658261,-0.8608923034576862,-0.5898408825384555,-2.2428276145249977,-0.16710764517477641,0.00263997170935692,-0.3105446340624871,-0.5442888789708524,-0.0977180593981585,-0.24137879615926647,-0.6635544248773378,-0.2754469732981693,-0.7250099353589173,-0.514697705147257,-0.7604158311979847,-0.49956147988874805,-0.2598245671104858,2.9323409913326888,1.3690598637837423,9.165195633696053,3.813469131186624,0.9315800753446832,3.339608064345956,0.7332175861386286,1.500234272698226,0.35630919438481506,0.17083860376187293,0.10346375641344999,-5.8652870921678275,-1.2229063721492885,-4.937134358860336,1.0699621401472748,-0.5898408825384555,-2.0359989036605657,46.1661341853043,27.869477911645973,-23.834773618282842,15.590174882510258,13.015097156256902,-6.291073875013168,-226.7379679141832,2.6928507230740593,-2.2362714875385223,-144.6910008955703,0
2020-10-26,0.9994121105232012,-1.627280265339976,-0.4138005159071404,-1.2541009630648623,-1.2541009630648623,8.070414852960415,-1.3157894736842104,-0.03000053481586477,-0.25371280161236226,-0.6207766731890746,-0.08929790832781825,-0.2967919251522279,-0.8424591645370478,-0.27356680938547884,-0.9985333938702774,-0.24778862304410215,-2.4783556204194555,-0.18433569405407835,0.0019441138882087274,-0.43380475875020913,-0.6052858215920228,-0.4824249604724426,-0.3951087814654089,-0.7036460449250296,-0.4129377274489689,-0.755530152460519,-0.5816560042728349,-0.7761415534300732,-0.5107895583396074,-0.2671535326940904,-2.3838722436733395,-1.193781908149859,-9.139334394742527,-3.089418589542258,-0.8538264834624854,-2.7043298741057082,-0.6945278204710369,-1.293890338985985,-0.3737191372331787,-0.19395185367851114,-0.06623241343608219,-4.7323293492054,-5.561980700651435,-4.904682672050171,-0.3352711707900211,-0.24778862304410215,-0.16914994384046564,-71.91256830601097,-79.56058735686227,-35.485099483454555,-20.632498031596672,-2.678667762264812,-35.826534385311035,-100.0,-6.6385972296139,0.9994121105232012,-225.48386695137316,-1
2020-10-27,-1.2541009630648623,-1.306500895585282,-1.489396146996916,-1.5326081131772227,-1.5326081131772227,8.91341494788899,-18.666666666666668,-100.0,-100.0,-100.0,-100.0,-100.0,-100.0,-100.0,-100.0,-100.0,-100.0,-100.0,-100.0,-100.0,-100.0,-100.0,-100.0,-100.0,-100.0,-100.0,-100.0,-100.0,-100.0,-100.0,-100.0,-100.0,-100.0,-100.0,-100.0,-100.0,-100.0,-100.0,-100.0,-100.0,-100.0,-100.0,-100.0,-100.0,-100.0,-100.0,-100.0,-100.0,-100.0,-100.0,-100.0,-100.0,-100.0,,-100.0,-100.0,22.207713598409033,-1
